1	1.0	7812	2844	10293	3413	8540	1832	7300	12376	4142	9981	7800	3766	4335	712	5462	8337	8027	3640	3038	10193	4136	3843	6311	1187	64	10806	2398	1082	2775	11131	10234	6263	173	3479	11287	9726	11740	5004	243	3154	7901	5485	106	7628	4051	2793	6505	848	12287	11458	11455	335	207	2598	10258	4431	3002	1902	2805	2569	9040	182	6047	8067	168	5656	8472	220	12101	11060	2695	9805	8079	7280	4558	9013	9050	12192	9056	12113	4338	11074	7476	894	9355	617	5735	2979	1888	8791	4797	1055	5836	5833	7068	7586	1971	4663	11960	1684
2	1.0	1306	2716	4479	7111	4574	9164	12402	3123	9836	3256	3857	403	10587	7750	8902	10886	5464	914	4876	4408	2077	6655	50	12304	373	2064	6390	8233	4323	10046	1921	7241	5314	7880	5681	1232	3588	3951	2284	9523	8454	7863	3311	7028	8693	8357	3508	6056	12008	6429	438	11389	6671	7544	430	1227	591	3614	3615	1340	10303	9317	4636	744	3161	6433	5705	655	11915	3890	2117	902	7647	3283	5216	7168	3886	6298	286	6696	2864	9107	1846	3063	6746	3065	1895	5645	9592	4691	1969	11178	11077	10489	9959	7747	2641	9555	476	8727
3	1.0	6962	8253	9360	11782	8017	3655	7380	5075	27	4673	10816	2400	10586	9685	7753	8432	991	2462	3934	5068	11830	12068	10689	10448	6845	7253	7608	11778	11474	11904	6253	3827	1129	4320	10730	1481	8329	6457	7130	3386	9383	5566	6516	9782	1522	2440	1138	3816	3663	6589	7059	9001	9483	6177	7902	781	1431	3503	5573	11452	3612	332	4101	10799	11979	7925	10155	1590	12023	10848	10849	7701	3889	9437	5813	2028	3906	3900	9752	9751	9596	5353	6417	6186	1691	8841	9427	11716	772	10078	4507	7663	5042	9294	946	4015	7501	1687	7185
4	1.0	8626	2843	8985	134	10102	67	8267	4901	1549	1370	6240	7196	11181	981	1155	2707	10285	1151	4563	8537	7250	2394	2395	921	1662	3777	10029	3947	5604	6905	11133	7873	10605	5685	2178	2261	2075	9082	1135	11122	5899	9485	6770	8892	3015	11597	4954	11946	452	8743	1229	8465	9637	5548	1589	2057	7091	4949	656	737	3082	2908	8378	11238	8265	2478	3379	1189	5226	6755	8838	2100	2734	2736	5118	553	3531	12092	11407	5808	2721	8552	8249	11555	11990	10469	12419	2088	11169	12361	9800	8769	4851
5	1.0	9121	11101	4626	8420	11803	1735	1260	1169	3440	5663	7791	2193	7978	3146	11291	10512	9166	10692	231	10344	7861	8912	1982	11745	1637	7632	5854	1838	7617	1960	9834	9312	732	7416	12310	11704	4493	283	1291	9686	7293	4143	9180	10912	5280	6990	6649	6773	1332	1486	10508	12046	9741	7106	9550	4354	5482	2974	11237	9845	11693	5428	5298	1800	2314	1048	7376	3308	5400	2396	8815	11611	8699	9949	2510	12126
6	1.0	604	10143	8251	2471	9537	554	889	3944	9531	7382	8138	9037	9490	7974	10346	7137	12070	4008	1777	8093	3212	1680	9865	5721	4747	978	9894	5785	6325	9407	5904	6968	2111	812	10930	8733	11864	11182	2872	6594	11459	3466	8205	3741	10428	5109	8573	7618	2950	5738	96	4732	11756	7442	8080	8188	10190	6466	2897	1974	4718	4070	8183	6562	10949	3840	1470	2270	1476	12300	4859	10192	1514	11857	5427	359
7	1.0	6545	1474	2865	598	8475	145	4104	4455	10431	9167	9495	10792	9613	1775	7245	3297	4040	3551	4696	7203	1580	9817	3218	5644	8927	11910	11441	181	8345	2030	1293	1394	3750	10669	937	10151	3584	9881	1008	7558	759	4252	10174	4333	5027	3954	5891	9767	164	6619	9174	11392	7879	11799	10964	6940	4409	4734	4405	5574	9424	10922	8813	7419	5931	7525	7405	7401	10757
8	1.0	10322	3902	3761	6598	8179	2719	6169	9499	9184	4762	10342	8015	2945	11155	10923	12372	8708	4539	791	5273	4809	3458	4175	7980	1373	3972	186	9566	8494	282	10134	3879	9724	2441	10075	9405	2939	464	4882	1069	4331	261	1951	6156	9647	2833	7004	6547	6469	3249	6587	2990	944	1714	2496	11735	1455	6073	9698	8834	10779	1661
9	1.0	1167	8250	2732	5297	1315	663	6858	4395	12051	12053	3060	9734	10024	11789	254	5493	3452	2341	1543	11368	2131	4145	6470	1195	11621	10916	5845	12159	1560	250	6908	5067	1338	8510	9448	1101	4928	2296	5324	7565	5124	2327	167	4598	4839	7378	6406	11374	1603	2315	8945	5240	12108	11111	3605	8706	2141	1842	1763	8768	2399
10	1.0	8255	3825	558	157	9738	2710	11344	8445	8440	9225	10435	5074	8784	6267	3348	5796	9634	7630	1718	7070	3127	1039	9406	739	11423	1791	6976	2911	8399	10154	4194	1984	1152	3319	4502	6842	8640	9356	10442	10556	4210	6279	6502	2575	5712	6772	1565	9887	3117	7469	1682	2552	1872	1668	3067	8850	6339	6873
11	1.0	4083	11829	10327	10537	1204	577	2450	11823	6476	11524	3274	5880	3147	3296	7836	2345	9386	1634	5038	5629	2562	10189	7611	5192	10811	1015	11629	12157	12357	1672	9119	10179	8042	6992	8991	120	6176	9198	3701	223	8261	9311	9869	10003	2333	4422	5611	3373	11356	1606	12142	2006	11639	8835	11816	2536	2252	9926
12	1.0	883	9261	1941	6851	10536	5241	700	3865	4531	7652	7918	7116	2198	3670	5268	10899	5942	5411	5351	9287	4120	3022	9689	11365	6684	10933	1175	1174	11186	10058	3101	2761	11066	1137	10316	8061	6444	8955	5733	8694	9703	2546	4174	11672	5619	5412	1063	6396	5631	8182	1875	532	12220	3448	2678	7857
13	1.0	579	195	4269	336	3755	6949	3006	10369	4432	2098	1814	8864	11151	5257	1541	7157	1428	5311	1581	525	4868	9563	11445	11938	2389	189	1752	1110	11917	11184	5387	10311	8393	6730	3708	6616	4436	11082	3313	5558	97	5583	4634	10371	2577	10034	1973	3033	7728	5856	8766	11659	3986	10928	4113
14	1.0	10414	3776	2869	706	10674	8680	9671	3064	5071	9635	11566	2823	5415	6342	4724	7263	7495	6369	11440	340	8603	9695	10362	361	3303	144	2447	5166	2762	2634	5995	1957	8453	229	9318	8126	6952	10223	2047	5265	12218	6118	1020	3542	6136	3372	3506	7600	1107	7407	1035	3301	4764
15	1.0	7936	1794	12052	7012	9223	11406	9620	2521	5943	4416	12010	7198	10911	367	12131	3842	8376	1176	750	1092	9662	2702	6674	382	6937	10022	2506	149	7122	4587	105	2553	6543	10847	896	7212	1029	925	2147	2129	1471	9577	3237	9799	4970	11738	307	11840
16	1.0	9123	603	749	2909	3762	8381	5095	5605	11136	4103	3298	11781	5054	8468	1488	8402	5820	8326	1542	3638	23	9129	5547	4514	3697	6309	12214	1671	8040	1645	5162	4313	1424	9444	9029	12253	4230	5407	1644	960	11265	10597	12204	433	1383
17	1.0	11096	1162	8388	2529	2656	9032	494	5000	3739	8400	10458	9326	5875	2885	5626	4002	8887	5726	10878	5901	7	6305	8904	11934	12098	1566	10834	2429	9131	6975	7804	4339	8773	10338	563	7960	1068	5089	929	11989	2143	12324	1384
18	1.0	10532	6856	5395	6852	748	761	9614	4570	6142	12259	3043	10797	12112	3349	7765	11038	429	1569	2156	11769	6183	1292	4259	9600	7291	3130	9986	9316	4235	12065	3205	6422	3321	2895	11537	9964	11594	3195	7899	3399	2167	1764
19	1.0	1304	4307	4363	2479	9030	3145	5336	6458	4615	8274	8404	11033	3794	1967	6413	9561	10667	12311	280	5789	5288	8044	4250	11977	8539	5206	9023	11147	4428	3449	6276	2576	6461	2279	7141	1439	11965	6370	5811	8118	2691
20	1.0	3922	4261	9478	6985	2739	4834	6928	113	6843	5070	3045	7387	10345	11453	2883	1831	2228	5564	7591	11622	12211	8908	7988	1010	402	10262	10156	1352	7669	3129	6717	7782	3012	3017	4014	2751	920	2164	9952	10829
21	1.0	2846	5882	7953	5499	5506	119	6909	6002	12379	7308	8199	10897	6762	4384	12316	11967	8496	281	548	1651	11468	5386	6804	677	305	3979	387	11083	7844	8123	5653	7906	11282	4719	867	2085	6358	2419	11326	4950
22	1.0	10530	8426	4899	8749	4530	10671	9651	3001	4227	1903	5256	8884	3023	1694	3183	9545	1656	3916	2625	2763	9583	9004	3133	2952	5597	3152	705	5365	6464	1845	3964	8564	10901	11733	9095	11599	2066	6694
23	1.0	4305	10675	8566	11202	5212	7341	1896	8541	7673	7454	4729	10851	11483	6578	11839	12097	4	6026	9426	1627	9606	8229	4094	3179	11211	73	1953	2055	9982	6613	5618	3463	7069	5260	8187	2109	5919	5851
24	1.0	4760	10579	11229	278	256	9912	6345	4824	699	5561	11669	7949	9781	1506	11700	5163	9608	3483	2276	4233	6094	8797	6272	8181	8762	825	1572	8856	8586
25	1.0	8158	3599	275	7039	4222	4674	5724	6061	8907	11818	9104	6247	2461	3621	9374	1333	8574	7966	4350	4152	4731	2217	3787	4131	5710	11779	518	2409	1003
26	1.0	8609	154	8154	4619	8529	8548	7855	8277	6926	7003	4728	6764	2480	5545	3753	10402	4317	10703	2469	12042	8575	129	3159	6173	11049	12006	8001	6412	10599
27	1.0	11126	337	4785	9774	5496	9306	9996	4909	8817	5989	11400	3559	7515	10607	811	4847	204	7967	8334	3316	3422	11511	1723	5085	8344	8486	9557	12021
28	1.0	10168	6913	4789	10434	2880	3820	6477	2666	12216	911	2361	10526	3959	4090	8770	7946	7864	241	6670	7789	1026	2556	9808	7067	4159	6378	7026
29	1.0	768	9108	5036	8349	7322	11301	9994	7302	6715	12019	1618	11461	327	5800	12276	7290	2816	4199	8330	6617	9861	4629	2970	7903	4716	2884	3036
30	1.0	605	597	5296	5155	4243	8444	6532	11564	8822	4802	1502	11870	6323	2031	12171	5962	4272	11121	8129	6918	1550	5184	7086	6310	2698
31	1.0	1307	9124	6967	660	6708	3679	9288	2783	12119	2018	8803	3365	8715	635	5389	72	7965	6171	9393	3502	7524	7745	9692	12088	1369
32	1.0	9262	372	3809	10047	5768	8365	3652	7011	11744	4742	1658	8827	637	9825	3649	1911	8318	7271	4831	1826	10828	437	11457	11632
33	1.0	11091	8369	1200	1088	7975	8324	10126	8569	2524	5310	4948	12035	8658	1567	3836	1774	10159	6639	9453	8998	2312	12003	11862	4953
34	1.0	5176	10538	6601	9053	6538	6668	8659	2742	4848	738	7537	3580	2321	12284	7620	8003	906	6278	5081	7427	6314	805
35	1.0	6519	8231	12145	4390	11749	8635	2890	2632	5692	8767	4631	1865	6869	1669	523	5973	11616	11479	5977	3083	4843
36	1.0	3547	4668	4669	3883	7451	11261	4753	9520	1695	8428	7220	9008	7235	8545	10906	6925	7029	484	4840	10014
37	1.0	4715	7169	2195	7934	4904	10082	12235	7188	8565	3763	2138	6673	4521	10116	9042	2530	4780	6036	4694
38	1.0	7118	7244	5396	206	7614	7827	11827	2272	3630	4058	1681	8616	11577	6650	12064	11662	11618	8364
39	1.0	5587	5822	7935	9544	1740	864	6100	1490	3178	7204	6530	5732	6419	12149	11224	4552	1415	5682
40	1.0	8922	4067	7527	1719	466	11942	9618	7759	12172	1114	1926	11325	7342	12120	7665	3291	10741	110
41	1.0	6820	6819	3868	11752	2848	6731	572	4640	2325	6983	5305	53	61	11871	9699	8831	8543
42	1.0	10787	593	8862	2960	10059	11004	465	11933	11267	845	11876	2804	11056	7276	7498	4206	11571
43	1.0	11308	10088	7810	114	6037	4890	6801	4655	11929	2382	3180	4111	7014	2158	4489	6053	682
44	1.0	1849	592	8899	3748	7156	1218	6984	1052	9283	7217	400	7436	11277	2079	6463	2377	8289
45	1.0	854	10185	2723	1231	4043	9455	8159	1267	5461	8373	9880	82	4855	483	7794	9556
46	1.0	11751	1341	10313	11104	710	7643	6611	2180	11940	10239	12185	8678	5513	913	3156
47	1.0	7096	4932	12114	2214	1077	940	11614	7507	5205	8891	8840	8679	7846	1539	11554
48	1.0	3603	4364	997	205	9275	10169	7390	11883	12348	755	3977	4787	10803	2163	5437
49	1.0	5584	1540	2490	6947	11505	5405	6101	3332	5787	4327	11878	9646	10493	10015	1574
50	1.0	2873	8363	11258	12399	9807	980	2304	2237	6722	11900	9185	7054	10785	10682	7508
51	1.0	6509	875	11956	3495	4254	575	3721	5847	7223	1720	264	11059	8618	516
52	1.0	3541	8046	6133	11695	10291	4368	10704	5937	12237	8317	8674	10924	1113
53	1.0	784	11191	2718	1732	5234	11253	10865	9017	828	5759	912	8929	5848
54	1.0	4167	7710	11233	11587	9285	11110	453	4533	10386	7354	11697	497	8939
55	1.0	3557	4157	8861	5443	3030	588	1353	2026	8571	4635	6483	8582	1458
56	1.0	2913	595	7813	5343	7066	6980	7350	5475	918	8474	813	11312
57	1.0	8057	213	4397	1781	3867	3945	9813	10769	11768	1442	3056	7709
58	1.0	7287	5885	10065	674	4244	35	11872	3134	5661	6044	7786	1411
59	1.0	5002	1320	787	2473	5342	985	10384	11349	7131	708	3110	8579
60	1.0	2860	9206	7923	1133	5519	5870	4898	6894	9631	139	5479
61	1.0	11172	3465	7391	5148	2489	4752	12313	8554	4794	11303	11435
62	1.0	4908	9904	8094	8874	9370	9470	3478	1194	7205	3103	1766
63	1.0	4189	6797	627	1935	947	12295	11089	2385	11272	11081	10681
64	1.0	1948	11544	9966	4140	7504	4632	3973	10566	7681	6252	5976
65	1.0	3830	5385	599	1943	11686	218	4326	3535	8019	6083
66	1.0	11036	3904	831	12293	2982	2987	7956	4992	2005	9866
67	1.0	10318	10841	4727	4912	10300	4592	11710	11449	6920	7667
68	1.0	10320	4112	5879	2204	6914	4651	8452	10664	3351	5758
69	1.0	1546	7333	5341	8997	4039	4492	7676	11561	2686	8665
70	1.0	2474	1310	3200	2424	1367	4596	9593	8280	3991	12203
71	1.0	1302	4738	1273	3492	9015	1493	5876	4238	2245	6231
72	1.0	2201	11199	2153	576	9586	2386	6633	6315	3098
73	1.0	8500	7574	664	1106	8551	3416	10499	6935	8857
74	1.0	8366	7234	7520	642	3844	10795	9594	2171	7013
75	1.0	2778	10166	11162	10722	11333	12205	8794	9889
76	1.0	8161	4163	1997	7139	3091	10108	5379	3733
77	1.0	8087	8877	6987	3221	1947	10467	7820	11086
78	1.0	10416	9021	2878	6438	10582	2680	6874	3188
79	1.0	692	7273	4884	12294	7470	5921	7001	10027
80	1.0	3390	9075	10326	9128	7206	2798	9984	7885
81	1.0	6855	11269	10451	10584	915	4976	8546	10684
82	1.0	1707	1724	6654	2644	8630	4024	3076	680
83	1.0	8107	9903	11499	12384	8588	2168	8338	6487
84	1.0	9153	5717	9533	6719	6086	8489	12337	4866
85	1.0	8480	773	7928	7852	2036	6721	5961	8938
86	1.0	8778	1301	4192	2538	10578	9764	10028	10117
87	1.0	11108	2786	6418	4000	11687	4185	7150	7719
88	1.0	2438	3950	3185	9466	9025	11430	728
89	1.0	1027	4074	1819	5740	6884	6714	2166
90	1.0	1094	4298	11970	12383	5097	8013	5859
91	1.0	5402	6966	1786	4241	7104	11849	1811
92	1.0	4262	6998	4419	4318	1536	11223	9171
93	1.0	1147	11797	4746	7060	11345	7941	7821
94	1.0	9071	968	2358	12139	5895	9680	2149
95	1.0	4547	9251	8336	6710	10343	4842
96	1.0	6113	8248	2177	7832	7509	2012
97	1.0	9330	49	6285	3852	9432	3858
98	1.0	5380	1233	5704	1839	7398	5562
99	1.0	1830	4042	6829	4879	5031	6901
100	1.0	7080	2054	8621	2930	374	3199
101	1.0	3690	47	3092	5927	6895	9044
102	1.0	8718	11714	4073	9382	12229
103	1.0	2118	8172	12231	6353	1093
