1	1.0	7812	2844	10293	3413	8540	1832	7300	12376	4142	9981	7800	3766	4335	712	5462	8337	8027	3640	3038	10193	4136	3843	6311	1187	64	10806	2398	1082	2775	11131	10234	6263	173	3479	11287	9726	11740	5004	243	3154	7901	5485	106	7628	4051	2793	6505	848	12287	11458	11455	335	207	2598	10258	4431	3002	1902	2805	2569	9040	182	6047	8067	168	5656	8472	220	12101	11060	2695	9805	8079	7280	4558	9013	9050	12192	9056	12113	4338	11074	7476	894	9355	617	5735	2979	1888	8791	4797	1055	5836	5833	7068	7586	1971	4663	11960	1684
2	1.0	1306	2716	4479	7111	4574	9164	12402	3123	9836	3256	3857	403	10587	7750	8902	10886	5464	914	4876	4408	2077	6655	50	12304	373	2064	6390	8233	4323	10046	1921	7241	5314	7880	5681	1232	3588	3951	2284	9523	8454	7863	3311	7028	8693	8357	3508	6056	12008	6429	438	11389	6671	7544	430	1227	591	3614	3615	1340	10303	9317	4636	744	3161	6433	5705	655	11915	3890	2117	902	7647	3283	5216	7168	3886	6298	286	6696	2864	9107	1846	3063	6746	3065	1895	5645	9592	4691	1969	11178	11077	10489	9959	7747	2641	9555	476	8727
3	1.0	6962	8253	9360	11782	8017	3655	7380	5075	27	4673	10816	2400	10586	9685	7753	8432	991	2462	3934	5068	11830	12068	10689	10448	6845	7253	7608	11778	11474	11904	6253	3827	1129	4320	10730	1481	8329	6457	7130	3386	9383	5566	6516	9782	1522	2440	1138	3816	3663	6589	7059	9001	9483	6177	7902	781	1431	3503	5573	11452	3612	332	4101	10799	11979	7925	10155	1590	12023	10848	10849	7701	3889	9437	5813	2028	3906	3900	9752	9751	9596	5353	6417	6186	1691	8841	9427	11716	772	10078	4507	7663	5042	9294	946	4015	7501	1687	7185
4	1.0	8626	2843	8985	134	10102	67	8267	4901	1549	1370	6240	7196	11181	981	1155	2707	10285	1151	4563	8537	7250	2394	2395	921	1662	3777	10029	3947	5604	6905	11133	7873	10605	5685	2178	2261	2075	9082	1135	11122	5899	9485	6770	8892	3015	11597	4954	11946	452	8743	1229	8465	9637	5548	1589	2057	7091	4949	656	737	3082	2908	8378	11238	8265	2478	3379	1189	5226	6755	8838	2100	2734	2736	5118	553	3531	12092	11407	5808	2721	8552	8249	11555	11990	10469	12419	2088	11169	12361	9800	8769	4851
5	1.0	9121	11101	4626	8420	11803	1735	1260	1169	3440	5663	7791	2193	7978	3146	11291	10512	9166	10692	231	10344	7861	8912	1982	11745	1637	7632	5854	1838	7617	1960	9834	9312	732	7416	12310	11704	4493	283	1291	9686	7293	4143	9180	10912	5280	6990	6649	6773	1332	1486	10508	12046	9741	7106	9550	4354	5482	2974	11237	9845	11693	5428	5298	1800	2314	1048	7376	3308	5400	2396	8815	11611	8699	9949	2510	12126
6	1.0	604	10143	8251	2471	9537	554	889	3944	9531	7382	8138	9037	9490	7974	10346	7137	12070	4008	1777	8093	3212	1680	9865	5721	4747	978	9894	5785	6325	9407	5904	6968	2111	812	10930	8733	11864	11182	2872	6594	11459	3466	8205	3741	10428	5109	8573	7618	2950	5738	96	4732	11756	7442	8080	8188	10190	6466	2897	1974	4718	4070	8183	6562	10949	3840	1470	2270	1476	12300	4859	10192	1514	11857	5427	359
7	1.0	6545	1474	2865	598	8475	145	4104	4455	10431	9167	9495	10792	9613	1775	7245	3297	4040	3551	4696	7203	1580	9817	3218	5644	8927	11910	11441	181	8345	2030	1293	1394	3750	10669	937	10151	3584	9881	1008	7558	759	4252	10174	4333	5027	3954	5891	9767	164	6619	9174	11392	7879	11799	10964	6940	4409	4734	4405	5574	9424	10922	8813	7419	5931	7525	7405	7401	10757
8	1.0	10322	3902	3761	6598	8179	2719	6169	9499	9184	4762	10342	8015	2945	11155	10923	12372	8708	4539	791	5273	4809	3458	4175	7980	1373	3972	186	9566	8494	282	10134	3879	9724	2441	10075	9405	2939	464	4882	1069	4331	261	1951	6156	9647	2833	7004	6547	6469	3249	6587	2990	944	1714	2496	11735	1455	6073	9698	8834	10779	1661
9	1.0	1167	8250	2732	5297	1315	663	6858	4395	12051	12053	3060	9734	10024	11789	254	5493	3452	2341	1543	11368	2131	4145	6470	1195	11621	10916	5845	12159	1560	250	6908	5067	1338	8510	9448	1101	4928	2296	5324	7565	5124	2327	167	4598	4839	7378	6406	11374	1603	2315	8945	5240	12108	11111	3605	8706	2141	1842	1763	8768	2399
10	1.0	8255	3825	558	157	9738	2710	11344	8445	8440	9225	10435	5074	8784	6267	3348	5796	9634	7630	1718	7070	3127	1039	9406	739	11423	1791	6976	2911	8399	10154	4194	1984	1152	3319	4502	6842	8640	9356	10442	10556	4210	6279	6502	2575	5712	6772	1565	9887	3117	7469	1682	2552	1872	1668	3067	8850	6339	6873
11	1.0	4083	11829	10327	10537	1204	577	2450	11823	6476	11524	3274	5880	3147	3296	7836	2345	9386	1634	5038	5629	2562	10189	7611	5192	10811	1015	11629	12157	12357	1672	9119	10179	8042	6992	8991	120	6176	9198	3701	223	8261	9311	9869	10003	2333	4422	5611	3373	11356	1606	12142	2006	11639	8835	11816	2536	2252	9926
12	1.0	883	9261	1941	6851	10536	5241	700	3865	4531	7652	7918	7116	2198	3670	5268	10899	5942	5411	5351	9287	4120	3022	9689	11365	6684	10933	1175	1174	11186	10058	3101	2761	11066	1137	10316	8061	6444	8955	5733	8694	9703	2546	4174	11672	5619	5412	1063	6396	5631	8182	1875	532	12220	3448	2678	7857
13	1.0	579	195	4269	336	3755	6949	3006	10369	4432	2098	1814	8864	11151	5257	1541	7157	1428	5311	1581	525	4868	9563	11445	11938	2389	189	1752	1110	11917	11184	5387	10311	8393	6730	3708	6616	4436	11082	3313	5558	97	5583	4634	10371	2577	10034	1973	3033	7728	5856	8766	11659	3986	10928	4113
14	1.0	10414	3776	2869	706	10674	8680	9671	3064	5071	9635	11566	2823	5415	6342	4724	7263	7495	6369	11440	340	8603	9695	10362	361	3303	144	2447	5166	2762	2634	5995	1957	8453	229	9318	8126	6952	10223	2047	5265	12218	6118	1020	3542	6136	3372	3506	7600	1107	7407	1035	3301	4764
15	1.0	7936	1794	12052	7012	9223	11406	9620	2521	5943	4416	12010	7198	10911	367	12131	3842	8376	1176	750	1092	9662	2702	6674	382	6937	10022	2506	149	7122	4587	105	2553	6543	10847	896	7212	1029	925	2147	2129	1471	9577	3237	9799	4970	11738	307	11840
16	1.0	9123	603	749	2909	3762	8381	5095	5605	11136	4103	3298	11781	5054	8468	1488	8402	5820	8326	1542	3638	23	9129	5547	4514	3697	6309	12214	1671	8040	1645	5162	4313	1424	9444	9029	12253	4230	5407	1644	960	11265	10597	12204	433	1383
17	1.0	11096	1162	8388	2529	2656	9032	494	5000	3739	8400	10458	9326	5875	2885	5626	4002	8887	5726	10878	5901	7	6305	8904	11934	12098	1566	10834	2429	9131	6975	7804	4339	8773	10338	563	7960	1068	5089	929	11989	2143	12324	1384
18	1.0	10532	6856	5395	6852	748	761	9614	4570	6142	12259	3043	10797	12112	3349	7765	11038	429	1569	2156	11769	6183	1292	4259	9600	7291	3130	9986	9316	4235	12065	3205	6422	3321	2895	11537	9964	11594	3195	7899	3399	2167	1764
19	1.0	1304	4307	4363	2479	9030	3145	5336	6458	4615	8274	8404	11033	3794	1967	6413	9561	10667	12311	280	5789	5288	8044	4250	11977	8539	5206	9023	11147	4428	3449	6276	2576	6461	2279	7141	1439	11965	6370	5811	8118	2691
20	1.0	3922	4261	9478	6985	2739	4834	6928	113	6843	5070	3045	7387	10345	11453	2883	1831	2228	5564	7591	11622	12211	8908	7988	1010	402	10262	10156	1352	7669	3129	6717	7782	3012	3017	4014	2751	920	2164	9952	10829
21	1.0	2846	5882	7953	5499	5506	119	6909	6002	12379	7308	8199	10897	6762	4384	12316	11967	8496	281	548	1651	11468	5386	6804	677	305	3979	387	11083	7844	8123	5653	7906	11282	4719	867	2085	6358	2419	11326	4950
22	1.0	10530	8426	4899	8749	4530	10671	9651	3001	4227	1903	5256	8884	3023	1694	3183	9545	1656	3916	2625	2763	9583	9004	3133	2952	5597	3152	705	5365	6464	1845	3964	8564	10901	11733	9095	11599	2066	6694
23	1.0	4305	10675	8566	11202	5212	7341	1896	8541	7673	7454	4729	10851	11483	6578	11839	12097	4	6026	9426	1627	9606	8229	4094	3179	11211	73	1953	2055	9982	6613	5618	3463	7069	5260	8187	2109	5919	5851
24	1.0	4760	10579	11229	278	256	9912	6345	4824	699	5561	11669	7949	9781	1506	11700	5163	9608	3483	2276	4233	6094	8797	6272	8181	8762	825	1572	8856	8586
25	1.0	8158	3599	275	7039	4222	4674	5724	6061	8907	11818	9104	6247	2461	3621	9374	1333	8574	7966	4350	4152	4731	2217	3787	4131	5710	11779	518	2409	1003
26	1.0	8609	154	8154	4619	8529	8548	7855	8277	6926	7003	4728	6764	2480	5545	3753	10402	4317	10703	2469	12042	8575	129	3159	6173	11049	12006	8001	6412	10599
27	1.0	11126	337	4785	9774	5496	9306	9996	4909	8817	5989	11400	3559	7515	10607	811	4847	204	7967	8334	3316	3422	11511	1723	5085	8344	8486	9557	12021
28	1.0	10168	6913	4789	10434	2880	3820	6477	2666	12216	911	2361	10526	3959	4090	8770	7946	7864	241	6670	7789	1026	2556	9808	7067	4159	6378	7026
29	1.0	768	9108	5036	8349	7322	11301	9994	7302	6715	12019	1618	11461	327	5800	12276	7290	2816	4199	8330	6617	9861	4629	2970	7903	4716	2884	3036
30	1.0	605	597	5296	5155	4243	8444	6532	11564	8822	4802	1502	11870	6323	2031	12171	5962	4272	11121	8129	6918	1550	5184	7086	6310	2698
31	1.0	1307	9124	6967	660	6708	3679	9288	2783	12119	2018	8803	3365	8715	635	5389	72	7965	6171	9393	3502	7524	7745	9692	12088	1369
32	1.0	9262	372	3809	10047	5768	8365	3652	7011	11744	4742	1658	8827	637	9825	3649	1911	8318	7271	4831	1826	10828	437	11457	11632
33	1.0	11091	8369	1200	1088	7975	8324	10126	8569	2524	5310	4948	12035	8658	1567	3836	1774	10159	6639	9453	8998	2312	12003	11862	4953
34	1.0	5176	10538	6601	9053	6538	6668	8659	2742	4848	738	7537	3580	2321	12284	7620	8003	906	6278	5081	7427	6314	805
35	1.0	6519	8231	12145	4390	11749	8635	2890	2632	5692	8767	4631	1865	6869	1669	523	5973	11616	11479	5977	3083	4843
36	1.0	3547	4668	4669	3883	7451	11261	4753	9520	1695	8428	7220	9008	7235	8545	10906	6925	7029	484	4840	10014
37	1.0	4715	7169	2195	7934	4904	10082	12235	7188	8565	3763	2138	6673	4521	10116	9042	2530	4780	6036	4694
38	1.0	7118	7244	5396	206	7614	7827	11827	2272	3630	4058	1681	8616	11577	6650	12064	11662	11618	8364
39	1.0	5587	5822	7935	9544	1740	864	6100	1490	3178	7204	6530	5732	6419	12149	11224	4552	1415	5682
40	1.0	8922	4067	7527	1719	466	11942	9618	7759	12172	1114	1926	11325	7342	12120	7665	3291	10741	110
41	1.0	6820	6819	3868	11752	2848	6731	572	4640	2325	6983	5305	53	61	11871	9699	8831	8543
42	1.0	10787	593	8862	2960	10059	11004	465	11933	11267	845	11876	2804	11056	7276	7498	4206	11571
43	1.0	11308	10088	7810	114	6037	4890	6801	4655	11929	2382	3180	4111	7014	2158	4489	6053	682
44	1.0	1849	592	8899	3748	7156	1218	6984	1052	9283	7217	400	7436	11277	2079	6463	2377	8289
45	1.0	854	10185	2723	1231	4043	9455	8159	1267	5461	8373	9880	82	4855	483	7794	9556
46	1.0	11751	1341	10313	11104	710	7643	6611	2180	11940	10239	12185	8678	5513	913	3156
47	1.0	7096	4932	12114	2214	1077	940	11614	7507	5205	8891	8840	8679	7846	1539	11554
48	1.0	3603	4364	997	205	9275	10169	7390	11883	12348	755	3977	4787	10803	2163	5437
49	1.0	5584	1540	2490	6947	11505	5405	6101	3332	5787	4327	11878	9646	10493	10015	1574
50	1.0	2873	8363	11258	12399	9807	980	2304	2237	6722	11900	9185	7054	10785	10682	7508
51	1.0	6509	875	11956	3495	4254	575	3721	5847	7223	1720	264	11059	8618	516
52	1.0	3541	8046	6133	11695	10291	4368	10704	5937	12237	8317	8674	10924	1113
53	1.0	784	11191	2718	1732	5234	11253	10865	9017	828	5759	912	8929	5848
54	1.0	4167	7710	11233	11587	9285	11110	453	4533	10386	7354	11697	497	8939
55	1.0	3557	4157	8861	5443	3030	588	1353	2026	8571	4635	6483	8582	1458
56	1.0	2913	595	7813	5343	7066	6980	7350	5475	918	8474	813	11312
57	1.0	8057	213	4397	1781	3867	3945	9813	10769	11768	1442	3056	7709
58	1.0	7287	5885	10065	674	4244	35	11872	3134	5661	6044	7786	1411
59	1.0	5002	1320	787	2473	5342	985	10384	11349	7131	708	3110	8579
60	1.0	2860	9206	7923	1133	5519	5870	4898	6894	9631	139	5479
61	1.0	11172	3465	7391	5148	2489	4752	12313	8554	4794	11303	11435
62	1.0	4908	9904	8094	8874	9370	9470	3478	1194	7205	3103	1766
63	1.0	4189	6797	627	1935	947	12295	11089	2385	11272	11081	10681
64	1.0	1948	11544	9966	4140	7504	4632	3973	10566	7681	6252	5976
65	1.0	3830	5385	599	1943	11686	218	4326	3535	8019	6083
66	1.0	11036	3904	831	12293	2982	2987	7956	4992	2005	9866
67	1.0	10318	10841	4727	4912	10300	4592	11710	11449	6920	7667
68	1.0	10320	4112	5879	2204	6914	4651	8452	10664	3351	5758
69	1.0	1546	7333	5341	8997	4039	4492	7676	11561	2686	8665
70	1.0	2474	1310	3200	2424	1367	4596	9593	8280	3991	12203
71	1.0	1302	4738	1273	3492	9015	1493	5876	4238	2245	6231
72	1.0	2201	11199	2153	576	9586	2386	6633	6315	3098
73	1.0	8500	7574	664	1106	8551	3416	10499	6935	8857
74	1.0	8366	7234	7520	642	3844	10795	9594	2171	7013
75	1.0	2778	10166	11162	10722	11333	12205	8794	9889
76	1.0	8161	4163	1997	7139	3091	10108	5379	3733
77	1.0	8087	8877	6987	3221	1947	10467	7820	11086
78	1.0	10416	9021	2878	6438	10582	2680	6874	3188
79	1.0	692	7273	4884	12294	7470	5921	7001	10027
80	1.0	3390	9075	10326	9128	7206	2798	9984	7885
81	1.0	6855	11269	10451	10584	915	4976	8546	10684
82	1.0	1707	1724	6654	2644	8630	4024	3076	680
83	1.0	8107	9903	11499	12384	8588	2168	8338	6487
84	1.0	9153	5717	9533	6719	6086	8489	12337	4866
85	1.0	8480	773	7928	7852	2036	6721	5961	8938
86	1.0	8778	1301	4192	2538	10578	9764	10028	10117
87	1.0	11108	2786	6418	4000	11687	4185	7150	7719
88	1.0	2438	3950	3185	9466	9025	11430	728
89	1.0	1027	4074	1819	5740	6884	6714	2166
90	1.0	1094	4298	11970	12383	5097	8013	5859
91	1.0	5402	6966	1786	4241	7104	11849	1811
92	1.0	4262	6998	4419	4318	1536	11223	9171
93	1.0	1147	11797	4746	7060	11345	7941	7821
94	1.0	9071	968	2358	12139	5895	9680	2149
95	1.0	4547	9251	8336	6710	10343	4842
96	1.0	6113	8248	2177	7832	7509	2012
97	1.0	9330	49	6285	3852	9432	3858
98	1.0	5380	1233	5704	1839	7398	5562
99	1.0	1830	4042	6829	4879	5031	6901
100	1.0	7080	2054	8621	2930	374	3199
101	1.0	3690	47	3092	5927	6895	9044
102	1.0	8718	11714	4073	9382	12229
103	1.0	2118	8172	12231	6353	1093
104	1.0	2319	2527	10876
105	1.0	2150	5607	6296	6577	9735
106	1.0	1892	2300	3442	4183	4881	5185	6398	6447	7909	7920	8054	8225	8524	9264	9641	12306
107	1.0	301	1473	1659	3681	3978	4623	4934	5494	5809	5938	6025	6287	6371	6692	6704	6814	6878	7173	7327	7413	7645	7919	8340	8356	8379	9579	9719	9929	10593	10868	11844	12043	12080
108	1.0	1001	1303	1512	2212	2332	2373	2413	2824	2862	2947	3000	3184	3262	3366	3523	3837	3933	4139	4188	4511	4713	4818	5250	5528	5549	5795	6121	6548	7162	7412	7426	7675	8587	9232	9358	9489	10177	10348	10383	10568	10606	11357	11446	12416
109	1.0	1554	5046	6395	6445	6991	12096
110	1.0	7459	11102
111	1.0	742	3058
112	1.0	6316
113	1.0	1058	1246	3174	3340	11299
114	1.0	1950	2390	2425	8913	10759
115	1.0	3905	4722	5504	8629	8819	8975	9456
116	1.0	469	1177	1460	6034
117	1.0	3538	3694	4784	6812	11705	11757	12124
118	1.0	3138	3671	3938	5390	8515
119	1.0	769	849	2669	3702	5908	9581	9885	12116	12175
120	1.0	2162	3639	3817	7833	9035	11071	11953
121	1.0	4079	5498	7020	7079	7803	9657
122	1.0	1975	5200	9091	9290	10909
123	1.0	1631	1710	6917
124	1.0	4639	5138	7817
125	1.0	1286	6029	6203	8881	9768	11034	11736
126	1.0	730	8885
127	1.0	1487	2859	5581	6428	9144	10122	10788
128	1.0	857	2600	8414	12255
129	1.0	2758	3347	6478	11039	12036	12210	12270
130	1.0	228	1605	6585	9387	10819
131	1.0	506	661	1100	4242	5512
132	1.0	1870	3350	8936
133	1.0	1934	6098	10479
134	1.0	3861	8752	10521
135	1.0	235	5122	8924
136	1.0	449	9191	11581
137	1.0	1134	2266	3041	3328	7336	9364	11051	12188
138	1.0	7425	7947	9073	9329	9792	12032
139	1.0	1427	2375	5560	7353	10119	12150
140	1.0	1382	1803	2174	3314	3430	3864	4187	4916	5684	6959	8584	8753	9137	9423	9753	11235	11842
141	1.0	1316	4372	8682	9616
142	1.0	1793	4929
143	1.0	368	7061	8353	9661	11719
144	1.0	4936	5139	5824	7047	9693	11607
145	1.0	130	1158	1850	3598	4019	4526	4774	7349	11346	12083	12390
146	1.0	196	5484	6403	9336
147	1.0	727	2219	6866	7312	7438	12236
148	1.0	493	2949	3069	3396	3505	8416
149	1.0	86	7795
150	1.0	1874	2659	3499	7679	8306	11501
151	1.0	2043	7790	7839
152	1.0	3287	3387	4766	5423	9938	9977	10363
153	1.0	1171	7914	8056	8090
154	1.0	1858	7771	10595
155	1.0	1711	3745	4968	5429	5440	5637	8371	9033	9806
156	1.0	1122	1496	2282	5969
157	1.0	1256	1587	3798
158	1.0	80	479	2393	3248	4337	6494	6752	8673	9821
159	1.0	303	1609	1679	2601	4106	4707	7270	8898	11869
160	1.0	338	1741	3488	4168	4211	4441	4814	4875	5158	6019	6097	8424	10019
161	1.0	5471	6614	8606
162	1.0	289	2354	7018	8876	9777
163	1.0	676	863	1115	1207	1958	2239	2459	3736	3943	4266	4524	6201	8305	9901	10771	10953	11130	11350	11490	11692	11897
164	1.0	377	624	6907
165	1.0	753	9739	11861
166	1.0	1126	3148	4606	5408	5812	7184	9816
167	1.0	490	741	747	898	1309	1801	1809	2236	2271	3235	3727	3845	4537	4572	4995	6058	6283	6685	6841	6897	6927	7021	7030	7539	7540	7707	8257	8696	8854	9309	10655	11018	11175	11362
168	1.0	2889	3486	5450	8327	10037	12104
169	1.0	1961	2029	2998	5746	5761	6665	8530
170	1.0	274	321	531	704	837	1575	1901	2463	2523	2567	3190	3524	3594	3893	4759	4788	5377	5448	5567	5575	5730	6312	6916	6961	7654	7792	7957	8270	8441	8965	9130	9954	10005	10157	12371
171	1.0	1	31	1880	4370	7736	8219	9436	10640
172	1.0	2056	4741	8131	10929
173	1.0	713	893	1104	1440	1518	1987	2190	2503	3025	3255	4275	4661	4736	5754	5855	5862	6392	6821	7409	7777	7992	8256	8342	8377	8596	8668	9278	10492	10870	11164	11683	11780
174	1.0	2924	2932	3696	3811	4055	5595	6500	10172	11094
175	1.0	178	1768	4068	8463	8890	11462
176	1.0	1157	1305	1400	2059	3242	5497	6111	8149	8550	9014	10678	11176	11641
177	1.0	68	435	816	2368	2773	2808	4267	4355	4862	6059	6060	7321	7624	8782	9575	10735	11353
178	1.0	8481	9673	9859
179	1.0	573	1074	1269	1701	1859	3653	3773	3795	4148	4328	4749	5044	5087	5175	5249	5435	5680	6376	6525	6652	6785	7609	7629	8661	8677	8720	10240	10266	10368	10547	10712	10903	11061	11141	11268	11528	12121
180	1.0	839	6012
181	1.0	2154	2308	2640	2755	3641	4931	5142	5641	6375	10660	10830	10995	11380	12303
182	1.0	3577	5868	11330
183	1.0	355	8910	10051	10307	11884	12034
184	1.0	930	1704	5144	5571
185	1.0	964	1532	1654	1698	2535	2918	3173	4902	7547	7843	9092	9376	10426	11492	11498	12395
186	1.0	4221	5776	7774	9372	10068	11892
187	1.0	75	1198	2294	11932	12312	12314
188	1.0	1184	3624	10541
189	1.0	2788	4557	5926	7023	7734	11214	12336
190	1.0	273	1336	3563	3771	6808
191	1.0	2285	3003	3525	9420
192	1.0	2421	2826	4971	7519	8115	10167	11525	11626
193	1.0	2053	3250	6350	6970	7691	9670	10162	11050
194	1.0	472	600	1123	2004	2184	4138	4460	4534	6016	7362	8837	8872	11163	12016
195	1.0	638	1308	1360	2701	2830	3167	4470	4476	4541	6443	6531	7031	8549	9599	9705	9804	9849	10001	10124	10335	11376	11595	11637	12199
196	1.0	1329	2371	3650	3682	6969	7041	7695	9831	10460	11557
197	1.0	629	1251	1690	3293	3848	4477	5834	8906	9736	10100
198	1.0	5747	10653
199	1.0	3374	4236	11222
200	1.0	1017	1782	2044	2487	3474	7481	9973	11652
201	1.0	1728	4917	8568	8820	9211	9310	10272	10853	10952	12221
202	1.0	8128	10373	11924
203	1.0	536	1505	3785	9327
204	1.0	9248	11947
205	1.0	443	551	587	3398	4036	4357	4887	5334	5585	6539	6549	6960	7779	7784	8173	9482	10056	10535	11336	11559	11708
206	1.0	9919	11893	12251
207	1.0	2709	3055	3243	4676	6014	7596	9009	9274
208	1.0	1277	1527	9597
209	1.0	974	1837	2277	2996	3743	4505	5753	6451	6748	6965	7356	9068	9101	12405
210	1.0	509	4504	10908
211	1.0	1537	1648	1788	1978	2014	2367	2404	2801	3629	5030	5340	5345	5521	8698	8764	9175	9660	10030	12138
212	1.0	473	550	1145	1937	2102	2431	2465	2989	3536	4128	4665	4699	4837	5363	5477	5603	5748	6706	6738	6828	6882	6885	6988	8894	8934	9381	9628	10040	10063	10506	10896	12299
213	1.0	2196	2870	6220	12340
214	1.0	155	945	1345	1925	3288	3292	3380	3832	5197	9465	11715
215	1.0	1716	1769	1817	2470	4276	5459	5672	5769	6632	7209	7881	10207	11271
216	1.0	2580	3142	3643	5852	6210	6324	8380	8969	10432	11508	11767
217	1.0	150	414	1577	8719
218	1.0	486	1700	2712	3158	4201	4607	4850	4903	5466	5572	6807	7845	8492	9729	10076	10158	11057	11295	11486
219	1.0	364	580	1464	5313	9368	10288	10583	11943
220	1.0	996	2298	5323	5714	6230	10252	11161
221	1.0	2574	8352	9776
222	1.0	658	1469	1900	1985	4905	7179	7638	7733	8385	11072	12342
223	1.0	838	3014	3419	8071	11001
224	1.0	675	1765	2121	2965	4076	5430	7668	9302	10276	10627
225	1.0	41	1952
226	1.0	1456	2454	4003	5998	6066	7331	8119	10510	10665	10939	11355	11454
227	1.0	961	1641	3189	4621	5540	6629	7044	7317	7720	7987	9723	9895	10191	10977	11546	11620
228	1.0	137	2544	4026	4035	4280	4359	6011	6421	6646	6860	7000	8687	11788
229	1.0	323	1268	3100	3498	8354	8710	8988	9097	9120	10087	10752	11015	12349
230	1.0	3165	3534	9442	10761	10820	10872
231	1.0	1643	2810	4469	10918
232	1.0	180	1783	2545	3018	4129	4873	5393	5473	5916	6216	6236	6964	7823	12394
233	1.0	1755	3057	3504	4060	4336	7796	8178	8669	9339	10926	11173	12153	12241
234	1.0	426	528	1827	2733	2765	3327	4826	6031	6095	6579	7472	7793	7853	8220	9019	9098	10581	10768	10804	11043	11045	11500	11653	11831	12163
235	1.0	4205	7711	10885
236	1.0	4341	8206	10197	11403
237	1.0	230	785	1036	1737	1938	3970	4030	5012	5264	5718	5956	7017	7542	7898	7999	8443	8595	10522	10974	11135	11980
238	1.0	5325	5414	10054	10109	10330	11236
239	1.0	4508	7781	8398	10717
240	1.0	1230	2391	4046	4647	5079	5752
241	1.0	1968	3263	5801	6835	6872	6973	7969	8528	8829
242	1.0	2759	8807
243	1.0	648	1792	1897	2628	3054	4471	4795	5542	5627	5782	6106	8032	8155	8375	9151	9479	9539	10507	10635	12123	12341
244	1.0	48	56	556	775	841	1242	1362	2231	2509	2933	2953	3591	5247	5591	5786	5861	6218	6260	7233	7958	8775	8814	10165	10211	12118	12317
245	1.0	100	1530	9875
246	1.0	2086	2700	2803	5935	6328	7092	9049	9177	10433
247	1.0	799	1756	5252	5912	6434	6568	7140	8531	9359	9462	10747	11804	12252
248	1.0	412	535	892	1972	2787	3009	4941	4981	5277	5580	8806	10443	11150	12181
249	1.0	3544	4518	6659	6813
250	1.0	428	2572	3946	4870	5010	6612	6732	8361	9250	10511	10516
251	1.0	679	4418	7829	8163	8283	8612	10491	12105
252	1.0	709	1296	1325	1393	1873	1928	2564	4229	4641	7724	8112	8637	9349	11347
253	1.0	988	1357	1712	1806	2988	3071	3456	3693	3778	3968	7294	7314	9221	9282	9797	11439	12077
254	1.0	381	3426	6022	11209	12190
255	1.0	326	7267	9111	9394
256	1.0	6175	7822	11472
257	1.0	2202	3115	5624	6348	6802	8228	8383	8397	9237	10202
258	1.0	1406	1477	1619	3831	3994	4955	5017	5565	6726
259	1.0	128	8691	8920	10539	10610
260	1.0	288	9519	10706
261	1.0	487	501	5178	8477	8508
262	1.0	566	990	1979	2140	2417	3826	4952	5559	6124	6265	6274	6881	8230	8952	9086	9684	9691	10397
263	1.0	208	652	959	1463	1923	2108	2959	3406	3454	3472	3676	3871	4381	5397	5472	5696	6883	7063	7165	7859	7905	8167	8184	9867	10161	10754	10781	10913	10950	11263	11394	11540	11969	12289
264	1.0	1762	2673	5190	7497	7582	8559	9277	9621	9761	9857	9911
265	1.0	1805	2636	10773
266	1.0	1396	3803	4231	4426	9874	10954	11314
267	1.0	485	1485	8175	9995
268	1.0	950	1528	5737
269	1.0	132	852	1810	1833	2172	3019	3917	4585	4662	5101	5193	5600	6391	7891	8207	8387	9186	9731	10010	10612	10693
270	1.0	312	517	2903	2969	4098	4415	4735	4767	5214	6039	6046	6493	6561	7477	7868	10641	10662	10915	11726
271	1.0	5632	11156
272	1.0	491	2350	3939	7651	10446
273	1.0	6123	6979	10497	11482
274	1.0	176	341	1611	1970	2039	2449	2847	2853	3718	3899	4031	4069	4777	4829	6711	6720	6737	7103	7277	7282	8010	8479	8992	9194	9558	10377	10463	10594	10859	10873	11370	11605	11931	12234	12283
275	1.0	2081	3815	9841
276	1.0	3032	4705	4989	7340	7715	8613
277	1.0	3302	11021	11667	11811
278	1.0	317	2722	5722
279	1.0	158	1317	2011	3432	5147	5736	5900	5914	6065	7486	8084	8239	12243
280	1.0	641	1117	8217	8572	9145
281	1.0	2504	7284
282	1.0	1602	2414	3752	3792	11550	12173
283	1.0	440	1150	2293	2785	5224	7662	11029	11179
284	1.0	20	171	1585	1734	5033	5284	9222	9610	10033	10738
285	1.0	2225	3747	8442	8724
286	1.0	4679	5040	9649	9846	12071
287	1.0	1862	2119	7038	7429	11504	12050	12055
288	1.0	2052	5029
289	1.0	1121	1583	2383	6687	8358
290	1.0	1785	6028	10253
291	1.0	1014	1864	4486	6583	9742	9760
292	1.0	5135	7148
293	1.0	4979	9612	12368
294	1.0	26	52	1215	2303	2505	3998	6050	7444	7776	9060	11576
295	1.0	1087	4132	5487	5671	8321	9150	9458	9609	9725	11289
296	1.0	2534	4034	6580	7076	7268	7396	8177	9664	10457	10501	10709	10808	11302	11371	12369
297	1.0	602	992	5650	10256
298	1.0	1270	4196	4218	4273	5187	5217	7698	9093
299	1.0	362	665	724	917	1491	1494	1497	1594	1920	1931	2199	2346	2351	2420	3011	3105	3358	3516	3560	3632	4310	4544	5013	5285	5330	5417	5553	5590	5881	5886	6338	6507	6876	7254	7473	7511	7553	7764	7931	7982	8311	8836	8871	8947	8984	9200	9481	9740	10115	10176	10181	10310	10585	10877	10889	11412	11516	11569	11631	11945	12248	12391
300	1.0	6381	7593	7704	12031
301	1.0	4082	4856	5221	8243	8268
302	1.0	1660	1964	5598	6054	6552	9568	10283	12127	12161
303	1.0	2871	3635	3805	4501	5239	5582	6024	6330	6595	6782	9565	10132	11297	11429	11785	12180
304	1.0	246	1387	2176	2819	3367	4144	4781	4819	5003	5531	5763	6716	7890	8072	8208	9522	9840	10437	10790
305	1.0	427	3393	5392	6319	6437	11651
306	1.0	45	77	933	1280	1932	2696	2928	3317	3911	4974	5066	5455	5601	6008	6241	7102	7688	7780	7865	8122	8384	8651	8702	8869	8979	10178	10592	11031	11707
307	1.0	2561	3155	5312	5511	7389	11493	12012
308	1.0	1105	1868	2838	8798	10194
309	1.0	3751	4446	4608	10636	10963	12233
310	1.0	121	1030	10659
311	1.0	1918	3709	7687	11109
312	1.0	1390	4122	4900	5115	6955	7740	7896	9416	12280
313	1.0	325	2941	7008	7487	9888	12162
314	1.0	4646	5658	8534	9896	11465	11720
315	1.0	1430	7022	8632	11219	11485
316	1.0	521	1708	3209	4366	6108	6222	7578	7892	8716	9755
317	1.0	2095	6853
318	1.0	2694	4602	7192	7457	10066	11973
319	1.0	405	3644	4245	5203	6501
320	1.0	32	417	998	1006	3711	3932	7124	7428	9300	10299	11189
321	1.0	1289	2581	4423	6245	7557	8695
322	1.0	1102	4130	4578	6122	8437	8503	8760	9517	10567	12015
323	1.0	1429	6653
324	1.0	3339	4466	7237	8628	8697
325	1.0	1051	1375	2049	4062	4996	5823	5837	7055	7371	8242	8888	9197	10914
326	1.0	57	455	541	678	1829	2080	2096	2364	2525	2623	3024	3846	5398	6268	8130	10325	10474	12345
327	1.0	877	3672	4897	8789	11558
328	1.0	2831	3073	3473	3699	5690	7973	8269	8536	9024	9484	10559	11879
329	1.0	199	10237	10961
330	1.0	697	2355	2488	5355	8038	8795	9331	9443	9551	9681	10645	11547
331	1.0	2349	2664	3813	8619
332	1.0	10188	11023
333	1.0	567	790	2482	2555	3664	4670	4896	5328	6091	9587	10180	11352	11393	11456
334	1.0	2292	4038	4806	6158	8313
335	1.0	5061	5579	5826
336	1.0	4966	5546	11331	11881
337	1.0	396	436	608	698	956	2134	4147	5160	5255	5951	6172	7175	8511	10880	11422	12308
338	1.0	5791	7025	10973
339	1.0	2433	5375	11166	11378
340	1.0	5991	7037	8355	8737
341	1.0	54	143	202	253	696	714	983	1374	1452	1586	1625	1726	1739	1807	2058	2216	2263	2565	2730	2975	4059	4121	4573	4863	4930	4978	5111	5349	5354	5675	5709	6174	6630	6837	7027	7090	7256	7265	7485	7488	7503	7543	7549	7581	7807	7874	8273	8316	8325	9126	9371	9541	9548	9854	10052	10204	10609	10733	10881	11460	11694	11812	12291
342	1.0	685	3668	7272	7359	7964	8972	9715	9796	9858	10139	10184	11424
343	1.0	630	1257	2069	6656	9971
344	1.0	2256	3601	6468	8204	8407
345	1.0	1808	2514	3855	4179	4555	5894	8990	10763	11777
346	1.0	2927	6341	7373
347	1.0	1480	10543	10898
348	1.0	881	1143	1552	2062	2152	2495	2624	4569	10748	10836	10996
349	1.0	2	179	669	1034	1056	2445	3120	3833	4383	4633	4801	4827	4959	6302	6795	7226	7998	8030	8642	9226	9939
350	1.0	6857	8638	9491
351	1.0	1416	1636	2416	2677	3657	5332	6259	6631	7414	7529	8649	9254	9512	10295	10302	10580	10852	11800	12026	12370
352	1.0	3204	4943	7085	7299	7422	7849	7888	8157	9408	10438	11064	11288
353	1.0	165	2309	3703	8240	9471
354	1.0	1247	4438	6541	7506	9334
355	1.0	1243	2038	2807	2902	6608	7328	8202	9504
356	1.0	644	2248	3337
357	1.0	8457	10106	10518
358	1.0	1282	1533	2705	3267	8889
359	1.0	12027
360	1.0	354	2863	3418	4525	5500	8859	9538	9547	9962	10315	10850	10938
361	1.0	393	1061	2782	2827	3726	3937	4146	4182	4885	5220	5924	6191	6380	7381	8024	8690	8751	8873	9202	10148	10275	10770	11116
362	1.0	454	733	2978	3988	4322	8180	8466	8483	9941	12133
363	1.0	439	1261	2331	2784	2800	2809	3335	4330	4414	5990	6394	6695	7197	7552	7605	7713	7770	7907	7948	9103	9160	9390	10267	10630	11221	11324	11655	11982
364	1.0	343	614	846	1475	1759	1991	2322	2520	2615	2850	3182	3277	3397	3462	3628	3728	3850	3925	3952	4001	4023	4044	4084	4286	4483	4659	4703	4772	5039	5049	5270	5413	6030	6116	6662	6688	6736	7073	7113	7306	7410	7465	7594	7932	7938	8106	8216	8434	8518	8667	8736	9521	9560	9702	9788	10060	10214	10339	10387	10441	10517	10883	11014	11048	11286	11593	11742	11801	11847	12106	12166	12339	12397
365	1.0	4110	4265	6546	7513	8246	8556	8808	8879	9860	10213	11958	12024
366	1.0	3044	4922	7448	9084	10269
367	1.0	3610	4566	4671	5505
368	1.0	909	6848
369	1.0	9	70	4045	12111
370	1.0	4352	5798	8744	8758	10236	10683	11673
371	1.0	734	1778	2357	2841	3285	4711	4730	5099	5470	7908	9063	9388	10264	10395	10777	11257	11824
372	1.0	159	193	442	557	2242	2643	3253	4491	5329	5502	6994	7036	7689	8111	8581	9246	9814	9989	10960	11674
373	1.0	34	112	136	783	972	1080	1649	1742	2009	2630	2704	2893	3053	3306	3987	4033	4792	5083	5420	5739	5751	5979	6488	6753	7236	8170	8793	9273	9430	9535	9678	10098	10215	10221	10274	10444	10490	10596	11519	11665	11880	11921	12141	12365
374	1.0	1040	7182
375	1.0	5441	9826
376	1.0	1916	2186	4316
377	1.0	1779	6062
378	1.0	5201	8516
379	1.0	794	1745	2435	5019	5554	5719	6393	6669	7942	9224	10436	10727
380	1.0	3273	4969
381	1.0	2609	7989
382	1.0	809	11776
383	1.0	7694	12136
384	1.0	5844	6640	10465
385	1.0	9256	10347	11206
386	1.0	227	10404	11377
387	1.0	7749	8011
388	1.0	4391	5401	9744
389	1.0	1132	7686
390	1.0	8655	10786
391	1.0	884	2651	10997	11447
392	1.0	7262	7383
393	1.0	834	989	2268	6068	7309	9876
394	1.0	6023	8905
395	1.0	2335	2825	4141
396	1.0	4775	9176
397	1.0	3854	5853
398	1.0	468	11113
399	1.0	1073	8089
400	1.0	2280	2882	11556
401	1.0	4838	5657
402	1.0	1657	2468	2991	5793	7242	8730	9147	9931	10774
403	1.0	2814	11774
404	1.0	6522	7228	10096
405	1.0	512	2207	2437	2584	2729	2774	2851	3085	3169	3385	3992	4379	4770	4805	4975	4993	5023	5646	5934	6291	6377	6816	7180	7225	7243	7534	7723	7806	7831	7854	8436	8451	9022	9598	10031	10121	10298	10520	10687	11076	11170	11476	11865	11905	11927	11937	12189
406	1.0	5688	7598	8418	10233
407	1.0	2821	3561
408	1.0	9057	12331
409	1.0	5352	7377
410	1.0	3322	3546
411	1.0	3553	4461
412	1.0	3667	7369
413	1.0	1371	2254	5954	11600
414	1.0	4769	10372
415	1.0	4480	5130	11431
416	1.0	257	2894	8368
417	1.0	83	2976	7533	9412	11361
418	1.0	5294	9868	11487
419	1.0	1236	1288	6150	8098	8476	9584
420	1.0	1148	3028
421	1.0	6467	9754
422	1.0	2593	6529
423	1.0	6780	9207
424	1.0	2306	6605	11836
425	1.0	7357	10018
426	1.0	3494	6849
427	1.0	1203	5442	9208	9526	10044	11677
428	1.0	806	12347
429	1.0	8439	12273
430	1.0	2287	4562
431	1.0	4614	9543
432	1.0	547	2376	9080	9882
433	1.0	5127	7623
434	1.0	432	2269	3796	9975
435	1.0	4296	4447	6426
436	1.0	9473	9493
437	1.0	8611	10691
438	1.0	7191	8484
439	1.0	1319	5186
440	1.0	268	2749	3918	4299	4385	5195	6157	6229	6620	7261	7484	8328	11552
441	1.0	5211	7943
442	1.0	1802	6779
443	1.0	124	2103
444	1.0	5667	11293
445	1.0	633	3669
446	1.0	1312	9775
447	1.0	8953	9518
448	1.0	9832	12227
449	1.0	2128	8811
450	1.0	3206	10625
451	1.0	2033	4020	6734
452	1.0	1482	2676
453	1.0	3780	11826
454	1.0	1483	1573	10400
455	1.0	2045	3417
456	1.0	522	11041
457	1.0	611	6383
458	1.0	6809	10114
459	1.0	1881	4542	5102	6120	6200	6387	7480	7867
460	1.0	4506	7423
461	1.0	2250	4717	7893
462	1.0	2518	9757
463	1.0	3409	4171
464	1.0	4411	6567
465	1.0	0	3791
466	1.0	4172	10238
467	1.0	2215	2464	3958	9569
468	1.0	1245	3834
469	1.0	2155	7406	10624
470	1.0	3153	3281
471	1.0	90	8777
472	1.0	1078	4956
473	1.0	4288	6152	6868	7977	10910	11877
474	1.0	6318	9276
475	1.0	6242	7307
476	1.0	4583	9626	11125
477	1.0	6888	10099	12262
478	1.0	1085	8266	10680
479	1.0	5501	7648
480	1.0	8521	10542
481	1.0	309	10478
482	1.0	1161	1479	4050	4257	6018	9366	11296	11320	11549
483	1.0	6149	10260
484	1.0	3132	10020
485	1.0	15	94	135	216	431	503	795	953	1033	1140	1183	1281	1593	1771	1933	2258	2498	2513	2533	2660	2794	2845	2868	2997	3168	3333	3383	3549	3770	3856	4022	4270	4332	4344	4586	4678	4911	5077	5078	5114	5136	5173	5410	5831	5897	6666	6742	7489	7678	7730	7748	7815	8346	8627	8886	8916	9602	9683	10036	10048	10652	10700	10809	10892	10902	11119	11143	11496	11542	11702	11860	12152	12297	12326
486	1.0	824	2511	5359	5525	5652	5902	10084	10113
487	1.0	943	1266	2663	2917	4114	4293	4613	4710	4998	5576	5757	5857	5893	6921	7644	10975	11245	11398	11661	11675	11873
488	1.0	3072	6354
489	1.0	8812	9940
