1	1.0	7812	2844	10293	3413	8540	1832	7300	12376	4142	9981	7800	3766	4335	712	5462	8337	8027	3640	3038	10193	4136	3843	6311	1187	64	10806	2398	1082	2775	11131	10234	6263	173	3479	11287	9726	11740	5004	243	3154	7901	5485	106	7628	4051	2793	6505	848	12287	11458	11455	335	207	2598	10258	4431	3002	1902	2805	2569	9040	182	6047	8067	168	5656	8472	220	12101	11060	2695	9805	8079	7280	4558	9013	9050	12192	9056	12113	4338	11074	7476	894	9355	617	5735	2979	1888	8791	4797	1055	5836	5833	7068	7586	1971	4663	11960	1684
2	1.0	1306	2716	4479	7111	4574	9164	12402	3123	9836	3256	3857	403	10587	7750	8902	10886	5464	914	4876	4408	2077	6655	50	12304	373	2064	6390	8233	4323	10046	1921	7241	5314	7880	5681	1232	3588	3951	2284	9523	8454	7863	3311	7028	8693	8357	3508	6056	12008	6429	438	11389	6671	7544	430	1227	591	3614	3615	1340	10303	9317	4636	744	3161	6433	5705	655	11915	3890	2117	902	7647	3283	5216	7168	3886	6298	286	6696	2864	9107	1846	3063	6746	3065	1895	5645	9592	4691	1969	11178	11077	10489	9959	7747	2641	9555	476	8727
3	1.0	6962	8253	9360	11782	8017	3655	7380	5075	27	4673	10816	2400	10586	9685	7753	8432	991	2462	3934	5068	11830	12068	10689	10448	6845	7253	7608	11778	11474	11904	6253	3827	1129	4320	10730	1481	8329	6457	7130	3386	9383	5566	6516	9782	1522	2440	1138	3816	3663	6589	7059	9001	9483	6177	7902	781	1431	3503	5573	11452	3612	332	4101	10799	11979	7925	10155	1590	12023	10848	10849	7701	3889	9437	5813	2028	3906	3900	9752	9751	9596	5353	6417	6186	1691	8841	9427	11716	772	10078	4507	7663	5042	9294	946	4015	7501	1687	7185
4	1.0	8626	2843	8985	134	10102	67	8267	4901	1549	1370	6240	7196	11181	981	1155	2707	10285	1151	4563	8537	7250	2394	2395	921	1662	3777	10029	3947	5604	6905	11133	7873	10605	5685	2178	2261	2075	9082	1135	11122	5899	9485	6770	8892	3015	11597	4954	11946	452	8743	1229	8465	9637	5548	1589	2057	7091	4949	656	737	3082	2908	8378	11238	8265	2478	3379	1189	5226	6755	8838	2100	2734	2736	5118	553	3531	12092	11407	5808	2721	8552	8249	11555	11990	10469	12419	2088	11169	12361	9800	8769	4851
5	1.0	9121	11101	4626	8420	11803	1735	1260	1169	3440	5663	7791	2193	7978	3146	11291	10512	9166	10692	231	10344	7861	8912	1982	11745	1637	7632	5854	1838	7617	1960	9834	9312	732	7416	12310	11704	4493	283	1291	9686	7293	4143	9180	10912	5280	6990	6649	6773	1332	1486	10508	12046	9741	7106	9550	4354	5482	2974	11237	9845	11693	5428	5298	1800	2314	1048	7376	3308	5400	2396	8815	11611	8699	9949	2510	12126
6	1.0	604	10143	8251	2471	9537	554	889	3944	9531	7382	8138	9037	9490	7974	10346	7137	12070	4008	1777	8093	3212	1680	9865	5721	4747	978	9894	5785	6325	9407	5904	6968	2111	812	10930	8733	11864	11182	2872	6594	11459	3466	8205	3741	10428	5109	8573	7618	2950	5738	96	4732	11756	7442	8080	8188	10190	6466	2897	1974	4718	4070	8183	6562	10949	3840	1470	2270	1476	12300	4859	10192	1514	11857	5427	359
7	1.0	6545	1474	2865	598	8475	145	4104	4455	10431	9167	9495	10792	9613	1775	7245	3297	4040	3551	4696	7203	1580	9817	3218	5644	8927	11910	11441	181	8345	2030	1293	1394	3750	10669	937	10151	3584	9881	1008	7558	759	4252	10174	4333	5027	3954	5891	9767	164	6619	9174	11392	7879	11799	10964	6940	4409	4734	4405	5574	9424	10922	8813	7419	5931	7525	7405	7401	10757
8	1.0	10322	3902	3761	6598	8179	2719	6169	9499	9184	4762	10342	8015	2945	11155	10923	12372	8708	4539	791	5273	4809	3458	4175	7980	1373	3972	186	9566	8494	282	10134	3879	9724	2441	10075	9405	2939	464	4882	1069	4331	261	1951	6156	9647	2833	7004	6547	6469	3249	6587	2990	944	1714	2496	11735	1455	6073	9698	8834	10779	1661
9	1.0	1167	8250	2732	5297	1315	663	6858	4395	12051	12053	3060	9734	10024	11789	254	5493	3452	2341	1543	11368	2131	4145	6470	1195	11621	10916	5845	12159	1560	250	6908	5067	1338	8510	9448	1101	4928	2296	5324	7565	5124	2327	167	4598	4839	7378	6406	11374	1603	2315	8945	5240	12108	11111	3605	8706	2141	1842	1763	8768	2399
10	1.0	8255	3825	558	157	9738	2710	11344	8445	8440	9225	10435	5074	8784	6267	3348	5796	9634	7630	1718	7070	3127	1039	9406	739	11423	1791	6976	2911	8399	10154	4194	1984	1152	3319	4502	6842	8640	9356	10442	10556	4210	6279	6502	2575	5712	6772	1565	9887	3117	7469	1682	2552	1872	1668	3067	8850	6339	6873
11	1.0	4083	11829	10327	10537	1204	577	2450	11823	6476	11524	3274	5880	3147	3296	7836	2345	9386	1634	5038	5629	2562	10189	7611	5192	10811	1015	11629	12157	12357	1672	9119	10179	8042	6992	8991	120	6176	9198	3701	223	8261	9311	9869	10003	2333	4422	5611	3373	11356	1606	12142	2006	11639	8835	11816	2536	2252	9926
12	1.0	883	9261	1941	6851	10536	5241	700	3865	4531	7652	7918	7116	2198	3670	5268	10899	5942	5411	5351	9287	4120	3022	9689	11365	6684	10933	1175	1174	11186	10058	3101	2761	11066	1137	10316	8061	6444	8955	5733	8694	9703	2546	4174	11672	5619	5412	1063	6396	5631	8182	1875	532	12220	3448	2678	7857
13	1.0	579	195	4269	336	3755	6949	3006	10369	4432	2098	1814	8864	11151	5257	1541	7157	1428	5311	1581	525	4868	9563	11445	11938	2389	189	1752	1110	11917	11184	5387	10311	8393	6730	3708	6616	4436	11082	3313	5558	97	5583	4634	10371	2577	10034	1973	3033	7728	5856	8766	11659	3986	10928	4113
14	1.0	10414	3776	2869	706	10674	8680	9671	3064	5071	9635	11566	2823	5415	6342	4724	7263	7495	6369	11440	340	8603	9695	10362	361	3303	144	2447	5166	2762	2634	5995	1957	8453	229	9318	8126	6952	10223	2047	5265	12218	6118	1020	3542	6136	3372	3506	7600	1107	7407	1035	3301	4764
15	1.0	7936	1794	12052	7012	9223	11406	9620	2521	5943	4416	12010	7198	10911	367	12131	3842	8376	1176	750	1092	9662	2702	6674	382	6937	10022	2506	149	7122	4587	105	2553	6543	10847	896	7212	1029	925	2147	2129	1471	9577	3237	9799	4970	11738	307	11840
16	1.0	9123	603	749	2909	3762	8381	5095	5605	11136	4103	3298	11781	5054	8468	1488	8402	5820	8326	1542	3638	23	9129	5547	4514	3697	6309	12214	1671	8040	1645	5162	4313	1424	9444	9029	12253	4230	5407	1644	960	11265	10597	12204	433	1383
17	1.0	11096	1162	8388	2529	2656	9032	494	5000	3739	8400	10458	9326	5875	2885	5626	4002	8887	5726	10878	5901	7	6305	8904	11934	12098	1566	10834	2429	9131	6975	7804	4339	8773	10338	563	7960	1068	5089	929	11989	2143	12324	1384
18	1.0	10532	6856	5395	6852	748	761	9614	4570	6142	12259	3043	10797	12112	3349	7765	11038	429	1569	2156	11769	6183	1292	4259	9600	7291	3130	9986	9316	4235	12065	3205	6422	3321	2895	11537	9964	11594	3195	7899	3399	2167	1764
19	1.0	1304	4307	4363	2479	9030	3145	5336	6458	4615	8274	8404	11033	3794	1967	6413	9561	10667	12311	280	5789	5288	8044	4250	11977	8539	5206	9023	11147	4428	3449	6276	2576	6461	2279	7141	1439	11965	6370	5811	8118	2691
20	1.0	3922	4261	9478	6985	2739	4834	6928	113	6843	5070	3045	7387	10345	11453	2883	1831	2228	5564	7591	11622	12211	8908	7988	1010	402	10262	10156	1352	7669	3129	6717	7782	3012	3017	4014	2751	920	2164	9952	10829
21	1.0	2846	5882	7953	5499	5506	119	6909	6002	12379	7308	8199	10897	6762	4384	12316	11967	8496	281	548	1651	11468	5386	6804	677	305	3979	387	11083	7844	8123	5653	7906	11282	4719	867	2085	6358	2419	11326	4950
22	1.0	10530	8426	4899	8749	4530	10671	9651	3001	4227	1903	5256	8884	3023	1694	3183	9545	1656	3916	2625	2763	9583	9004	3133	2952	5597	3152	705	5365	6464	1845	3964	8564	10901	11733	9095	11599	2066	6694
23	1.0	4305	10675	8566	11202	5212	7341	1896	8541	7673	7454	4729	10851	11483	6578	11839	12097	4	6026	9426	1627	9606	8229	4094	3179	11211	73	1953	2055	9982	6613	5618	3463	7069	5260	8187	2109	5919	5851
24	1.0	4760	10579	11229	278	256	9912	6345	4824	699	5561	11669	7949	9781	1506	11700	5163	9608	3483	2276	4233	6094	8797	6272	8181	8762	825	1572	8856	8586
25	1.0	8158	3599	275	7039	4222	4674	5724	6061	8907	11818	9104	6247	2461	3621	9374	1333	8574	7966	4350	4152	4731	2217	3787	4131	5710	11779	518	2409	1003
26	1.0	8609	154	8154	4619	8529	8548	7855	8277	6926	7003	4728	6764	2480	5545	3753	10402	4317	10703	2469	12042	8575	129	3159	6173	11049	12006	8001	6412	10599
27	1.0	11126	337	4785	9774	5496	9306	9996	4909	8817	5989	11400	3559	7515	10607	811	4847	204	7967	8334	3316	3422	11511	1723	5085	8344	8486	9557	12021
28	1.0	10168	6913	4789	10434	2880	3820	6477	2666	12216	911	2361	10526	3959	4090	8770	7946	7864	241	6670	7789	1026	2556	9808	7067	4159	6378	7026
29	1.0	768	9108	5036	8349	7322	11301	9994	7302	6715	12019	1618	11461	327	5800	12276	7290	2816	4199	8330	6617	9861	4629	2970	7903	4716	2884	3036
30	1.0	605	597	5296	5155	4243	8444	6532	11564	8822	4802	1502	11870	6323	2031	12171	5962	4272	11121	8129	6918	1550	5184	7086	6310	2698
31	1.0	1307	9124	6967	660	6708	3679	9288	2783	12119	2018	8803	3365	8715	635	5389	72	7965	6171	9393	3502	7524	7745	9692	12088	1369
32	1.0	9262	372	3809	10047	5768	8365	3652	7011	11744	4742	1658	8827	637	9825	3649	1911	8318	7271	4831	1826	10828	437	11457	11632
33	1.0	11091	8369	1200	1088	7975	8324	10126	8569	2524	5310	4948	12035	8658	1567	3836	1774	10159	6639	9453	8998	2312	12003	11862	4953
34	1.0	5176	10538	6601	9053	6538	6668	8659	2742	4848	738	7537	3580	2321	12284	7620	8003	906	6278	5081	7427	6314	805
35	1.0	6519	8231	12145	4390	11749	8635	2890	2632	5692	8767	4631	1865	6869	1669	523	5973	11616	11479	5977	3083	4843
36	1.0	3547	4668	4669	3883	7451	11261	4753	9520	1695	8428	7220	9008	7235	8545	10906	6925	7029	484	4840	10014
37	1.0	4715	7169	2195	7934	4904	10082	12235	7188	8565	3763	2138	6673	4521	10116	9042	2530	4780	6036	4694
38	1.0	7118	7244	5396	206	7614	7827	11827	2272	3630	4058	1681	8616	11577	6650	12064	11662	11618	8364
39	1.0	5587	5822	7935	9544	1740	864	6100	1490	3178	7204	6530	5732	6419	12149	11224	4552	1415	5682
40	1.0	8922	4067	7527	1719	466	11942	9618	7759	12172	1114	1926	11325	7342	12120	7665	3291	10741	110
41	1.0	6820	6819	3868	11752	2848	6731	572	4640	2325	6983	5305	53	61	11871	9699	8831	8543
42	1.0	10787	593	8862	2960	10059	11004	465	11933	11267	845	11876	2804	11056	7276	7498	4206	11571
43	1.0	11308	10088	7810	114	6037	4890	6801	4655	11929	2382	3180	4111	7014	2158	4489	6053	682
44	1.0	1849	592	8899	3748	7156	1218	6984	1052	9283	7217	400	7436	11277	2079	6463	2377	8289
45	1.0	854	10185	2723	1231	4043	9455	8159	1267	5461	8373	9880	82	4855	483	7794	9556
46	1.0	11751	1341	10313	11104	710	7643	6611	2180	11940	10239	12185	8678	5513	913	3156
47	1.0	7096	4932	12114	2214	1077	940	11614	7507	5205	8891	8840	8679	7846	1539	11554
48	1.0	3603	4364	997	205	9275	10169	7390	11883	12348	755	3977	4787	10803	2163	5437
49	1.0	5584	1540	2490	6947	11505	5405	6101	3332	5787	4327	11878	9646	10493	10015	1574
50	1.0	2873	8363	11258	12399	9807	980	2304	2237	6722	11900	9185	7054	10785	10682	7508
51	1.0	6509	875	11956	3495	4254	575	3721	5847	7223	1720	264	11059	8618	516
52	1.0	3541	8046	6133	11695	10291	4368	10704	5937	12237	8317	8674	10924	1113
53	1.0	784	11191	2718	1732	5234	11253	10865	9017	828	5759	912	8929	5848
54	1.0	4167	7710	11233	11587	9285	11110	453	4533	10386	7354	11697	497	8939
55	1.0	3557	4157	8861	5443	3030	588	1353	2026	8571	4635	6483	8582	1458
56	1.0	2913	595	7813	5343	7066	6980	7350	5475	918	8474	813	11312
57	1.0	8057	213	4397	1781	3867	3945	9813	10769	11768	1442	3056	7709
58	1.0	7287	5885	10065	674	4244	35	11872	3134	5661	6044	7786	1411
59	1.0	5002	1320	787	2473	5342	985	10384	11349	7131	708	3110	8579
60	1.0	2860	9206	7923	1133	5519	5870	4898	6894	9631	139	5479
61	1.0	11172	3465	7391	5148	2489	4752	12313	8554	4794	11303	11435
62	1.0	4908	9904	8094	8874	9370	9470	3478	1194	7205	3103	1766
63	1.0	4189	6797	627	1935	947	12295	11089	2385	11272	11081	10681
64	1.0	1948	11544	9966	4140	7504	4632	3973	10566	7681	6252	5976
65	1.0	3830	5385	599	1943	11686	218	4326	3535	8019	6083
66	1.0	11036	3904	831	12293	2982	2987	7956	4992	2005	9866
67	1.0	10318	10841	4727	4912	10300	4592	11710	11449	6920	7667
68	1.0	10320	4112	5879	2204	6914	4651	8452	10664	3351	5758
69	1.0	1546	7333	5341	8997	4039	4492	7676	11561	2686	8665
70	1.0	2474	1310	3200	2424	1367	4596	9593	8280	3991	12203
71	1.0	1302	4738	1273	3492	9015	1493	5876	4238	2245	6231
72	1.0	2201	11199	2153	576	9586	2386	6633	6315	3098
73	1.0	8500	7574	664	1106	8551	3416	10499	6935	8857
74	1.0	8366	7234	7520	642	3844	10795	9594	2171	7013
75	1.0	2778	10166	11162	10722	11333	12205	8794	9889
76	1.0	8161	4163	1997	7139	3091	10108	5379	3733
77	1.0	8087	8877	6987	3221	1947	10467	7820	11086
78	1.0	10416	9021	2878	6438	10582	2680	6874	3188
79	1.0	692	7273	4884	12294	7470	5921	7001	10027
80	1.0	3390	9075	10326	9128	7206	2798	9984	7885
81	1.0	6855	11269	10451	10584	915	4976	8546	10684
82	1.0	1707	1724	6654	2644	8630	4024	3076	680
83	1.0	8107	9903	11499	12384	8588	2168	8338	6487
84	1.0	9153	5717	9533	6719	6086	8489	12337	4866
85	1.0	8480	773	7928	7852	2036	6721	5961	8938
86	1.0	8778	1301	4192	2538	10578	9764	10028	10117
87	1.0	11108	2786	6418	4000	11687	4185	7150	7719
88	1.0	2438	3950	3185	9466	9025	11430	728
89	1.0	1027	4074	1819	5740	6884	6714	2166
90	1.0	1094	4298	11970	12383	5097	8013	5859
91	1.0	5402	6966	1786	4241	7104	11849	1811
92	1.0	4262	6998	4419	4318	1536	11223	9171
93	1.0	1147	11797	4746	7060	11345	7941	7821
94	1.0	9071	968	2358	12139	5895	9680	2149
95	1.0	4547	9251	8336	6710	10343	4842
96	1.0	6113	8248	2177	7832	7509	2012
97	1.0	9330	49	6285	3852	9432	3858
98	1.0	5380	1233	5704	1839	7398	5562
99	1.0	1830	4042	6829	4879	5031	6901
100	1.0	7080	2054	8621	2930	374	3199
101	1.0	3690	47	3092	5927	6895	9044
102	1.0	8718	11714	4073	9382	12229
103	1.0	2118	8172	12231	6353	1093
104	1.0	1058	1246	3174	3340	11299
105	1.0	234	240	499	1018	1070	1743	1914	2115	2517	2526	3020	3051	3271	3344	3871	4177	4402	5110	6349	6440	6643	7034	7177	8688	8823	8967	9189	9921	9988	10103	10473	11193	11394	11638	11908	11983	12346	12412
106	1.0	368	7061	8353	9661	11719
107	1.0	4438	7506	9334
108	1.0	2924	2932	3696	3811	4055	5595	6500	10172	11094
109	1.0	1308	1360	2701	2830	3167	4470	4476	6443	6531	8549	9599	9804	9849	10001	10335	11376	11595	12199
110	1.0	5632	11156
111	1.0	9248	11947
112	1.0	1870	3350	8936
113	1.0	1975	5200	9091	9290	10909
114	1.0	2280	2882	3289	4345	4378	5171	6414	6703	7602	9102	10210
115	1.0	1583	2383	6687	8358
116	1.0	2319	2527	10876
117	1.0	4079	5498	7020	7079	7803	9657
118	1.0	10188	11023
119	1.0	602	992	5650	10256
120	1.0	730	8885
121	1.0	68	816	2808	4267	4355	4862	6059	6060	7321	7624	8782	11353
122	1.0	1858	7771	10595
123	1.0	8457	10106	10518
124	1.0	112	331	667	783	1080	1600	1649	1790	2630	3099	3318	4033	4129	4135	4792	4921	5006	5053	5083	5370	5420	5739	5751	6004	6043	6284	6488	6964	7236	7649	7766	8395	8954	9046	9273	9430	9535	9643	10215	10274	10565	11491	11519	11535	11665	11921
125	1.0	41	1952
126	1.0	676	863	1115	1207	1958	2239	2459	3736	3943	4266	4524	6201	8305	9901	10771	10953	11130	11350	11490	11692	11897
127	1.0	1934	6098	10479
128	1.0	2282	5969
129	1.0	2609	7989
130	1.0	4496	9932
131	1.0	2859	5581	10788
132	1.0	100	1530	9875
133	1.0	1256	1587	3798
134	1.0	2574	8352	9776
135	1.0	8128	11924
136	1.0	1619	6726
137	1.0	493	2949	3069	3396	3505	8416
138	1.0	3861	8752	10521
139	1.0	506	661	1100	4242	5512
140	1.0	178	1768	4068	8463	8890	11462
141	1.0	1631	1710	6917
142	1.0	2052	5029
143	1.0	2565	9541
144	1.0	2694	4602	7192	7457	10066	11973
145	1.0	208	652	959	1463	1923	2108	2959	3406	3454	3472	3676	4381	5397	5472	5696	6883	7063	7165	7859	7905	8167	8184	9867	10161	10754	10781	10913	10950	11263	11540	11969	12289
146	1.0	1427	2375	5560	7353	10119	12150
147	1.0	2043	7790	7839
148	1.0	86	7795
149	1.0	1779	6062
150	1.0	5201	8516
151	1.0	2046	8913	10759
152	1.0	930	1704	5144	5571
153	1.0	235	5122	8924
154	1.0	1286	6029	6203	8881	11034	11736
155	1.0	5554	6669	10436
156	1.0	273	1336	3563	3771	6808
157	1.0	377	624	6907
158	1.0	338	1741	3488	4168	4211	4441	4814	4875	5158	6019	6097	8424	10019
159	1.0	449	9191	11581
160	1.0	5791	7025	10973
161	1.0	12027
162	1.0	3866	8241
163	1.0	1203	9208	9860	10044
164	1.0	2056	4741	8131	10929
165	1.0	199	10237	10961
166	1.0	1429	6653
167	1.0	573	1859	3773	4148	5249	5435	5680	8677	10240	10266	10712	10903
168	1.0	5441	9826
169	1.0	5471	6614	8606
170	1.0	3138	3671	3938	5390	8515
171	1.0	753	9739	11861
172	1.0	1171	7914	8056	8090
173	1.0	3905	8629
174	1.0	1793	4929
175	1.0	7425	7947	9073	9329	9792	12032
176	1.0	1102	8760
177	1.0	7942	9224
178	1.0	1487	6428	9144	10122
179	1.0	4639	5138	7817
180	1.0	7459	11102
181	1.0	10296	10871
182	1.0	2414	3792
183	1.0	509	4504	10908
184	1.0	2758	3347	6478	11039	12036	12210	12270
185	1.0	1480	10543	10898
186	1.0	5325	5414	10054	10109	10330	11236
187	1.0	1277	1527	9597
188	1.0	9354	12074
189	1.0	629	1251
190	1.0	2603	9862	10026
191	1.0	7299	8157
192	1.0	1193	4356
193	1.0	1554	5046	6445	6991	12096
194	1.0	5985	6946
195	1.0	5747	10653
196	1.0	8068	11867
197	1.0	45	77	933	1280	1932	2928	3317	3911	4661	4974	5066	5455	6008	6241	7102	7358	7688	7865	8122	8651	8702	8869	8979	10178	10592	11031	11404	11707
198	1.0	2095	6853
199	1.0	2759	8807
200	1.0	1446	4576	8968
201	1.0	10483	11207
202	1.0	127	10323
203	1.0	5255	11422
204	1.0	2225	3747	8442	8724
205	1.0	8779	10658
206	1.0	1805	2636	10773
207	1.0	4341	8206	10197	11403
208	1.0	2504	7284
209	1.0	2421	2826	4971	7519	8115	10167	11525	11626
210	1.0	491	2350	3939	7651	10446
211	1.0	2819	4144	5531	8208
212	1.0	364	580	1464	5313	9368	10288	10583	11943
213	1.0	2053	3250	6350	6970	7691	9670	10162	11050
214	1.0	1755	3057	3504	4060	4336	7796	8178	8669	9339	10926	11173	12153	12241
215	1.0	857	2600	8414	12255
216	1.0	8638	9491
217	1.0	5135	7148
218	1.0	1728	4917	8568	8820	9211	9310	10272	10853	10952	12221
219	1.0	1456	2454	4003	5998	6066	7331	8119	10510	10665	10939	11355	11454
220	1.0	355	8910	10051	10307	11884	12034
221	1.0	2150	5607	6296	6577	9735
222	1.0	155	945	1345	1925	3288	3292	3380	3832	5197	9465	11715
223	1.0	6503	7838
224	1.0	6103	7466	12279
225	1.0	1134	2266	3041	3328	7336	9364	11051	12188
226	1.0	8481	9673	9859
227	1.0	4966	5546	11331	11881
228	1.0	4038	4806	6158	8313
229	1.0	1751	2391	7640	8684
230	1.0	2169	6527	8145
231	1.0	426	528	1827	2733	2765	3327	4826	6031	6095	7472	7793	7853	8220	9098	10581	10768	10804	11043	11500	11831	12163
232	1.0	4439	9243
233	1.0	6979	10497	11482
234	1.0	4205	7711	10885
235	1.0	1579	2645	9038
236	1.0	3339	4466	7237	8628
237	1.0	1044	3181
238	1.0	301	1473	1659	3681	3978	4623	4934	5494	5809	5938	6025	6287	6371	6692	6704	6814	6878	7173	7327	7413	7645	7919	8340	8356	8379	9579	9719	9929	10593	10868	11844	12043	12080
239	1.0	1382	1803	2174	3314	3430	3864	4187	4916	5684	6959	8584	8753	9137	9423	9753	11842
240	1.0	2285	3003	3525	9420
241	1.0	413	4279
242	1.0	4526	7349
243	1.0	405	3644	4245	5203	6501
244	1.0	4936	5139	5824	7047	9693	11607
245	1.0	274	321	531	704	837	1575	1901	2463	2523	2567	3190	3524	3594	3893	4759	4788	5377	5448	5567	5575	5730	6312	6916	7654	7792	7957	8270	8441	8965	9130	9954	10005	10157	12371
246	1.0	354	3418	8859	9538	10938
247	1.0	1712	3071	3778	7314
248	1.0	606	1443	1949	3611	3884	5132	6657	6810	7046	8037	9230	9707	10857	10937	11315	11467
249	1.0	469	1177	1460	6034
250	1.0	3751	4446	4608	10636	10963	12233
251	1.0	303	2601	11869
252	1.0	698	2134
253	1.0	582	2608	3323	8193	9709
254	1.0	288	9519	10706
255	1.0	2522	6141	7677	11914
256	1.0	3248	6494	8673
257	1.0	1	31	1880	4370	7736	8219	9436	10640
258	1.0	950	1528	5737
259	1.0	1532	1654	2535	3173
260	1.0	75	1198	12312
261	1.0	5059	10524
262	1.0	5459	6632
263	1.0	2831	3073	3473	3699	5690	7973	8536	9024	9484	10559	11879
264	1.0	221	856	8096
265	1.0	5579	5826
266	1.0	1772	9748
267	1.0	8952	9086
268	1.0	727	2219	6866	7312	7438	12236
269	1.0	165	2309	3703	8240	9471
270	1.0	196	5484	6403	9336
271	1.0	7811	12274
272	1.0	3374	4236	11222
273	1.0	1643	2810	4469	10918
274	1.0	3538	3694	4784	6812	11705	11757	12124
275	1.0	1329	2371	3650	3682	6969	7041	7695	9831	10460	11557
276	1.0	2294	11932	12314
277	1.0	412	892	1972	2787	3009	4941	4981	5580	10443
278	1.0	536	1505	3785	9327
279	1.0	986	6163	6343
280	1.0	9372	10068
281	1.0	5190	7582	8559	9621	9761
282	1.0	799	1756	5252	5912	6434	6568	7140	8531	9359	9462	10747	11804	12252
283	1.0	3577	5868	11330
284	1.0	4082	4856	5221	8243	8268
285	1.0	644	2248	3337
286	1.0	2709	3243	7596	9009
287	1.0	5838	9400
288	1.0	1157	1305	1400	2059	3242	5497	6111	8149	8550	9014	10678	11176	11641
289	1.0	578	4343	4445	5406	7238	8826	12014
290	1.0	342	1436	3517	6863	12267
291	1.0	1607	5467	12360
292	1.0	3757	7869	10783
293	1.0	2927	6341	7373
294	1.0	838	3014	3419	8071	11001
295	1.0	3044	4922	7448	9084	10269
296	1.0	1711	3745	4968	5429	5440	5637	8371	9033	9806
297	1.0	381	3426	6022	11209	12190
298	1.0	1892	2300	3442	4183	4881	5185	6398	6447	7909	7920	8054	8225	8524	9264	9641	12306
299	1.0	3287	3387	4766	5423	9938	9977	10363
300	1.0	657	2206	10814
301	1.0	1196	2834	4605	5146	6326
302	1.0	9	70	4045	12111
303	1.0	2889	5450	8327	10037	12104
304	1.0	1961	2029	2998	5746	5761	6665	8530
305	1.0	769	849	2669	3702	5908	9581	9885	12116	12175
306	1.0	485	1485	8175	9995
307	1.0	2277	2996	3743	4505	5753	6748	6965	7356	9068	9101
308	1.0	51	2557	3477	3914	3941	4577	5337	6262	6574	11337	12100
309	1.0	996	2298	5323	5714	6230	10252	11161
310	1.0	132	852	1810	1833	2172	3019	3917	4585	4662	5101	5193	6391	7891	8207	8387	9731	10010	10612	10693
311	1.0	3949	5433
312	1.0	1848	5090	6676	7933	9515	9913
313	1.0	137	6421
314	1.0	56	556	775	841	1242	1362	2231	2509	2933	2953	3591	5591	5786	5861	6218	6260	7233	7958	8775	8814	10165	10211
315	1.0	839	6012
316	1.0	500	4748	10081	11899
317	1.0	289	2354	7018	8876	9777
318	1.0	1017	1782	2044	2487	3474	7481	9973	11652
319	1.0	423	7621	11477
320	1.0	961	1641	3189	4621	5540	6629	7044	7317	7720	7987	9723	9895	10191	10977	11546	11620
321	1.0	2874	6300
322	1.0	2308	2755	3641	5142	10660	10830	10995	12303
323	1.0	4034	6580	7076	10808	11371
324	1.0	1785	6028	10253
325	1.0	2580	3142	3643	5852	6324	8380	8969	10432	11508	11767
326	1.0	3032	4705	4989	7340	7715	8613
327	1.0	1270	4196	4218	4273	5187	5217	7698	9093
328	1.0	1406	3831	3994	4955	5017	5565
329	1.0	6695	9160
330	1.0	870	954	1462	5005	5388	8186
331	1.0	443	551	587	3398	4036	4357	4887	5334	5585	6539	6549	6960	7779	7784	9482	10056	10535	11336	11559
332	1.0	1396	4231	4426	9874	10954	11314
333	1.0	2081	3815	9841
334	1.0	794	5719	6377
335	1.0	1014	1864	4486	6583	9742	9760
336	1.0	884	10997
337	1.0	121	1030	10659
338	1.0	2604	8020	11052
339	1.0	5063	7562	10061
340	1.0	150	414	1577	8719
341	1.0	2242	9246	9989
342	1.0	3204	4943	7085	7422	7849	7888	9408	10438	11064	11288
343	1.0	1184	3624	10541
344	1.0	4679	5040	9649	9846	12071
345	1.0	5850	6817	10370
346	1.0	2162	3639	3817	7833	9035	11071	11953
347	1.0	128	8691	8920	10539	10610
348	1.0	326	7267	9111	9394
349	1.0	5137	6826	7393	7462	7619
350	1.0	2196	2870	6220	12340
351	1.0	2573	2984	3774	4193	7650
352	1.0	6175	7822	11472
353	1.0	1918	3709	7687	11109
354	1.0	2696	5601	7780	8384
355	1.0	5572	7845	10324
356	1.0	1103	3111	5307	6904
357	1.0	7955	10632	11798
358	1.0	3998	7776
359	1.0	6381	7593	7704	12031
360	1.0	2824	4713
361	1.0	4557	7023	7734	11214	12336
362	1.0	323	1268	3100	3498	8354	8710	8988	9097	9120	10087	10752	11015	12349
363	1.0	20	171	1585	1734	5033	5284	9222	9610	10033	10738
364	1.0	1105	2838
365	1.0	965	7252	11612	12085
366	1.0	1922	4102	4543	5157	8880	11438
367	1.0	1878	3436	6683	7323
368	1.0	4302	7296	9624	11645
369	1.0	1862	2119	7038	7429	11504	12050
370	1.0	7954	8464
371	1.0	5803	7200
372	1.0	4001	6736	10214
373	1.0	723	1090	3925	9773
374	1.0	955	1408	3919	8045	9271
375	1.0	809	1828	2544	11776
376	1.0	4026	4035	6011	6860	7000	8687	11788
377	1.0	4979	9612	12368
378	1.0	679	7829	8163	8612	12105
379	1.0	1372	12400
380	1.0	2620	5866	11216
381	1.0	228	1605	6585	9387	10819
382	1.0	565	903	4016	6290
383	1.0	32	417	7428	9300	10299
384	1.0	8514	11532	12232
385	1.0	269	634	1201	1253	1507	2160	2548	2672	2858	3537	5261	5503	6194	6647	7087	7626	7716	9204	10104	10557	10708	10746	10943	11174	11503	11606	11809
386	1.0	4098	4735	6039	6046	6493	10641	10662	10915
387	1.0	2074	2238	10394
388	1.0	771	1294	1445	3027	3926	4888	5227	8816	9026	11601
389	1.0	2854	3304	8005	10254
390	1.0	125	1269	1825	2007	5368	6193	7824	8294	9513
391	1.0	2381	3675
392	1.0	3823	4153	4600
393	1.0	3165	3534	9442	10761	10820	10872
394	1.0	1852	3021	3587	7071	8741	9787	12288
395	1.0	1570	1616	3913	4822	7072	7589	8974	10000	10049	10055	10758	12250
396	1.0	685	8972	9796	11424
397	1.0	7262	7383
398	1.0	236	1447	7048
399	1.0	2215	3958	6071	9750	10891
400	1.0	4352	5798	8744	8758	10236	10683	11673
401	1.0	80	4132	4337	7016	8321	8751	9150	10148	11289
402	1.0	898	1801	1809	3235	4995	6685	7539	8257	8696	9309	11362
403	1.0	3230	4709	8605	8757	9823
404	1.0	751	5928	6751
405	1.0	3018	4957	5394	9611
406	1.0	1916	2186	4316
407	1.0	1126	3148	4606	5408	5812	7184	9816
408	1.0	3462	8434	11286
409	1.0	1390	4122	4900	5115	6955	7896	9416	12280
410	1.0	3715	3786	9886
411	1.0	1430	7022	8632	11219	11485
412	1.0	5020	6164	10714
413	1.0	8031	12406
414	1.0	2112	6331	6441	6757	10230	10265
415	1.0	1868	8798	10194
416	1.0	1057	2583	2633	3654	5676	6127	6564	8332	8435	9675	11364
417	1.0	4391	5401	9744
418	1.0	5844	6640	10465
419	1.0	1060	2931	4437	4443	5082	5159	5223	6609	7564	8074	8672	8915	9459	10399	10979	10985	11579
420	1.0	2086	2700	2803	5935	6328	7092	9049	9177	10433
421	1.0	1660	1964	5598	6054	6552	9568	10283	12127	12161
422	1.0	1214	4877	9864	10198	10545	10921
423	1.0	2988	3968	9221
424	1.0	435	2773	4520
425	1.0	3610	4566	4671	5505
426	1.0	130	1158	1850	3598	4019	4774	11346	12083	12390
427	1.0	734	795	1404	1664	1778	1917	2853	3285	4730	7908	8868	9063	9194	9388	10264	10395	10777	11247	11257	11824
428	1.0	4722	5504	8819	8975	9456
429	1.0	122	3415	4197
430	1.0	34	972	1783	2545	2704	2893	3053	3306	3987	5393	5916	8793	9678	10444	12365	12394
431	1.0	180	1762	2673	4873	5473	6216	6236	7497	9277	9857	9911
432	1.0	1874	2659	3499	7679	8306	11501
433	1.0	1657	2991	5793	6713	9147	9931
434	1.0	2084	7722	11728
435	1.0	1236	1288	2651	2774	6150	7243	8098	8476	9584	11447
436	1.0	1716	1769	1817	2470	4276	5672	5769	7209	7881	10207
437	1.0	877	3672	4897	8789	11558
438	1.0	396	436	956	4147	6172	7175	8511	10880
439	1.0	9919	11893	12251
440	1.0	967	1275	11359
441	1.0	2818	2910	4232	10095	11165
442	1.0	487	501	5178	8477	8508
443	1.0	988	1357	7294	9797	11439
444	1.0	585	2791	5180	7183	7788	8865	11335
445	1.0	7668	10276	10627
446	1.0	1243	2038	2807	2902	4110	6608	7328	8202	9202	9504
447	1.0	893	948	2405	2503	3255	4275	6208	9733	11164
448	1.0	3397	7113	11742
449	1.0	2256	3601	6468	8204	8407
450	1.0	640	820	3077	4798	5863	6045	6796	6922	7361	9320	9603	10041	10228
451	1.0	630	1257	2069	6656	9971
452	1.0	219	983	2975	4059
453	1.0	1282	1533	2705	3267	8889
454	1.0	2332	5795	7426
455	1.0	11667	11811
456	1.0	964	4902	7843	9092	10426	11492	12395
457	1.0	1808	3855	4179	4555	5894	8990	10763
458	1.0	1753	10105	11251
459	1.0	2561	3155	5312	5511	7389	11493	12012
460	1.0	472	600	1123	2004	2184	4138	4460	7362	8872	11163	12016
461	1.0	104	4387	6401
462	1.0	1448	2772	2971	4125	10118	12090
463	1.0	10351	11502
464	1.0	507	869	1086	2173	3522	6250	7444
465	1.0	3780	7876	11826
466	1.0	5991	7037	8355	8737
467	1.0	1397	1613	2934	3923	8745
468	1.0	58	349	549	694	763	1342	1653	1885	2067	2113	2330	2613	2813	3187	4712	5723	8210	8370
469	1.0	3354	9999	11998
470	1.0	904	2649	3254	7147	8597	10494	10685
471	1.0	2393	6752
472	1.0	1968	3263	5801	6835	6872	6973	7969	8528	8829
473	1.0	1247	6541
474	1.0	7538	8655	10786
475	1.0	1556	4646	5658	8534	9896	11465	11720
476	1.0	521	1708	3209	4366	6108	7578
477	1.0	2369	3713	3789	5872	7089	8580	10242
478	1.0	4347	4625	5362	5959	9965	11755
479	1.0	541	2525	3024	12345
480	1.0	4508	7781	8398	10717
481	1.0	834	989	2268	6068	7309	9876
482	1.0	2155	7406	8735	10624
483	1.0	1289	2581	5376	7557
484	1.0	2871	4501	5239	6330	11429
485	1.0	2476	4812	5416	5444	6861	7214	9783	11918
486	1.0	2664	3813	8619
487	1.0	2230	6237	6954
488	1.0	4944	9536
489	1.0	1609	1679	4106	4707	7270	8898
490	1.0	3544	4518	6659	6813
491	1.0	3468	10778	11688	12137
492	1.0	6546	7513	8246	8556	8808	8879	10213	12024
493	1.0	4066	7144	11676	11734
494	1.0	5338	6515	7556	8285	8519	10812
495	1.0	2218	2703
496	1.0	4049	8339	11987
497	1.0	1739	4827	5354	5675	5709	6630	6837	6950	7027	7488	7503	7549	7581	7874	8325	9126	9548	10052	10609	10993	11393	11456
498	1.0	545	8232	8535	8847
499	1.0	836	9922
500	1.0	1413	3470	4880	5072	8110	8982	10136	11158
501	1.0	324	1840	7697	9730	11414
502	1.0	850	1876	4398	4808	7266
503	1.0	555	774	2582	3464	9794	10840
504	1.0	1636	2416	2677	10302	12026
505	1.0	440	1150	2785	5224	11029	11179
506	1.0	2433	5375	11166	11378
507	1.0	3055	4676	5172	6014	9274	12239
508	1.0	574	628	5613
509	1.0	2570	5765	8185	9690
510	1.0	1012	5620	6989
511	1.0	442	3253	6994
512	1.0	5990	11982
513	1.0	7055	8242	9197
514	1.0	4572	7030	10655
515	1.0	1531	2492	3137	3507	5003	7714	9255	11310	11513	11562	11976
516	1.0	709	1296	1325	1393	1873	1928	2564	4229	8112	9349	11347
517	1.0	5507	5623	11570
518	1.0	745	2993	7585
519	1.0	1518	5855	8377	9278
520	1.0	502	7505	9652
521	1.0	2905	6581	9487	12385
522	1.0	2465	2989	4128	4837	5748	6828	6885	6988	8934	9381	9628	10040	10896	12299
523	1.0	881	1143	1552	2062	2152	2495	4569	10748	10836	10996
524	1.0	1524	10957	12048
525	1.0	9132	12327
526	1.0	325	2941	7008	7487	9888	12162
527	1.0	98	3838	3948
528	1.0	5830	12414
529	1.0	9560	10441
530	1.0	552	1254	5964
531	1.0	1050	3104	7491	9717	10209	12315
532	1.0	542	1085	2299	2443	3586	4833	5331	6107	6242	6295	8147
533	1.0	1584	3355	6775	6930
534	1.0	713	3025	5754	6821	8668
535	1.0	7494	8081	8151	12212
536	1.0	48	343	1475	1843	1991	2520	2679	2850	3628	3952	4044	4385	4393	4772	5039	5247	5413	6030	7073	7410	7465	7594	7932	7938	8106	8216	8518	9521	10339	10387	11014	11137	11593	11847	12118	12166	12317
537	1.0	2340	4459	6313	7286	7518	10615	12359
538	1.0	7985	9587	9745	10277	10634
539	1.0	1145	2431	4665	5363	5477	5603	6706	6738	8894	10063
540	1.0	285	1002	1279	2725	3244	4290	4413	5606	6286	6554	7866	7951	8785	9182	9281	9891	9947	9963	10626	10976	11518	11773	11909	12135
541	1.0	230	1737	3970	4030	5012	5264	5956	7542	8443	8595	10522	10974
542	1.0	227	10404	11377
543	1.0	5168	7741	8132	12418
544	1.0	26	52	1215	2303	6050	11576
545	1.0	239	3529	6209	9677
546	1.0	2788	5926	9743	12191
547	1.0	3322	3546
548	1.0	81	1339	3163
549	1.0	1955	2585	4688	6517	7172
550	1.0	1051	1375	2049	4062	5837	7371	8888	9575	10914
551	1.0	3362	4497
552	1.0	743	4462	11095	12134
553	1.0	2287	3062	3233	3407	3686	3765	3828	4057	4342	4551	4562	4595	4960	5092	5164	5563	6288	6859	7181	7674	8099	9615	9700	10002	10221	11930
554	1.0	6879	7145	8069	8594	10420
555	1.0	503	1933	2542	4180	7889	8893	11143
556	1.0	2011	3432	5147	5914
557	1.0	4711	5442	5781	9526	9674	11677
558	1.0	808	8852
559	1.0	179	669	1034	1056	3120	3875	4383	7226	7998	8030
560	1.0	427	3393	5392	6319	6437	11651
561	1.0	608	5160	12308
562	1.0	5716	8746	9920
563	1.0	4962	11874
564	1.0	317	2722	5722
565	1.0	907	2154	2403	2640	3169	4379	4754	4931	5641	7831	7875	8978	9022	9590	9809	11170	11380	11786
566	1.0	4071	8018	9815
567	1.0	7195	8498	9061	9395	10987
568	1.0	133	2422	4973	6800	10137	10723	11919
569	1.0	641	1117	8217	8572	9145
570	1.0	726	1444	11080
571	1.0	659	3106	3116	4176	4184	5213	5790	7523	7659	8164	8170	8347	8391	9601	10064	10393	11966
572	1.0	2779	5104	7841
573	1.0	1319	1759	2446	2697	3539	4258	5186	7207	9039	9308	9937	10616
574	1.0	3574	3692	4498	4765	5827	5952	11381
575	1.0	3885	4773	8359	11497
576	1.0	909	1040	6848	7182
577	1.0	2515	5780
578	1.0	2468	7242
579	1.0	490	741	1309	2236	2271	3727	3845	4537	6058	6283	6841	6897	6927	7021	7540	7707	8854	10796	11175
580	1.0	479	4253	9821
581	1.0	2306	6605	11836
582	1.0	1854	6122	8437	12015
583	1.0	14	2605
584	1.0	5677	6289	11309
585	1.0	9296	10855
586	1.0	456	1511	3971	5694	7119
587	1.0	356	822	1509	2631	3126	5702	6307	8599	8809	10453	12125
588	1.0	4126	6188	12130
589	1.0	459	4495	7496	7682
590	1.0	54	1690	2058	3848	4477	4930	4978	7090	8273	8906	9736	10100	11694	11812
591	1.0	2	4633	4801	6302	10902
592	1.0	4084	8736
593	1.0	1492	7348	8804	10817	11760
594	1.0	2305	7385	9619	11722	12182
595	1.0	9007	9114
596	1.0	2202	3115	5624	6348	6802	8228	8383	8397	9237	10202
597	1.0	431	1479	2898	3381	3482	3556	3767	4270	4586	5691	5797	5887	7489	9366
598	1.0	2128	3521	5061	8811	9146	10506	11746
599	1.0	2547	5208	6834	9396	9434
600	1.0	3460	5703	6795	8333	9238	9263	9475	11473	12195	12323
601	1.0	1745	2435	5019	6393	10727
602	1.0	9256	10347	11206
603	1.0	4975	8436	10520	11865
604	1.0	151	345	2092
605	1.0	252	375	693	888	974	1726	1837	2082	2920	4108	4542	4568	4911	5102	5248	6120	6387	6451	6576	6788	6893	7867	8455	8538	9967	10020	10550	10591	11203	12147	12405
606	1.0	2863	5500	9547	9962	10315	10850
607	1.0	1602	11550	12173
608	1.0	8652	11084
609	1.0	428	2572	3946	4870	5010	6612	6732	8361	9250	10511	10516
610	1.0	1897	2628	3054	4471	5542	5627	5782	8032	8155	8375	9151	9479	10507	12341
611	1.0	9301	10549	10919
612	1.0	1698	2918
613	1.0	158	5736	5900	6065	8084	8239	12243
614	1.0	1483	1573	2513	10400	11649
615	1.0	665	3632	5590	6876	9481
616	1.0	2357	2841	5099	5470
617	1.0	57	678	1829	2080	2096	2623	3846	5398	6268	8130	10325	10474
618	1.0	736	10696	10750
619	1.0	3526	7775	10354
620	1.0	7592	9980	10349
621	1.0	756	2336	2448	3005	3403	3975	4442	5107	5246	5570	6524	6889	9201	11763
622	1.0	1767	5439	6373	7222	8928	11069
623	1.0	3484	9183	9908
624	1.0	1371	2254	5954	11600
625	1.0	3481	4410	11144	11598
626	1.0	95	3421	10468	11142	11856
627	1.0	5667	11293
628	1.0	3668	7964	9715	9858	10139	10184
629	1.0	2482	3664
630	1.0	650	4086	11643
631	1.0	3444	4509	6818	8646	9169	10844	12307
632	1.0	1317	3385	4993	6786	7486	9852	10121	10298	10687	11076
633	1.0	3553	4461	9814
634	1.0	526	1910	4893	10826
635	1.0	1592	2792	3746	10305
636	1.0	468	11113
637	1.0	268	2457	2749	3162	3918	4216	4299	5195	6620	7261	7484	8328	10440	11552
638	1.0	8563	11902	11964
639	1.0	2250	4717	4906	7893	8263
640	1.0	2531	2892	3897	4017	4935	6782	7304	10036
641	1.0	46	3277	3808	3850	4023	4659	5049	5978	6662	9702	10498	12207	12339
642	1.0	439	844	1261	2331	2784	2800	2809	4414	6394	7197	7552	7605	7713	7770	7907	9103	9390	10267	10630	11324	11655
643	1.0	2978	3988	4322	8180	8466	8483	9941	12133
644	1.0	927	2616	4007
645	1.0	1132	7310	7686
646	1.0	8	262	1119	1363	1388	1547	2717	2966	3107	3294	3722	3769	3790	4056	4158	4325	4515	5993	6365	6550	6553	6663	6743	6765	6778	6942	6972	7007	7040	7318	7461	7499	7819	8209	8818	8821	8870	9064	9195	9706	9884	9953	10243	10405	11729	12363
647	1.0	535	2643	3854	5277	5707	5853	8198	8806	11150	12176	12181
648	1.0	658	1469	1900	1985	4905	7179	7638	7733	8385	11072	12342
649	1.0	1798	3411	5527	5843	6154	6627	6727	7149	7631	7961	9085	9907	10012
650	1.0	358	448	1601	1965	2205	3870	3912	3930	6198	6579	7394	8547	8931	9019	10726	11045	11653	12038
651	1.0	3302	11021
652	1.0	1255	1322	1994	2402	4546	7664	8842	10858	11171
653	1.0	118	267	272	418	2753	3052	3143	4226	5425	7337	7862	8729	9234	9501	10427	10991	11698	11894
654	1.0	1416	5332	6631	7414	8649	9254	9512	10295	10580	10852
655	1.0	29	1001	3262	9358	11276
656	1.0	1987	2190	8342
657	1.0	899	1311	1313	2619	3166	4667	5784	7417	10477	10697	12407
658	1.0	4412	6144	6679	7171	11022
659	1.0	890	2258	2295	2430	2660	3606	3635	5196	6190	6335	6934	7555	7678	8558	9529	11854	12269
660	1.0	8951	11689
661	1.0	1091	1185	1222	1495	1721	2667	3370	3622	3821	4429	5121	5182	5303	5804	5953	5992	8721	9118	9269	10845	11323	11610	12018
662	1.0	1335	2185	3446	3779	5510	6416	6622	6938	9522	10519	10552	11139
663	1.0	194	330	835	1348	2221	2692	3758	4281	4407	5634	6081	7735	8059	8223	8925	9099	9933	10131	10314	10408	11283	11450	12354
664	1.0	7065	7075	7251	10160
665	1.0	3439	4109
666	1.0	3626	3833	4295	4959	5410	5635	11093	12328
667	1.0	3706	4097	7455
668	1.0	1950	2390	2425
669	1.0	697	2355	2488	5355	8038	8795	9331	9443	9551	9681	10645	11547
670	1.0	214	905	6993	8903	12193	12374
671	1.0	365	410	1919	3268	6602	8275	9585	10968
672	1.0	271	1529	2653	8062	8810	9676	11073
673	1.0	1977	2136	4456	5222	8725	9718	10807
674	1.0	6621	10827	10955	11358
675	1.0	136	3803	6838	7913	10490	10596	11221	12141
676	1.0	210	2737	5294	9081	9868	11487
677	1.0	176	341	1970	2039	2449	3718	3899	4777	4829	6711	6737	7277	7282	8010	8992	9558	10377	10463	10859	10873	11370
678	1.0	3175	4799
679	1.0	6124	6265	6474	7415	9258	11841	12128
680	1.0	1122	1496
681	1.0	384	3480	4937	5422	7338	8561	9203	11215
682	1.0	2335	2825	4141
683	1.0	2956	6179	6435
684	1.0	1582	10039
685	1.0	4775	9176
686	1.0	6522	7228	10096
687	1.0	742	3058
688	1.0	146	166	308	851	895	1000	1326	1883	1915	1930	2094	3552	4291	4770	5199	5369	5743	5749	6590	6637	6691	6830	7167	7178	7430	7927	8625	8676	9229	9322	9655	10073	10449	11019	11054	11307	11339
689	1.0	3135	8730	10774	12387
690	1.0	9976	10869	11148	11418
691	1.0	758	1623	3363	5520	6182	7921	9576	9923	10069	12178	12355
692	1.0	486	1700	3158	4201	4607	4850	4903	6807	8492	9729	10076	10158	11057	11295	11486
693	1.0	309	512	764	1820	7225	10478	11905
694	1.0	1216	6693	7408	11596
695	1.0	1190	1225	1297	2078	8095	8259	12223
696	1.0	1087	5487	5671	9458
697	1.0	306	408	4311	7170	8401	10164
698	1.0	74	717	1561	4117	4246	4685	5426	5725	7218	7468	8173	10261	11218	11436	11563	11708
699	1.0	2106	2849	3908	4910	5419	5628	8527	9930
700	1.0	998	3711	3932	4800	7124	9450
701	1.0	1230	4046	4647	5079	5752
702	1.0	2107	2208	7948
703	1.0	143	253	696	714	1452	1586	1807	1959	2263	2730	2845	4573	4863	5111	5326	5349	6174	7256	7367	7485	7543	8316	9371	10204	10341	10733	10881	11542
704	1.0	388	6958	9415
705	1.0	4296	4447	6426
706	1.0	294	2914	4217	4579	6075	6224	8310	9106	9236	9391	9942
707	1.0	616	1276	2922	2935	9871	11417
708	1.0	3182	12106
709	1.0	312	421	517	908	1075	1098	1391	1877	1963	2274	2903	2969	3438	3589	4162	4288	4332	4415	4767	4813	5214	5231	5695	5857	6185	6868	7477	7868	8194	8315	8374	9467	9828	10713	10801	10980	11099	11383	11726
710	1.0	3627	3909	12268
711	1.0	547	1350	2376	9080	9392	9882
712	1.0	2936	6593	8949
713	1.0	9072	11916
714	1.0	3217	5454	5529	6167	7657	8413	9240	9711	11578
715	1.0	3491	8211	12389
716	1.0	4832	5152	6556	8212	8901
717	1.0	1625	9055	10782
718	1.0	1537	1788	1978	2014	2367	2404	2801	3629	5340	5345	8698	8764	9660	10030	12138
719	1.0	257	2894	8368
720	1.0	586	2967	3345	3402	3824	5091	5541	5586	5669	5974	6559	7447	8583	8722	9138	10784	11025	11342	12073
721	1.0	1066	2962
722	1.0	990	1979	2417	3826	4952	5559	6274	7892	9684	9691
723	1.0	4423	6245	8695
724	1.0	3645	8309
725	1.0	1235	1744	6001	7095	7971
726	1.0	4031	4069
727	1.0	4130	4578	8503	9517	10567
728	1.0	2437	4805	9413	11035
729	1.0	2712	6130	6409	6789
730	1.0	2847	6372	6677	7103	11605	11931
731	1.0	832	872	2599	2757	4525	5621	6484	7229	7375	8459	8473	8919	11279
732	1.0	747	11018
733	1.0	1104	1440	1451	4736	5862	6392	7409	10870	11683	11780
734	1.0	8429	8512
735	1.0	2259	5755	7587	7648	7883
736	1.0	260	513	760	1128	2073	2781	3280	3300	3873	4373	4400	4453	5972	7117	7584	9074	10374	11011
737	1.0	716	1213	1638	2337	2370	2406	4561	4967	5488	6495	6666	6924	7884	9832	11090	12227
738	1.0	170	1548	2076	3404	3744	4656	4895	5489	6249	7432	9161	9187	10887	11585	11657
739	1.0	4221	5776	7774	11892
740	1.0	4080	11127
741	1.0	842	3186	3566	4609	5202	5987	6152	7162	7174	7929	8973	10661	10910	11442
742	1.0	1410	3560	4207	4310	4454	4739	4964	4984	5225	6195	6222	7635	9006	9979	10617	10740	11243	11706
743	1.0	1074	1701	3653	3795	4328	4749	5044	5087	5175	6376	6525	6652	6785	6961	7609	7629	8661	8720	10368	10547	11061	11141	11268	11528	12121
744	1.0	4418	7997	8283	11278
745	1.0	2484	5272
746	1.0	815	5361	6628	6690	7265	7693
747	1.0	823	1083	1258	1596	2032	2427	4532	4796	5339	7404	9143	9457	10079	10450	11805	11920
748	1.0	4883	6887
749	1.0	9376	11498
750	1.0	1178	5141	8133
751	1.0	1095	1303	1512	2373	2413	2862	3000	3184	3366	3523	3837	4139	4188	4511	4818	5250	7412	7675	8587	9232	10177	10348	10568	10606	11357	11446	12416
752	1.0	422	467	2423	3445	5550	5970	6259	6439	6561	7529	7684	7806	7993	8006	8458	10528	11225	11800	11937	12370
753	1.0	393	973	1061	2514	2782	2827	3518	3937	4146	4182	4885	5220	5924	6380	6533	7352	7381	7612	7703	8024	8169	8690	8873	9688	9768	10275	10770	10861	11116	11955
754	1.0	1073	8089
755	1.0	7685	8105
756	1.0	559	9419	10951
757	1.0	295	821	1746	2886	3172	3176	4620	4650	5183	5274	5301	6667	7799	12329
758	1.0	21	544	1686	2467	2944	2955	6297	6857	7572	9856	10574	10986	11070	11354	12045
759	1.0	916	1172	1912	5456	6638	7840	8977
760	1.0	2559	4209	7992	9983	10141	10492	10569	10835	10940	11212	11574
761	1.0	527	3674	4841	5594	7153	9235	10331
762	1.0	1006	2216	2951	7730	11189
763	1.0	2348	5636
764	1.0	8412	11489
765	1.0	25	2541	2586	4396	7120	8712	9158	9257
766	1.0	3673	3729
767	1.0	1482	2676
768	1.0	6496	10472
769	1.0	7142	7379
770	1.0	3756	9663
771	1.0	1526	12062
772	1.0	9473	9493
773	1.0	8439	12273
774	1.0	4411	6567
775	1.0	3093	9638
776	1.0	2060	6636	6809	7972	8941	10114
777	1.0	5299	8427
778	1.0	4435	4769	8449	10372
779	1.0	1417	11194
780	1.0	803	3623
781	1.0	6165	6919
782	1.0	6450	11814
783	1.0	689	10476
784	1.0	6006	11292
785	1.0	2821	3561
786	1.0	1265	3085	4365	4999	6816	8451	10031	11794
787	1.0	2983	5552
788	1.0	4506	7423
789	1.0	152	2750	4771	5434	5888	6109	9572	10227	10461	10879	11088
790	1.0	216	610	711	1183	1884	2835	3265	3333	4692	5136	5643	5841	5917	6140	6211	6255	7748	8284	8642	9226	9233	9305	9332	9510	9683	10647	10700	11341	11460
791	1.0	2767	3583
792	1.0	7706	8731
793	1.0	258	807	2518	3198	3461	4009	4091	4362	5492	7049	7577	7656	8237	8319	9228	9549	9712	9757	9766	9951	11886
794	1.0	4088	8897
795	1.0	943	1007	1620	3770	4293	6291	6591	6951	8029	8148	8392	9252	9253	10182	10971	11248	11329	11675	12152	12194
