1	1.0	7812	2844	10293	3413	8540	1832	7300	12376	4142	9981	7800	3766	4335	712	5462	8337	8027	3640	3038	10193	4136	3843	6311	1187	64	10806	2398	1082	2775	11131	10234	6263	173	3479	11287	9726	11740	5004	243	3154	7901	5485	106	7628	4051	2793	6505	848	12287	11458	11455	335	207	2598	10258	4431	3002	1902	2805	2569	9040	182	6047	8067	168	5656	8472	220	12101	11060	2695	9805	8079	7280	4558	9013	9050	12192	9056	12113	4338	11074	7476	894	9355	617	5735	2979	1888	8791	4797	1055	5836	5833	7068	7586	1971	4663	11960	1684
2	1.0	1306	2716	4479	7111	4574	9164	12402	3123	9836	3256	3857	403	10587	7750	8902	10886	5464	914	4876	4408	2077	6655	50	12304	373	2064	6390	8233	4323	10046	1921	7241	5314	7880	5681	1232	3588	3951	2284	9523	8454	7863	3311	7028	8693	8357	3508	6056	12008	6429	438	11389	6671	7544	430	1227	591	3614	3615	1340	10303	9317	4636	744	3161	6433	5705	655	11915	3890	2117	902	7647	3283	5216	7168	3886	6298	286	6696	2864	9107	1846	3063	6746	3065	1895	5645	9592	4691	1969	11178	11077	10489	9959	7747	2641	9555	476	8727
3	1.0	6962	8253	9360	11782	8017	3655	7380	5075	27	4673	10816	2400	10586	9685	7753	8432	991	2462	3934	5068	11830	12068	10689	10448	6845	7253	7608	11778	11474	11904	6253	3827	1129	4320	10730	1481	8329	6457	7130	3386	9383	5566	6516	9782	1522	2440	1138	3816	3663	6589	7059	9001	9483	6177	7902	781	1431	3503	5573	11452	3612	332	4101	10799	11979	7925	10155	1590	12023	10848	10849	7701	3889	9437	5813	2028	3906	3900	9752	9751	9596	5353	6417	6186	1691	8841	9427	11716	772	10078	4507	7663	5042	9294	946	4015	7501	1687	7185
4	1.0	8626	2843	8985	134	10102	67	8267	4901	1549	1370	6240	7196	11181	981	1155	2707	10285	1151	4563	8537	7250	2394	2395	921	1662	3777	10029	3947	5604	6905	11133	7873	10605	5685	2178	2261	2075	9082	1135	11122	5899	9485	6770	8892	3015	11597	4954	11946	452	8743	1229	8465	9637	5548	1589	2057	7091	4949	656	737	3082	2908	8378	11238	8265	2478	3379	1189	5226	6755	8838	2100	2734	2736	5118	553	3531	12092	11407	5808	2721	8552	8249	11555	11990	10469	12419	2088	11169	12361	9800	8769	4851
5	1.0	9121	11101	4626	8420	11803	1735	1260	1169	3440	5663	7791	2193	7978	3146	11291	10512	9166	10692	231	10344	7861	8912	1982	11745	1637	7632	5854	1838	7617	1960	9834	9312	732	7416	12310	11704	4493	283	1291	9686	7293	4143	9180	10912	5280	6990	6649	6773	1332	1486	10508	12046	9741	7106	9550	4354	5482	2974	11237	9845	11693	5428	5298	1800	2314	1048	7376	3308	5400	2396	8815	11611	8699	9949	2510	12126
6	1.0	604	10143	8251	2471	9537	554	889	3944	9531	7382	8138	9037	9490	7974	10346	7137	12070	4008	1777	8093	3212	1680	9865	5721	4747	978	9894	5785	6325	9407	5904	6968	2111	812	10930	8733	11864	11182	2872	6594	11459	3466	8205	3741	10428	5109	8573	7618	2950	5738	96	4732	11756	7442	8080	8188	10190	6466	2897	1974	4718	4070	8183	6562	10949	3840	1470	2270	1476	12300	4859	10192	1514	11857	5427	359
7	1.0	6545	1474	2865	598	8475	145	4104	4455	10431	9167	9495	10792	9613	1775	7245	3297	4040	3551	4696	7203	1580	9817	3218	5644	8927	11910	11441	181	8345	2030	1293	1394	3750	10669	937	10151	3584	9881	1008	7558	759	4252	10174	4333	5027	3954	5891	9767	164	6619	9174	11392	7879	11799	10964	6940	4409	4734	4405	5574	9424	10922	8813	7419	5931	7525	7405	7401	10757
8	1.0	10322	3902	3761	6598	8179	2719	6169	9499	9184	4762	10342	8015	2945	11155	10923	12372	8708	4539	791	5273	4809	3458	4175	7980	1373	3972	186	9566	8494	282	10134	3879	9724	2441	10075	9405	2939	464	4882	1069	4331	261	1951	6156	9647	2833	7004	6547	6469	3249	6587	2990	944	1714	2496	11735	1455	6073	9698	8834	10779	1661
9	1.0	1167	8250	2732	5297	1315	663	6858	4395	12051	12053	3060	9734	10024	11789	254	5493	3452	2341	1543	11368	2131	4145	6470	1195	11621	10916	5845	12159	1560	250	6908	5067	1338	8510	9448	1101	4928	2296	5324	7565	5124	2327	167	4598	4839	7378	6406	11374	1603	2315	8945	5240	12108	11111	3605	8706	2141	1842	1763	8768	2399
10	1.0	8255	3825	558	157	9738	2710	11344	8445	8440	9225	10435	5074	8784	6267	3348	5796	9634	7630	1718	7070	3127	1039	9406	739	11423	1791	6976	2911	8399	10154	4194	1984	1152	3319	4502	6842	8640	9356	10442	10556	4210	6279	6502	2575	5712	6772	1565	9887	3117	7469	1682	2552	1872	1668	3067	8850	6339	6873
11	1.0	4083	11829	10327	10537	1204	577	2450	11823	6476	11524	3274	5880	3147	3296	7836	2345	9386	1634	5038	5629	2562	10189	7611	5192	10811	1015	11629	12157	12357	1672	9119	10179	8042	6992	8991	120	6176	9198	3701	223	8261	9311	9869	10003	2333	4422	5611	3373	11356	1606	12142	2006	11639	8835	11816	2536	2252	9926
12	1.0	883	9261	1941	6851	10536	5241	700	3865	4531	7652	7918	7116	2198	3670	5268	10899	5942	5411	5351	9287	4120	3022	9689	11365	6684	10933	1175	1174	11186	10058	3101	2761	11066	1137	10316	8061	6444	8955	5733	8694	9703	2546	4174	11672	5619	5412	1063	6396	5631	8182	1875	532	12220	3448	2678	7857
13	1.0	579	195	4269	336	3755	6949	3006	10369	4432	2098	1814	8864	11151	5257	1541	7157	1428	5311	1581	525	4868	9563	11445	11938	2389	189	1752	1110	11917	11184	5387	10311	8393	6730	3708	6616	4436	11082	3313	5558	97	5583	4634	10371	2577	10034	1973	3033	7728	5856	8766	11659	3986	10928	4113
14	1.0	10414	3776	2869	706	10674	8680	9671	3064	5071	9635	11566	2823	5415	6342	4724	7263	7495	6369	11440	340	8603	9695	10362	361	3303	144	2447	5166	2762	2634	5995	1957	8453	229	9318	8126	6952	10223	2047	5265	12218	6118	1020	3542	6136	3372	3506	7600	1107	7407	1035	3301	4764
15	1.0	7936	1794	12052	7012	9223	11406	9620	2521	5943	4416	12010	7198	10911	367	12131	3842	8376	1176	750	1092	9662	2702	6674	382	6937	10022	2506	149	7122	4587	105	2553	6543	10847	896	7212	1029	925	2147	2129	1471	9577	3237	9799	4970	11738	307	11840
16	1.0	9123	603	749	2909	3762	8381	5095	5605	11136	4103	3298	11781	5054	8468	1488	8402	5820	8326	1542	3638	23	9129	5547	4514	3697	6309	12214	1671	8040	1645	5162	4313	1424	9444	9029	12253	4230	5407	1644	960	11265	10597	12204	433	1383
17	1.0	11096	1162	8388	2529	2656	9032	494	5000	3739	8400	10458	9326	5875	2885	5626	4002	8887	5726	10878	5901	7	6305	8904	11934	12098	1566	10834	2429	9131	6975	7804	4339	8773	10338	563	7960	1068	5089	929	11989	2143	12324	1384
18	1.0	10532	6856	5395	6852	748	761	9614	4570	6142	12259	3043	10797	12112	3349	7765	11038	429	1569	2156	11769	6183	1292	4259	9600	7291	3130	9986	9316	4235	12065	3205	6422	3321	2895	11537	9964	11594	3195	7899	3399	2167	1764
19	1.0	1304	4307	4363	2479	9030	3145	5336	6458	4615	8274	8404	11033	3794	1967	6413	9561	10667	12311	280	5789	5288	8044	4250	11977	8539	5206	9023	11147	4428	3449	6276	2576	6461	2279	7141	1439	11965	6370	5811	8118	2691
20	1.0	3922	4261	9478	6985	2739	4834	6928	113	6843	5070	3045	7387	10345	11453	2883	1831	2228	5564	7591	11622	12211	8908	7988	1010	402	10262	10156	1352	7669	3129	6717	7782	3012	3017	4014	2751	920	2164	9952	10829
21	1.0	2846	5882	7953	5499	5506	119	6909	6002	12379	7308	8199	10897	6762	4384	12316	11967	8496	281	548	1651	11468	5386	6804	677	305	3979	387	11083	7844	8123	5653	7906	11282	4719	867	2085	6358	2419	11326	4950
22	1.0	10530	8426	4899	8749	4530	10671	9651	3001	4227	1903	5256	8884	3023	1694	3183	9545	1656	3916	2625	2763	9583	9004	3133	2952	5597	3152	705	5365	6464	1845	3964	8564	10901	11733	9095	11599	2066	6694
23	1.0	4305	10675	8566	11202	5212	7341	1896	8541	7673	7454	4729	10851	11483	6578	11839	12097	4	6026	9426	1627	9606	8229	4094	3179	11211	73	1953	2055	9982	6613	5618	3463	7069	5260	8187	2109	5919	5851
24	1.0	4760	10579	11229	278	256	9912	6345	4824	699	5561	11669	7949	9781	1506	11700	5163	9608	3483	2276	4233	6094	8797	6272	8181	8762	825	1572	8856	8586
25	1.0	8158	3599	275	7039	4222	4674	5724	6061	8907	11818	9104	6247	2461	3621	9374	1333	8574	7966	4350	4152	4731	2217	3787	4131	5710	11779	518	2409	1003
26	1.0	8609	154	8154	4619	8529	8548	7855	8277	6926	7003	4728	6764	2480	5545	3753	10402	4317	10703	2469	12042	8575	129	3159	6173	11049	12006	8001	6412	10599
27	1.0	11126	337	4785	9774	5496	9306	9996	4909	8817	5989	11400	3559	7515	10607	811	4847	204	7967	8334	3316	3422	11511	1723	5085	8344	8486	9557	12021
28	1.0	10168	6913	4789	10434	2880	3820	6477	2666	12216	911	2361	10526	3959	4090	8770	7946	7864	241	6670	7789	1026	2556	9808	7067	4159	6378	7026
29	1.0	768	9108	5036	8349	7322	11301	9994	7302	6715	12019	1618	11461	327	5800	12276	7290	2816	4199	8330	6617	9861	4629	2970	7903	4716	2884	3036
30	1.0	605	597	5296	5155	4243	8444	6532	11564	8822	4802	1502	11870	6323	2031	12171	5962	4272	11121	8129	6918	1550	5184	7086	6310	2698
31	1.0	1307	9124	6967	660	6708	3679	9288	2783	12119	2018	8803	3365	8715	635	5389	72	7965	6171	9393	3502	7524	7745	9692	12088	1369
32	1.0	9262	372	3809	10047	5768	8365	3652	7011	11744	4742	1658	8827	637	9825	3649	1911	8318	7271	4831	1826	10828	437	11457	11632
33	1.0	11091	8369	1200	1088	7975	8324	10126	8569	2524	5310	4948	12035	8658	1567	3836	1774	10159	6639	9453	8998	2312	12003	11862	4953
34	1.0	5176	10538	6601	9053	6538	6668	8659	2742	4848	738	7537	3580	2321	12284	7620	8003	906	6278	5081	7427	6314	805
35	1.0	6519	8231	12145	4390	11749	8635	2890	2632	5692	8767	4631	1865	6869	1669	523	5973	11616	11479	5977	3083	4843
36	1.0	3547	4668	4669	3883	7451	11261	4753	9520	1695	8428	7220	9008	7235	8545	10906	6925	7029	484	4840	10014
37	1.0	4715	7169	2195	7934	4904	10082	12235	7188	8565	3763	2138	6673	4521	10116	9042	2530	4780	6036	4694
38	1.0	7118	7244	5396	206	7614	7827	11827	2272	3630	4058	1681	8616	11577	6650	12064	11662	11618	8364
39	1.0	5587	5822	7935	9544	1740	864	6100	1490	3178	7204	6530	5732	6419	12149	11224	4552	1415	5682
40	1.0	8922	4067	7527	1719	466	11942	9618	7759	12172	1114	1926	11325	7342	12120	7665	3291	10741	110
41	1.0	6820	6819	3868	11752	2848	6731	572	4640	2325	6983	5305	53	61	11871	9699	8831	8543
42	1.0	10787	593	8862	2960	10059	11004	465	11933	11267	845	11876	2804	11056	7276	7498	4206	11571
43	1.0	11308	10088	7810	114	6037	4890	6801	4655	11929	2382	3180	4111	7014	2158	4489	6053	682
44	1.0	1849	592	8899	3748	7156	1218	6984	1052	9283	7217	400	7436	11277	2079	6463	2377	8289
45	1.0	854	10185	2723	1231	4043	9455	8159	1267	5461	8373	9880	82	4855	483	7794	9556
46	1.0	11751	1341	10313	11104	710	7643	6611	2180	11940	10239	12185	8678	5513	913	3156
47	1.0	7096	4932	12114	2214	1077	940	11614	7507	5205	8891	8840	8679	7846	1539	11554
48	1.0	3603	4364	997	205	9275	10169	7390	11883	12348	755	3977	4787	10803	2163	5437
49	1.0	5584	1540	2490	6947	11505	5405	6101	3332	5787	4327	11878	9646	10493	10015	1574
50	1.0	2873	8363	11258	12399	9807	980	2304	2237	6722	11900	9185	7054	10785	10682	7508
51	1.0	6509	875	11956	3495	4254	575	3721	5847	7223	1720	264	11059	8618	516
52	1.0	3541	8046	6133	11695	10291	4368	10704	5937	12237	8317	8674	10924	1113
53	1.0	784	11191	2718	1732	5234	11253	10865	9017	828	5759	912	8929	5848
54	1.0	4167	7710	11233	11587	9285	11110	453	4533	10386	7354	11697	497	8939
55	1.0	3557	4157	8861	5443	3030	588	1353	2026	8571	4635	6483	8582	1458
56	1.0	2913	595	7813	5343	7066	6980	7350	5475	918	8474	813	11312
57	1.0	8057	213	4397	1781	3867	3945	9813	10769	11768	1442	3056	7709
58	1.0	7287	5885	10065	674	4244	35	11872	3134	5661	6044	7786	1411
59	1.0	5002	1320	787	2473	5342	985	10384	11349	7131	708	3110	8579
60	1.0	2860	9206	7923	1133	5519	5870	4898	6894	9631	139	5479
61	1.0	11172	3465	7391	5148	2489	4752	12313	8554	4794	11303	11435
62	1.0	4908	9904	8094	8874	9370	9470	3478	1194	7205	3103	1766
63	1.0	4189	6797	627	1935	947	12295	11089	2385	11272	11081	10681
64	1.0	1948	11544	9966	4140	7504	4632	3973	10566	7681	6252	5976
65	1.0	3830	5385	599	1943	11686	218	4326	3535	8019	6083
66	1.0	11036	3904	831	12293	2982	2987	7956	4992	2005	9866
67	1.0	10318	10841	4727	4912	10300	4592	11710	11449	6920	7667
68	1.0	10320	4112	5879	2204	6914	4651	8452	10664	3351	5758
69	1.0	1546	7333	5341	8997	4039	4492	7676	11561	2686	8665
70	1.0	2474	1310	3200	2424	1367	4596	9593	8280	3991	12203
71	1.0	1302	4738	1273	3492	9015	1493	5876	4238	2245	6231
72	1.0	2201	11199	2153	576	9586	2386	6633	6315	3098
73	1.0	8500	7574	664	1106	8551	3416	10499	6935	8857
74	1.0	8366	7234	7520	642	3844	10795	9594	2171	7013
75	1.0	2778	10166	11162	10722	11333	12205	8794	9889
76	1.0	8161	4163	1997	7139	3091	10108	5379	3733
77	1.0	8087	8877	6987	3221	1947	10467	7820	11086
78	1.0	10416	9021	2878	6438	10582	2680	6874	3188
79	1.0	692	7273	4884	12294	7470	5921	7001	10027
80	1.0	3390	9075	10326	9128	7206	2798	9984	7885
81	1.0	6855	11269	10451	10584	915	4976	8546	10684
82	1.0	1707	1724	6654	2644	8630	4024	3076	680
83	1.0	8107	9903	11499	12384	8588	2168	8338	6487
84	1.0	9153	5717	9533	6719	6086	8489	12337	4866
85	1.0	8480	773	7928	7852	2036	6721	5961	8938
86	1.0	8778	1301	4192	2538	10578	9764	10028	10117
87	1.0	11108	2786	6418	4000	11687	4185	7150	7719
88	1.0	2438	3950	3185	9466	9025	11430	728
89	1.0	1027	4074	1819	5740	6884	6714	2166
90	1.0	1094	4298	11970	12383	5097	8013	5859
91	1.0	5402	6966	1786	4241	7104	11849	1811
92	1.0	4262	6998	4419	4318	1536	11223	9171
93	1.0	1147	11797	4746	7060	11345	7941	7821
94	1.0	9071	968	2358	12139	5895	9680	2149
95	1.0	4547	9251	8336	6710	10343	4842
96	1.0	6113	8248	2177	7832	7509	2012
97	1.0	9330	49	6285	3852	9432	3858
98	1.0	5380	1233	5704	1839	7398	5562
99	1.0	1830	4042	6829	4879	5031	6901
100	1.0	7080	2054	8621	2930	374	3199
101	1.0	3690	47	3092	5927	6895	9044
102	1.0	8718	11714	4073	9382	12229
103	1.0	2118	8172	12231	6353	1093
104	1.0	2758	3347	6478	10936	11039	12036	12210	12270
105	1.0	112	180	972	1762	1783	2545	2673	2704	2893	2937	3018	4129	4873	5190	5393	5473	5538	5739	5916	6216	6236	6964	7497	7582	7823	8559	9277	9535	9621	9761	9857	9911	10444	12394
106	1.0	3287	3387	4766	5423	9938	9977	10363
107	1.0	930	1704	5144	5571
108	1.0	2150	5607	6296	6577	9735
109	1.0	426	528	1827	2733	2765	3327	4826	6031	6095	6579	7472	7793	7853	8220	9019	9098	10581	10726	10768	10804	11043	11045	11500	11653	11831	12163
110	1.0	274	321	531	704	837	1575	1901	2463	2523	2567	3190	3524	3594	3893	4759	4788	5377	5448	5567	5575	5730	6312	6916	6961	7654	7792	7957	8270	8441	8965	9130	9954	10005	10157	10368	12371
111	1.0	208	234	240	499	652	959	1018	1070	1463	1914	1923	2108	2526	2959	3020	3051	3271	3344	3406	3454	3472	3676	3871	4177	4381	4402	4509	5110	5397	5472	5696	6440	6883	7034	7063	7165	7177	7859	7905	8167	8184	8646	8688	8823	8967	9189	9867	9921	9988	10103	10161	10473	10754	10781	10913	10950	11193	11263	11394	11540	11638	11908	11969	11983	12289	12307	12412
112	1.0	535	1892	2300	3442	4183	4881	5185	6398	6447	7909	7920	8054	8225	8524	8806	9264	9641	12181	12306
113	1.0	301	961	1473	1641	1659	3681	3978	4621	4623	4934	5494	5809	5938	6025	6287	6371	6692	6704	6814	6878	7044	7173	7327	7413	7645	7919	8340	8356	8379	9579	9719	9895	9929	10593	10868	11546	11844	12043	12080
114	1.0	2557	7425	7947	9073	9329	9792	12032
115	1.0	1171	3538	3694	4784	6812	7914	8056	8090	11705	11757	12124
116	1.0	54	248	513	629	632	633	636	714	1251	1398	1452	1586	1690	1739	1945	2216	2263	2730	2906	2916	3293	3700	3848	3920	3935	4121	4477	4573	4827	4930	4978	5025	5111	5349	5354	5675	5709	5834	5897	6082	6621	6837	6939	6950	7027	7090	7343	7485	7488	7503	7543	7549	7581	7874	8273	8325	8423	8491	8906	9126	9127	9371	9548	9736	9780	10052	10100	10609	10733	10827	10993	11123	11460	11694	11812
117	1.0	1711	3745	4968	5429	5440	5637	8371	9033	9806
118	1.0	1329	2154	2308	2640	2755	3641	3650	4931	5142	5641	6375	7041	7695	7831	8978	9831	10660	10830	10995	11380	11557	12303
119	1.0	48	56	556	775	841	1242	1362	2231	2509	2520	2933	2953	3591	4044	5039	5247	5591	5786	5861	6218	6260	7073	7233	7410	7465	7958	8518	8775	8814	10165	10211	10339	12118	12317
120	1.0	1157	1305	1400	1755	2059	3242	4060	4336	5497	6111	7640	7796	8149	8178	8550	8669	8684	9014	9339	10678	10926	11173	11176	11641	12241
121	1.0	80	326	393	479	808	964	1061	1087	1214	1532	1654	1698	1808	2352	2393	2514	2782	2827	2918	3173	3248	3518	3855	3937	4132	4146	4179	4182	4253	4337	4474	4555	4877	4885	4902	5220	5487	5671	5894	5924	6191	6380	6494	6752	6833	7016	7097	7267	7381	7547	7612	7703	7843	8024	8150	8321	8673	8690	8751	8852	8873	9111	9150	9202	9328	9376	9394	9458	9580	9609	9688	9725	9821	9864	10148	10275	10426	10545	10770	10861	10921	11116	11289	11492	11498	11777	12082	12395
122	1.0	338	1741	3488	4168	4211	4441	4814	4875	5158	6019	6097	8424	10019
123	1.0	74	443	551	587	717	1561	3398	4036	4117	4357	4685	4887	5334	5426	5585	5725	6539	6549	6960	7779	7784	8173	9482	10056	10261	10535	11218	11336	11436	11559	11563	11708
124	1.0	1382	1559	1803	2174	2806	3314	3430	3864	4187	4239	4459	4916	5684	6959	8584	8753	8964	9137	9423	9753	9763	11235	11842
125	1.0	490	741	747	898	1309	1801	1809	2236	2271	2861	3235	3727	3845	4537	4572	4995	6058	6283	6685	6841	6897	6927	7021	7030	7539	7540	7707	8257	8696	8854	9309	10655	11018	11175	11362
126	1.0	676	863	1115	1207	1958	2239	2459	3459	3736	3943	4266	4524	6201	8305	9901	10771	10953	11130	11350	11490	11692	11897
127	1.0	132	852	1418	1810	1833	2172	2439	3019	3917	4585	4662	5101	5193	5600	6391	7353	7891	8207	8387	9186	9731	10010	10612	10693	11210
128	1.0	155	945	1345	1925	3288	3292	3380	3832	5197	9465	11715
129	1.0	1456	2454	4003	5998	6066	7331	8119	10510	10665	10939	11355	11454
130	1.0	2924	2932	3696	3811	4055	5595	6500	10172	11094
131	1.0	769	849	2669	3702	5908	9581	9885	12116	12175
132	1.0	68	435	816	2368	2773	2808	4267	4355	4862	6059	6060	7321	7624	8782	9575	10735	11353
133	1.0	45	77	713	893	933	1104	1213	1280	1518	1932	2406	2503	2696	2928	3025	3255	3317	3911	4275	4661	4736	4974	5066	5455	5601	5754	5855	5862	6008	6208	6241	6490	6821	7102	7358	7594	7666	7688	7777	7780	7865	8122	8137	8256	8377	8384	8596	8651	8668	8702	8869	8979	9278	9281	9323	9983	10050	10178	10492	10592	10870	11031	11057	11065	11164	11404	11683	11707	11780	11926	12143
134	1.0	493	1044	2949	3069	3181	3396	3505	8416	10407	10893	11512
135	1.0	3204	4943	7085	7221	7299	7422	7849	7888	8157	9408	10438	11064	11288	11711
136	1.0	561	648	726	1126	1270	1444	1792	1897	2240	2628	3054	3148	3400	3496	3797	4218	4273	4471	4606	4795	5187	5217	5408	5542	5627	5745	5782	5812	6106	7184	8032	8155	8375	9093	9151	9479	9539	9639	9816	9957	9974	10507	11080	11274	11321	12123	12341
137	1.0	4079	5498	7020	7079	7803	9657
138	1.0	364	573	580	1074	1269	1464	1701	1859	3653	3773	3795	4148	4328	4749	5044	5087	5175	5249	5313	5368	5435	5680	6376	6525	6652	6785	7609	7629	8661	8677	8720	9269	9368	9513	9976	10240	10266	10288	10547	10583	10712	10869	10903	11061	11141	11148	11268	11528	11943	12121
139	1.0	491	2350	3939	7651	10446
140	1.0	1864	4486	9742	9760
141	1.0	196	5484	6403	9336
142	1.0	3165	9442	10761	10820	10872
143	1.0	9	70	4045	12111
144	1.0	405	3644	5203	6501
145	1.0	3577	5868	11330
146	1.0	2709	3243	7596	9009
147	1.0	1728	4917	8568	8820	9211	9310	10272	10853	10952	12221
148	1.0	4508	7781	8398	10717
149	1.0	679	4418	7829	8163	8283	8612	12105
150	1.0	2086	2700	2803	5935	6328	7092	9049	9177	10433
151	1.0	5137	6826	7393	7462	7619
152	1.0	228	1605	6585	9387	10819
153	1.0	658	1469	1900	1985	4905	7179	7638	7733	8385	11072	12342
154	1.0	5791	7025	10973
155	1.0	1396	3803	4231	4426	9874	10954	11314
156	1.0	3032	4705	4989	7340	7715	8613
157	1.0	727	2219	6866	7312	7438	12236
158	1.0	2056	2196	2870	4741	6220	8131	10929	12340
159	1.0	252	284	693	974	1726	1837	2277	2996	3743	4108	4505	4568	4888	4911	5102	5248	5753	6387	6451	6748	6788	6893	6965	7356	7867	9068	9101	9342	9967	10550	10591	11203	12405
160	1.0	2285	3003	3525	9420
161	1.0	799	1756	5252	5912	6434	6568	7140	8531	9359	9462	10747	11804	12252
162	1.0	235	1243	1278	1286	1643	2038	2418	2486	2807	2810	2902	3240	4110	4265	4469	5122	6203	6546	6608	6948	7328	7513	8202	8246	8556	8808	8879	8924	9092	9216	9504	10213	10918	11034	12024	12027
163	1.0	100	1530	9875
164	1.0	3189	5540	6629	7317	7720	7987	9723	10191	10977	11620
165	1.0	1805	2636	10773
166	1.0	355	8910	10051	10307	11884	12034
167	1.0	838	3419	8071	11001
168	1.0	6979	10497	11482
169	1.0	1	31	1880	4370	8219	9436	10640
170	1.0	428	3946	4870	5010	6612	6732	8361	9250	10511	10516
171	1.0	521	1708	3209	3544	4518	6108	6659	6813	7578	8716
172	1.0	1390	4122	4900	5115	6955	7896	9416	12280
173	1.0	381	3426	6022	11209	12190
174	1.0	990	2417	3826	5559	6274
175	1.0	273	1336	3563	3771	6808
176	1.0	32	417	7124	7428	9300	10299
177	1.0	1480	10543	10898
178	1.0	121	1030	10659
179	1.0	4966	5546	11331	11881
180	1.0	7062	12093
181	1.0	8953	9518
182	1.0	5688	7598	8418	10233
183	1.0	199	1487	2859	5579	5581	5826	6428	9144	10122	10237	10788	10961
184	1.0	3668	7964	9715	10139
185	1.0	1989	2618	3270	6067	6436	6699	6702	7275	9113	10309	10884
186	1.0	5985	6946
187	1.0	450	6776
188	1.0	9132	12327
189	1.0	104	4387	6401
190	1.0	5844	6640	10465
191	1.0	1716	2470	4276	5672	5769	7209	7881
192	1.0	2	143	179	202	253	669	790	1034	1056	1180	1374	1538	2281	2445	2531	2735	3120	3375	3625	3833	3875	4295	4383	4633	4801	4863	4959	5136	6174	6302	6431	6795	7226	7256	7998	8030	8316	8642	9226	9939	10012	10204	10481	10647	10881	10902	11338	11660	11837	12328
193	1.0	3374	4236	11222
194	1.0	9519	10706
195	1.0	4066	7144	11676	11734
196	1.0	312	517	1075	1391	2969	4098	4415	4735	4767	4813	5214	6039	6046	6185	6493	6561	7477	7868	10641	10662	10915	11726
197	1.0	653	688	2642	4082	4324	4649	4786	4856	5221	5975	6264	7009	7514	7915	8243	8268	8351	9002	10334	12148
198	1.0	3201	7215	9065
199	1.0	3468	12137
200	1.0	3610	4671	5505
201	1.0	7955	10632	11798
202	1.0	9301	10549	10919
203	1.0	4647	5752
204	1.0	976	4452
205	1.0	2074	2238	10394
206	1.0	2081	3815	9841
207	1.0	950	1528	5737
208	1.0	2927	6341	7373
209	1.0	2294	11932	12314
210	1.0	230	785	996	1036	1737	1938	3970	4030	5012	5264	5714	5718	5956	7017	7542	7898	7999	8443	8595	10522	10974	11002	11135	11980	11988
211	1.0	2779	5104	7841
212	1.0	5850	6817	10370
213	1.0	2256	3601	6468	8204	8407
214	1.0	3096	9506
215	1.0	1544	2291	2620	3250	6350	6680	6970	7691	8923	9670	10162	11050	11216	12217
216	1.0	4038	6158
217	1.0	1275	11359
218	1.0	5803	7200
219	1.0	9296	10855
220	1.0	574	628	5613
221	1.0	1785	6028	10253
222	1.0	1968	3263	5801	6835	6872	7969	8528
223	1.0	1178	5141	6474	7415	8133	9258	11841	12128
224	1.0	440	1150	2785	11029	11179
225	1.0	1916	2186	4316
226	1.0	1977	2484	5222	5272	8951	9743	11689	12191
227	1.0	454	733	2978	3537	3988	4080	4322	5261	5503	6221	7087	7626	8180	8466	8483	9907	9941	10104	11127	12133
228	1.0	58	146	152	349	549	763	851	1000	1342	1653	1883	1885	2067	2094	2113	2515	2613	2813	3187	4712	5199	5486	5723	6590	6630	6637	6691	6830	7430	8210	8370	8625	9229	11339
229	1.0	485	1485	3554	8175	9995
230	1.0	585	7788
231	1.0	5599	10694
232	1.0	4812	5416	5444
233	1.0	6522	7228	10096
234	1.0	2128	8811
235	1.0	6122	8437	12015
236	1.0	1602	11550	12173
237	1.0	2889	12104
238	1.0	2332	7426
239	1.0	10351	10814	11502
240	1.0	6103	7466
241	1.0	4496	9932
242	1.0	1868	8798	10194
243	1.0	969	1416	1636	1869	2416	2423	2677	2972	3657	4667	5332	6259	6631	7414	7529	7835	8649	8741	9142	9254	9512	10295	10302	10321	10580	10852	11800	12026	12370
244	1.0	8758	10683	11673
245	1.0	7694	12136
246	1.0	7954	8464
247	1.0	5179	11928
248	1.0	4406	9554
249	1.0	469	1177	1460	1950	1975	2046	2390	2425	5200	6034	9091	9290	10759	10909
250	1.0	2355	2488	8038	8795	9331	9443	11547
251	1.0	1910	10826
252	1.0	1303	3184
253	1.0	1524	10957	12048
254	1.0	3484	9183	9908
255	1.0	1430	7022	7330	8632	10750	11219	11415	11485
256	1.0	6331	6441	6757	10230	10265
257	1.0	1017	1782	2044	3474	7481	9973
258	1.0	1584	6775	6930
259	1.0	5072	11158
260	1.0	559	9419	10951
261	1.0	1712	1806	3214	3456	3587	3778	5270	7071	7294	7314	9282	9787	9788	9797	11439	12106
262	1.0	2084	7722	11728
263	1.0	3780	11826
264	1.0	3016	4377
265	1.0	865	7952
266	1.0	6828	10896
267	1.0	3813	8619
268	1.0	190	3272
269	1.0	7822	11472
270	1.0	3429	7445
271	1.0	127	10323
272	1.0	541	2525	3024
273	1.0	486	644	1073	1700	2694	3337	4602	4607	4903	5572	6527	6807	7192	7457	7845	8089	11295	11486	11973
274	1.0	5063	10061
275	1.0	8018	9815
276	1.0	668	8577
277	1.0	1435	9534
278	1.0	1102	3138	3671	3938	5390	8515	8760
279	1.0	5872	8580
280	1.0	2259	7883
281	1.0	1526	12062
282	1.0	1955	2585	6517
283	1.0	40	986	1103	1660	1964	3111	5207	5307	5598	6054	6163	6552	6904	9568	10283	10818	12127	12161
284	1.0	159	4491	5138	7036	9246
285	1.0	242	3062	3233	3686	3765	4960	4977	5164	5563	7181	7674	8099	9468	9615	10002	11007	11260
286	1.0	356	388	458	718	822	862	1043	1285	1509	1867	2631	2789	3126	3144	3818	5001	5306	5551	5702	5767	6307	6958	8599	8713	8771	8809	9016	9272	9415	9708	9905	10226	10453	10572	10622	10702	10862	11306	11402	11470	11582	12125
287	1.0	1745	2435	5019	10727
288	1.0	2657	6560	8350
289	1.0	343	707	1475	1759	1991	2615	2850	3397	3462	3628	3849	3925	3952	4659	4772	5413	6030	7113	7486	7932	7938	8216	8434	9521	10883	11014	11137	11286	11742	11801	11847	12166	12397
290	1.0	325	2941	7008	7487	9888	12162
291	1.0	4438	7506	9334
292	1.0	6023	8905
293	1.0	1228	7084
294	1.0	2235	3617	12201
295	1.0	2679	4393
296	1.0	3439	4109
297	1.0	1767	5439
298	1.0	2381	3675	9560	10441
299	1.0	6381	7593	7704	12031
300	1.0	1918	3709	7687
301	1.0	7055	8242	9197
302	1.0	7951	9963
303	1.0	6879	8069	8594	10420
304	1.0	1894	4528	5391	11617
305	1.0	1058	1246	3174	3340	11299
306	1.0	334	10409
307	1.0	9832	12227
308	1.0	2287	4562
309	1.0	0	3791	9209
310	1.0	4722	5504	8819	9456
311	1.0	5020	6164	10714
312	1.0	502	7505	9652
313	1.0	881	1143	1552	2062	4569	10836	10996
314	1.0	46	1715	3277	3808	3850	4023	5049	6662	9702	11950	12339
315	1.0	2581	4423	6245	7557	8695
316	1.0	2989	4837
317	1.0	8323	12282
318	1.0	887	7639
319	1.0	260	1128	3873
320	1.0	2107	2208
321	1.0	1457	5815	6425	7108	10008	11469
322	1.0	8652	11084
323	1.0	1579	2645	9038
324	1.0	1025	1621
325	1.0	7453	10057
326	1.0	1040	7182
327	1.0	942	1851
328	1.0	2371	3682	6969	10460
329	1.0	7191	8484
330	1.0	7939	11428
331	1.0	3897	4017	7304
332	1.0	4646	5658	8534	9896	11465	11720
333	1.0	8514	11532	12232
334	1.0	212	492	589	1205	1414	3710	4589	5048	5060	5219	6051	6794	7634	8497	9906	11762
335	1.0	170	295	760	1548	2076	2781	3300	3404	3744	3846	4616	4650	4895	5183	5489	5577	5948	6004	6043	6268	7117	7432	7584	7766	8254	9133	9161	9187	9348	9527	9998	10009	10374	10887	11016	11657	11850	11887
336	1.0	667	1746	2886	4620	5006	10329	11949	12329
337	1.0	552	1254	5964
338	1.0	3757	7869	10783
339	1.0	6347	10809
340	1.0	2063	2857	4725	6427	8761
341	1.0	4980	11444
342	1.0	1503	5275
343	1.0	98	3838
344	1.0	2737	5294	9868	11487
345	1.0	2218	2703
346	1.0	8655	10786
347	1.0	165	3703	9471
348	1.0	468	3322	3362	3546	4034	4497	6580	7076	8457	10518	10808	11113	11371
349	1.0	507	869	2173	3522	6250	7444
350	1.0	268	2749	3918	5195	6620	8328	11552
351	1.0	2814	11774
352	1.0	449	9191	11581
353	1.0	5987	8973	10661
354	1.0	3565	9324
355	1.0	6496	10472
356	1.0	4420	9762
357	1.0	850	1876	4398	4808	7266
358	1.0	456	3971	5694
359	1.0	2956	3680	5552	6179	6435	7296	7500	9624	11645
360	1.0	1148	3028
361	1.0	3361	10146
362	1.0	191	1519	3545	3637	4450	8671	11369	11885
363	1.0	2102	3536
364	1.0	422	5550
365	1.0	8020	11052
366	1.0	2011	5147	5914
367	1.0	1316	4883	6887	8682
368	1.0	2365	10981
369	1.0	10276	10627
370	1.0	647	651	995	1264	1909	2104	2340	2943	3228	5326	5918	6854	7247	7367	7518	8028	8085	10417	10454	10484	10615	11375	12005
371	1.0	3645	8309
372	1.0	1657	2991	5793	9147
373	1.0	6167	8413
374	1.0	6566	9877
375	1.0	1934	6098	10479
376	1.0	5662	7554
377	1.0	8130	10325
378	1.0	843	1929
379	1.0	1236	1288	6150	8098	8476	9584
380	1.0	3996	6032
381	1.0	2534	4790	5422	7396	8498	8561	9061	9395	9664	10457	10501	10837	10987
382	1.0	136	10490	10596
383	1.0	4130	4578
384	1.0	916	5456
385	1.0	3336	4248
386	1.0	1297	8095
387	1.0	956	4147	10880
388	1.0	2772	10118
389	1.0	2854	3304	10254
390	1.0	1371	2254	3667	4957	5954	7369	9611	11600
391	1.0	2280	2882
392	1.0	5057	5508	6322	7443	8654	9350
393	1.0	681	4478	7035
394	1.0	2162	3639	3817	9035	11071
395	1.0	3494	4769	6849	10372
396	1.0	306	408
397	1.0	1401	12228
398	1.0	2369	3713
399	1.0	2039	4258	7207	8010	9039	9308	10616
400	1.0	8712	9257
401	1.0	5947	9418
402	1.0	941	1321	2986
403	1.0	10410	11671
404	1.0	4221	5776	11892
405	1.0	5507	5623	7583	11679
406	1.0	2898	3767
407	1.0	434	436	7175	7252	8419	10525	11612	12085
408	1.0	6780	9207
409	1.0	2024	3208
410	1.0	2246	10244
411	1.0	2319	2527	10876
412	1.0	3627	12268
413	1.0	2629	2980	3929	4945
414	1.0	6211	8247
415	1.0	5972	9052	11011	11399
416	1.0	4972	12367
417	1.0	4993	10298
418	1.0	771	8816
419	1.0	6450	11814
420	1.0	611	6383
421	1.0	1006	1190	1225	2078	2951	3157	3711	4800	8259	8412	11189	11489	12223
422	1.0	257	8368
423	1.0	3480	11215
424	1.0	4645	8723
425	1.0	1981	4963	7298	11256
426	1.0	522	1261	2800	6816	8451	11041
427	1.0	2020	9457
428	1.0	509	857	2600	4504	8414	10908	12255
429	1.0	244	1881	6200	7050	10904
430	1.0	431	4506	7423	9366
431	1.0	1823	3232
432	1.0	4411	6567
433	1.0	1080	5751
434	1.0	806	824	2511	3450	4282	6329	10084	12347
435	1.0	358	448	3930	6198	7394	8931
436	1.0	21	544	11354
437	1.0	3059	11609
438	1.0	3706	4097	7455
439	1.0	6289	11309
440	1.0	158	6065
441	1.0	1375	1836	4374	7371	10914
442	1.0	4347	4625	5362	11755
443	1.0	547	9080
444	1.0	1427	2375	5560	10119	12150
445	1.0	2892	4935
446	1.0	5757	7662
447	1.0	1972	4941	5277	5580	5853	10098	10856	11150	11880	12319
448	1.0	1663	5495
449	1.0	2431	4665	5363	5603	6738	8894
450	1.0	8523	11997
451	1.0	6881	8490	11391
452	1.0	3666	10241
453	1.0	1417	6389	10225	11194
454	1.0	5511	12012
455	1.0	1447	5098	7048	11690
456	1.0	3325	5766	6070	6489	7107	9791	10491
457	1.0	842	3186
458	1.0	4975	11865
459	1.0	215	590	721	958	1274	1501	1705	2278	2458	2708	3260	3420	3424	3556	4503	4907	5035	5108	5151	5887	6528	6636	7083	7189	7372	7655	7671	7754	7830	7922	8177	8235	8245	9435	10013	10356	10406	10461	10724	11302	11313	11332	11377	11520	12075	12225	12396
460	1.0	1870	3350	8936
461	1.0	3211	5555
462	1.0	2121	4026	4359	7000	11788
463	1.0	4125	10011
464	1.0	222	659	662	783	983	1012	1208	1311	1511	1824	2681	2809	3027	3040	3176	3306	3613	3718	4176	4523	4628	4642	5083	5281	5370	5420	5790	5846	6753	6838	6953	7081	7313	7365	7411	7552	7649	7659	7913	8170	8291	8347	8391	8914	9476	10255	10259	10630	10777	11109	11134	11221	11409	11921	11941	12055	12141
465	1.0	432	2269
466	1.0	2825	4141
467	1.0	294	2914	4579	6075	6224	8310	9106	10976	11909
468	1.0	1134	2266	9364
469	1.0	1066	2962
470	1.0	2376	9882
471	1.0	2849	3908	4910	5628	6432	8527	10734
472	1.0	1122	1496	2282	5969
473	1.0	3731	4648
474	1.0	6165	6919
475	1.0	1145	5477	10063
476	1.0	276	5317	8060
477	1.0	8503	9517	10567
478	1.0	10619	10698
479	1.0	3085	10031
480	1.0	730	742	3058	8885
481	1.0	8488	11732
482	1.0	37	309	533	650	765	778	1072	1324	1597	1820	2015	2498	2670	2868	2929	3213	3401	3626	3909	4086	4096	4461	4783	5445	5543	5930	6071	6266	6782	6790	6822	7019	7225	7289	7979	8200	8367	8485	8620	9377	9833	9930	9944	9946	10064	10093	10184	10478	10643	10935	11098	11166	11661	11905	11939	12067	12206	12297	12401
483	1.0	251	2407	3453	5128	6454	6781	7546
484	1.0	2009	12351
485	1.0	3223	3863
486	1.0	762	1890	3079	3618	6104	7568	9696
487	1.0	1009	9378
488	1.0	6605	11836
489	1.0	3919	8045
490	1.0	3041	3328	7336	11051	12188
491	1.0	292	8961	8962	9289	10894	10917
492	1.0	1667	1996	2648	2711	3035	6482	8994	12099
493	1.0	7660	10070	10531	11433
494	1.0	555	774	2582	2621	10840
495	1.0	4379	7875	9809
496	1.0	1482	2676
497	1.0	7459	11102
498	1.0	9319	10984	11783
499	1.0	200	470	987	8607	9853	12374
500	1.0	5154	5211	5647	6132	7437	8116	10690	11912
501	1.0	9208	10044
502	1.0	2494	7239
503	1.0	2250	4906	7893	8263
504	1.0	473	6882
505	1.0	2070	4472	5941
506	1.0	503	8893	10644	11143
507	1.0	6981	11396
508	1.0	562	6763	8959
509	1.0	1702	6196	7033	7917	9079	10004
510	1.0	1625	2579	4237	10782
511	1.0	7183	8865
512	1.0	4435	8449
513	1.0	1249	7420
514	1.0	4583	11125
515	1.0	6951	11248
516	1.0	3485	4319	6080	6607	7490	8308	8504	9955	12261
517	1.0	1802	6779
518	1.0	927	2616
519	1.0	2215	3958
520	1.0	2060	8941
521	1.0	3216	11944
522	1.0	427	526	2302	2651	2774	3169	4805	4985	5404	6270	7172	8903	10520	11651	12049	12242	12400
523	1.0	4892	7773
524	1.0	4952	6124	9684
525	1.0	998	1818	3932	6697	9450	9854
526	1.0	5329	11674
527	1.0	3673	3729
528	1.0	1078	4956
529	1.0	1238	2344	6599
530	1.0	1686	2467	2944	5319	11293
531	1.0	608	12308
532	1.0	3756	9230	9721	10413	11495
533	1.0	1685	9872
534	1.0	3987	12365
535	1.0	3526	4701	7775
536	1.0	1445	3926	9026
537	1.0	955	1408
538	1.0	52	118	412	1703	2001	2364	2665	2728	2795	3078	3109	3135	3999	4071	4278	4293	4688	4979	4999	5201	5347	5646	5798	5823	6377	6713	7279	7281	7439	7668	7693	7718	7972	8012	8446	8581	8660	8812	9062	9155	9160	9271	9392	9913	9989	10236	10504	10774	10959	11329	11590	11654	11794	12198	12262	12398	12406
539	1.0	2190	3385	8342	10121
540	1.0	989	5131	7309	12189
541	1.0	1545	8774	9280	11815
542	1.0	289	7018
543	1.0	3862	7194	8292	8933	11320	11835
544	1.0	4830	9083
545	1.0	1090	4001	6736	9773
546	1.0	2080	5398	10474
547	1.0	657	2206
548	1.0	34	3053	6372	6677	8793	9714
549	1.0	6857	8638
550	1.0	1797	11068
551	1.0	5237	7224
552	1.0	570	5933	6001	6003	7095	7705	11023
553	1.0	4880	10136	11388
554	1.0	4063	9117
555	1.0	953	1497	11838
556	1.0	1449	7408	8421	11596
557	1.0	1573	3461	9712	10400
558	1.0	3014	7406	7648	10624
559	1.0	1638	2370	10687	11076
560	1.0	5795	9859	9860	10277	10373	11021	11811
561	1.0	65	271	687	2975	3335	3854	3910	4482	4981	5325	5707	7197	9176	9472	9526
