1	1.0	7812	2844	10293	3413	8540	1832	7300	12376	4142	9981	7800	3766	4335	712	5462	8337	8027	3640	3038	10193	4136	3843	6311	1187	64	10806	2398	1082	2775	11131	10234	6263	173	3479	11287	9726	11740	5004	243	3154	7901	5485	106	7628	4051	2793	6505	848	12287	11458	11455	335	207	2598	10258	4431	3002	1902	2805	2569	9040	182	6047	8067	168	5656	8472	220	12101	11060	2695	9805	8079	7280	4558	9013	9050	12192	9056	12113	4338	11074	7476	894	9355	617	5735	2979	1888	8791	4797	1055	5836	5833	7068	7586	1971	4663	11960	1684
2	1.0	1306	2716	4479	7111	4574	9164	12402	3123	9836	3256	3857	403	10587	7750	8902	10886	5464	914	4876	4408	2077	6655	50	12304	373	2064	6390	8233	4323	10046	1921	7241	5314	7880	5681	1232	3588	3951	2284	9523	8454	7863	3311	7028	8693	8357	3508	6056	12008	6429	438	11389	6671	7544	430	1227	591	3614	3615	1340	10303	9317	4636	744	3161	6433	5705	655	11915	3890	2117	902	7647	3283	5216	7168	3886	6298	286	6696	2864	9107	1846	3063	6746	3065	1895	5645	9592	4691	1969	11178	11077	10489	9959	7747	2641	9555	476	8727
3	1.0	6962	8253	9360	11782	8017	3655	7380	5075	27	4673	10816	2400	10586	9685	7753	8432	991	2462	3934	5068	11830	12068	10689	10448	6845	7253	7608	11778	11474	11904	6253	3827	1129	4320	10730	1481	8329	6457	7130	3386	9383	5566	6516	9782	1522	2440	1138	3816	3663	6589	7059	9001	9483	6177	7902	781	1431	3503	5573	11452	3612	332	4101	10799	11979	7925	10155	1590	12023	10848	10849	7701	3889	9437	5813	2028	3906	3900	9752	9751	9596	5353	6417	6186	1691	8841	9427	11716	772	10078	4507	7663	5042	9294	946	4015	7501	1687	7185
4	1.0	8626	2843	8985	134	10102	67	8267	4901	1549	1370	6240	7196	11181	981	1155	2707	10285	1151	4563	8537	7250	2394	2395	921	1662	3777	10029	3947	5604	6905	11133	7873	10605	5685	2178	2261	2075	9082	1135	11122	5899	9485	6770	8892	3015	11597	4954	11946	452	8743	1229	8465	9637	5548	1589	2057	7091	4949	656	737	3082	2908	8378	11238	8265	2478	3379	1189	5226	6755	8838	2100	2734	2736	5118	553	3531	12092	11407	5808	2721	8552	8249	11555	11990	10469	12419	2088	11169	12361	9800	8769	4851
5	1.0	9121	11101	4626	8420	11803	1735	1260	1169	3440	5663	7791	2193	7978	3146	11291	10512	9166	10692	231	10344	7861	8912	1982	11745	1637	7632	5854	1838	7617	1960	9834	9312	732	7416	12310	11704	4493	283	1291	9686	7293	4143	9180	10912	5280	6990	6649	6773	1332	1486	10508	12046	9741	7106	9550	4354	5482	2974	11237	9845	11693	5428	5298	1800	2314	1048	7376	3308	5400	2396	8815	11611	8699	9949	2510	12126
6	1.0	604	10143	8251	2471	9537	554	889	3944	9531	7382	8138	9037	9490	7974	10346	7137	12070	4008	1777	8093	3212	1680	9865	5721	4747	978	9894	5785	6325	9407	5904	6968	2111	812	10930	8733	11864	11182	2872	6594	11459	3466	8205	3741	10428	5109	8573	7618	2950	5738	96	4732	11756	7442	8080	8188	10190	6466	2897	1974	4718	4070	8183	6562	10949	3840	1470	2270	1476	12300	4859	10192	1514	11857	5427	359
7	1.0	6545	1474	2865	598	8475	145	4104	4455	10431	9167	9495	10792	9613	1775	7245	3297	4040	3551	4696	7203	1580	9817	3218	5644	8927	11910	11441	181	8345	2030	1293	1394	3750	10669	937	10151	3584	9881	1008	7558	759	4252	10174	4333	5027	3954	5891	9767	164	6619	9174	11392	7879	11799	10964	6940	4409	4734	4405	5574	9424	10922	8813	7419	5931	7525	7405	7401	10757
8	1.0	10322	3902	3761	6598	8179	2719	6169	9499	9184	4762	10342	8015	2945	11155	10923	12372	8708	4539	791	5273	4809	3458	4175	7980	1373	3972	186	9566	8494	282	10134	3879	9724	2441	10075	9405	2939	464	4882	1069	4331	261	1951	6156	9647	2833	7004	6547	6469	3249	6587	2990	944	1714	2496	11735	1455	6073	9698	8834	10779	1661
9	1.0	1167	8250	2732	5297	1315	663	6858	4395	12051	12053	3060	9734	10024	11789	254	5493	3452	2341	1543	11368	2131	4145	6470	1195	11621	10916	5845	12159	1560	250	6908	5067	1338	8510	9448	1101	4928	2296	5324	7565	5124	2327	167	4598	4839	7378	6406	11374	1603	2315	8945	5240	12108	11111	3605	8706	2141	1842	1763	8768	2399
10	1.0	8255	3825	558	157	9738	2710	11344	8445	8440	9225	10435	5074	8784	6267	3348	5796	9634	7630	1718	7070	3127	1039	9406	739	11423	1791	6976	2911	8399	10154	4194	1984	1152	3319	4502	6842	8640	9356	10442	10556	4210	6279	6502	2575	5712	6772	1565	9887	3117	7469	1682	2552	1872	1668	3067	8850	6339	6873
11	1.0	4083	11829	10327	10537	1204	577	2450	11823	6476	11524	3274	5880	3147	3296	7836	2345	9386	1634	5038	5629	2562	10189	7611	5192	10811	1015	11629	12157	12357	1672	9119	10179	8042	6992	8991	120	6176	9198	3701	223	8261	9311	9869	10003	2333	4422	5611	3373	11356	1606	12142	2006	11639	8835	11816	2536	2252	9926
12	1.0	883	9261	1941	6851	10536	5241	700	3865	4531	7652	7918	7116	2198	3670	5268	10899	5942	5411	5351	9287	4120	3022	9689	11365	6684	10933	1175	1174	11186	10058	3101	2761	11066	1137	10316	8061	6444	8955	5733	8694	9703	2546	4174	11672	5619	5412	1063	6396	5631	8182	1875	532	12220	3448	2678	7857
13	1.0	579	195	4269	336	3755	6949	3006	10369	4432	2098	1814	8864	11151	5257	1541	7157	1428	5311	1581	525	4868	9563	11445	11938	2389	189	1752	1110	11917	11184	5387	10311	8393	6730	3708	6616	4436	11082	3313	5558	97	5583	4634	10371	2577	10034	1973	3033	7728	5856	8766	11659	3986	10928	4113
14	1.0	10414	3776	2869	706	10674	8680	9671	3064	5071	9635	11566	2823	5415	6342	4724	7263	7495	6369	11440	340	8603	9695	10362	361	3303	144	2447	5166	2762	2634	5995	1957	8453	229	9318	8126	6952	10223	2047	5265	12218	6118	1020	3542	6136	3372	3506	7600	1107	7407	1035	3301	4764
15	1.0	7936	1794	12052	7012	9223	11406	9620	2521	5943	4416	12010	7198	10911	367	12131	3842	8376	1176	750	1092	9662	2702	6674	382	6937	10022	2506	149	7122	4587	105	2553	6543	10847	896	7212	1029	925	2147	2129	1471	9577	3237	9799	4970	11738	307	11840
16	1.0	9123	603	749	2909	3762	8381	5095	5605	11136	4103	3298	11781	5054	8468	1488	8402	5820	8326	1542	3638	23	9129	5547	4514	3697	6309	12214	1671	8040	1645	5162	4313	1424	9444	9029	12253	4230	5407	1644	960	11265	10597	12204	433	1383
17	1.0	11096	1162	8388	2529	2656	9032	494	5000	3739	8400	10458	9326	5875	2885	5626	4002	8887	5726	10878	5901	7	6305	8904	11934	12098	1566	10834	2429	9131	6975	7804	4339	8773	10338	563	7960	1068	5089	929	11989	2143	12324	1384
18	1.0	10532	6856	5395	6852	748	761	9614	4570	6142	12259	3043	10797	12112	3349	7765	11038	429	1569	2156	11769	6183	1292	4259	9600	7291	3130	9986	9316	4235	12065	3205	6422	3321	2895	11537	9964	11594	3195	7899	3399	2167	1764
19	1.0	1304	4307	4363	2479	9030	3145	5336	6458	4615	8274	8404	11033	3794	1967	6413	9561	10667	12311	280	5789	5288	8044	4250	11977	8539	5206	9023	11147	4428	3449	6276	2576	6461	2279	7141	1439	11965	6370	5811	8118	2691
20	1.0	3922	4261	9478	6985	2739	4834	6928	113	6843	5070	3045	7387	10345	11453	2883	1831	2228	5564	7591	11622	12211	8908	7988	1010	402	10262	10156	1352	7669	3129	6717	7782	3012	3017	4014	2751	920	2164	9952	10829
21	1.0	2846	5882	7953	5499	5506	119	6909	6002	12379	7308	8199	10897	6762	4384	12316	11967	8496	281	548	1651	11468	5386	6804	677	305	3979	387	11083	7844	8123	5653	7906	11282	4719	867	2085	6358	2419	11326	4950
22	1.0	10530	8426	4899	8749	4530	10671	9651	3001	4227	1903	5256	8884	3023	1694	3183	9545	1656	3916	2625	2763	9583	9004	3133	2952	5597	3152	705	5365	6464	1845	3964	8564	10901	11733	9095	11599	2066	6694
23	1.0	4305	10675	8566	11202	5212	7341	1896	8541	7673	7454	4729	10851	11483	6578	11839	12097	4	6026	9426	1627	9606	8229	4094	3179	11211	73	1953	2055	9982	6613	5618	3463	7069	5260	8187	2109	5919	5851
24	1.0	4760	10579	11229	278	256	9912	6345	4824	699	5561	11669	7949	9781	1506	11700	5163	9608	3483	2276	4233	6094	8797	6272	8181	8762	825	1572	8856	8586
25	1.0	8158	3599	275	7039	4222	4674	5724	6061	8907	11818	9104	6247	2461	3621	9374	1333	8574	7966	4350	4152	4731	2217	3787	4131	5710	11779	518	2409	1003
26	1.0	8609	154	8154	4619	8529	8548	7855	8277	6926	7003	4728	6764	2480	5545	3753	10402	4317	10703	2469	12042	8575	129	3159	6173	11049	12006	8001	6412	10599
27	1.0	11126	337	4785	9774	5496	9306	9996	4909	8817	5989	11400	3559	7515	10607	811	4847	204	7967	8334	3316	3422	11511	1723	5085	8344	8486	9557	12021
28	1.0	10168	6913	4789	10434	2880	3820	6477	2666	12216	911	2361	10526	3959	4090	8770	7946	7864	241	6670	7789	1026	2556	9808	7067	4159	6378	7026
29	1.0	768	9108	5036	8349	7322	11301	9994	7302	6715	12019	1618	11461	327	5800	12276	7290	2816	4199	8330	6617	9861	4629	2970	7903	4716	2884	3036
30	1.0	605	597	5296	5155	4243	8444	6532	11564	8822	4802	1502	11870	6323	2031	12171	5962	4272	11121	8129	6918	1550	5184	7086	6310	2698
31	1.0	1307	9124	6967	660	6708	3679	9288	2783	12119	2018	8803	3365	8715	635	5389	72	7965	6171	9393	3502	7524	7745	9692	12088	1369
32	1.0	9262	372	3809	10047	5768	8365	3652	7011	11744	4742	1658	8827	637	9825	3649	1911	8318	7271	4831	1826	10828	437	11457	11632
33	1.0	11091	8369	1200	1088	7975	8324	10126	8569	2524	5310	4948	12035	8658	1567	3836	1774	10159	6639	9453	8998	2312	12003	11862	4953
34	1.0	5176	10538	6601	9053	6538	6668	8659	2742	4848	738	7537	3580	2321	12284	7620	8003	906	6278	5081	7427	6314	805
35	1.0	6519	8231	12145	4390	11749	8635	2890	2632	5692	8767	4631	1865	6869	1669	523	5973	11616	11479	5977	3083	4843
36	1.0	3547	4668	4669	3883	7451	11261	4753	9520	1695	8428	7220	9008	7235	8545	10906	6925	7029	484	4840	10014
37	1.0	4715	7169	2195	7934	4904	10082	12235	7188	8565	3763	2138	6673	4521	10116	9042	2530	4780	6036	4694
38	1.0	7118	7244	5396	206	7614	7827	11827	2272	3630	4058	1681	8616	11577	6650	12064	11662	11618	8364
39	1.0	5587	5822	7935	9544	1740	864	6100	1490	3178	7204	6530	5732	6419	12149	11224	4552	1415	5682
40	1.0	8922	4067	7527	1719	466	11942	9618	7759	12172	1114	1926	11325	7342	12120	7665	3291	10741	110
41	1.0	6820	6819	3868	11752	2848	6731	572	4640	2325	6983	5305	53	61	11871	9699	8831	8543
42	1.0	10787	593	8862	2960	10059	11004	465	11933	11267	845	11876	2804	11056	7276	7498	4206	11571
43	1.0	11308	10088	7810	114	6037	4890	6801	4655	11929	2382	3180	4111	7014	2158	4489	6053	682
44	1.0	1849	592	8899	3748	7156	1218	6984	1052	9283	7217	400	7436	11277	2079	6463	2377	8289
45	1.0	854	10185	2723	1231	4043	9455	8159	1267	5461	8373	9880	82	4855	483	7794	9556
46	1.0	11751	1341	10313	11104	710	7643	6611	2180	11940	10239	12185	8678	5513	913	3156
47	1.0	7096	4932	12114	2214	1077	940	11614	7507	5205	8891	8840	8679	7846	1539	11554
48	1.0	3603	4364	997	205	9275	10169	7390	11883	12348	755	3977	4787	10803	2163	5437
49	1.0	5584	1540	2490	6947	11505	5405	6101	3332	5787	4327	11878	9646	10493	10015	1574
50	1.0	2873	8363	11258	12399	9807	980	2304	2237	6722	11900	9185	7054	10785	10682	7508
51	1.0	6509	875	11956	3495	4254	575	3721	5847	7223	1720	264	11059	8618	516
52	1.0	3541	8046	6133	11695	10291	4368	10704	5937	12237	8317	8674	10924	1113
53	1.0	784	11191	2718	1732	5234	11253	10865	9017	828	5759	912	8929	5848
54	1.0	4167	7710	11233	11587	9285	11110	453	4533	10386	7354	11697	497	8939
55	1.0	3557	4157	8861	5443	3030	588	1353	2026	8571	4635	6483	8582	1458
56	1.0	2913	595	7813	5343	7066	6980	7350	5475	918	8474	813	11312
57	1.0	8057	213	4397	1781	3867	3945	9813	10769	11768	1442	3056	7709
58	1.0	7287	5885	10065	674	4244	35	11872	3134	5661	6044	7786	1411
59	1.0	5002	1320	787	2473	5342	985	10384	11349	7131	708	3110	8579
60	1.0	2860	9206	7923	1133	5519	5870	4898	6894	9631	139	5479
61	1.0	11172	3465	7391	5148	2489	4752	12313	8554	4794	11303	11435
62	1.0	4908	9904	8094	8874	9370	9470	3478	1194	7205	3103	1766
63	1.0	4189	6797	627	1935	947	12295	11089	2385	11272	11081	10681
64	1.0	1948	11544	9966	4140	7504	4632	3973	10566	7681	6252	5976
65	1.0	3830	5385	599	1943	11686	218	4326	3535	8019	6083
66	1.0	11036	3904	831	12293	2982	2987	7956	4992	2005	9866
67	1.0	10318	10841	4727	4912	10300	4592	11710	11449	6920	7667
68	1.0	10320	4112	5879	2204	6914	4651	8452	10664	3351	5758
69	1.0	1546	7333	5341	8997	4039	4492	7676	11561	2686	8665
70	1.0	2474	1310	3200	2424	1367	4596	9593	8280	3991	12203
71	1.0	1302	4738	1273	3492	9015	1493	5876	4238	2245	6231
72	1.0	2201	11199	2153	576	9586	2386	6633	6315	3098
73	1.0	8500	7574	664	1106	8551	3416	10499	6935	8857
74	1.0	8366	7234	7520	642	3844	10795	9594	2171	7013
75	1.0	2778	10166	11162	10722	11333	12205	8794	9889
76	1.0	8161	4163	1997	7139	3091	10108	5379	3733
77	1.0	8087	8877	6987	3221	1947	10467	7820	11086
78	1.0	10416	9021	2878	6438	10582	2680	6874	3188
79	1.0	692	7273	4884	12294	7470	5921	7001	10027
80	1.0	3390	9075	10326	9128	7206	2798	9984	7885
81	1.0	6855	11269	10451	10584	915	4976	8546	10684
82	1.0	1707	1724	6654	2644	8630	4024	3076	680
83	1.0	8107	9903	11499	12384	8588	2168	8338	6487
84	1.0	9153	5717	9533	6719	6086	8489	12337	4866
85	1.0	8480	773	7928	7852	2036	6721	5961	8938
86	1.0	8778	1301	4192	2538	10578	9764	10028	10117
87	1.0	11108	2786	6418	4000	11687	4185	7150	7719
88	1.0	2438	3950	3185	9466	9025	11430	728
89	1.0	1027	4074	1819	5740	6884	6714	2166
90	1.0	1094	4298	11970	12383	5097	8013	5859
91	1.0	5402	6966	1786	4241	7104	11849	1811
92	1.0	4262	6998	4419	4318	1536	11223	9171
93	1.0	1147	11797	4746	7060	11345	7941	7821
94	1.0	9071	968	2358	12139	5895	9680	2149
95	1.0	4547	9251	8336	6710	10343	4842
96	1.0	6113	8248	2177	7832	7509	2012
97	1.0	9330	49	6285	3852	9432	3858
98	1.0	5380	1233	5704	1839	7398	5562
99	1.0	1830	4042	6829	4879	5031	6901
100	1.0	7080	2054	8621	2930	374	3199
101	1.0	3690	47	3092	5927	6895	9044
102	1.0	8718	11714	4073	9382	12229
103	1.0	2118	8172	12231	6353	1093
104	1.0	1934	6098	10479
105	1.0	1157	1305	1400	2059	3242	5497	6111	8149	8550	9014	10678	11176	11641
106	1.0	1975	5200	9091	9290	10909
107	1.0	2150	5607	6296	6577	9735
108	1.0	930	1704	5144	5571
109	1.0	274	321	531	704	837	1575	1901	2463	2523	2567	3190	3524	3594	3893	4759	4788	5377	5448	5567	5575	5730	6312	6916	6961	7654	7792	7957	8270	8441	8965	9130	9954	10005	10157	10368	12371
110	1.0	469	1177	1460	6034
111	1.0	364	580	1464	5313	9368	10288	10583	11943
112	1.0	2154	2308	2640	2755	3641	4931	5142	5641	6375	10660	10830	10995	11380	12303
113	1.0	2557	7425	7947	9073	9329	9792	12032
114	1.0	1329	2371	3650	3682	6969	7041	7695	9831	10460	11557
115	1.0	727	2219	6866	7312	7438	12236
116	1.0	1950	2390	2425	8913	10759
117	1.0	3287	3387	4766	5423	9938	9977	10363
118	1.0	1058	1246	3174	3340	11299
119	1.0	1382	1803	2174	3314	3430	3864	4187	4916	5684	6959	8584	8753	9137	9423	9753	11235	11842
120	1.0	4079	5498	7020	7079	7803	9657
121	1.0	1631	1710	6917
122	1.0	1171	3538	3694	4784	6812	7914	8056	8090	11705	11757	12124
123	1.0	74	443	551	587	717	3398	4036	4117	4357	4685	4887	5334	5426	5585	5725	6539	6549	6960	7779	7784	8173	9482	10056	10261	10535	11218	11336	11436	11559	11563	11708
124	1.0	301	1473	1659	3681	3978	4623	4934	5494	5809	5938	6025	6287	6371	6692	6704	6814	6878	7173	7327	7413	7645	7919	8340	8356	8379	9579	9719	9929	10593	10868	11844	12043	12080
125	1.0	2242	4491	4639	5138	7036	7817	9246
126	1.0	208	652	959	1463	1923	2108	2959	3020	3051	3406	3454	3472	3676	3871	4177	4381	5397	5472	5696	6883	7063	7165	7177	7859	7905	8167	8184	8967	9189	9867	9921	10161	10473	10754	10781	10913	10950	11263	11394	11540	11969	12289	12307	12412
127	1.0	742	3058	12027
128	1.0	2924	2932	3696	3811	4055	5595	6500	10172	11094
129	1.0	493	1044	2949	3069	3181	3396	3505	8416	10407	11512
130	1.0	178	1768	4068	8463	8890	11462
131	1.0	1102	3138	3671	3938	5390	8515	8760
132	1.0	449	9191	11581
133	1.0	1892	2300	3442	4183	4881	5185	6398	6447	7909	7920	8054	8225	8524	9264	9641	12306
134	1.0	769	849	2669	3702	5908	8423	9581	9885	12116	12175
135	1.0	1755	3057	3504	4060	4336	7796	8178	8669	9339	10926	11173	12153	12241
136	1.0	2053	3250	6350	6970	7691	9670	10162	11050
137	1.0	338	1741	3488	4168	4211	4441	4814	4875	5158	6019	6097	8424	10019
138	1.0	2162	3639	3817	7833	9035	11071	11953
139	1.0	961	1641	3189	4621	5540	6629	7044	7317	7720	7987	9723	9895	10191	10977	11546	11620
140	1.0	506	661	1100	4242	5512
141	1.0	180	972	1762	1783	2545	2673	2704	2937	3018	4129	4873	5190	5393	5473	5538	5739	5916	6216	6236	6964	7497	7582	7823	8559	9277	9535	9621	9761	9857	9911	12394
142	1.0	676	863	1115	1207	1958	2239	2459	3736	3943	4266	4524	6201	8305	9901	10771	10953	11130	11350	11490	11692	11897
143	1.0	2758	3347	6478	11039	12036	12210	12270
144	1.0	1126	3148	4606	5408	5812	7184	9816
145	1.0	2421	2826	4971	7519	8115	10167	11525	11626
146	1.0	509	4504	10908
147	1.0	1134	2266	3041	3328	7336	9364	11051	12188
148	1.0	1487	2859	5579	5581	5826	6428	9144	10122	10788
149	1.0	1243	1278	1643	2038	2418	2807	2810	2902	4265	4469	6546	6608	7328	7513	8202	8246	8808	8879	9504	10213	10918	12024
150	1.0	3204	4943	7085	7299	7422	7849	7888	8157	9408	10438	11064	11288	11711
151	1.0	1456	2454	4003	5998	6066	7331	8119	10510	10665	10939	11355	11454
152	1.0	355	8910	10051	10307	11884	12034
153	1.0	68	435	816	2368	2773	2808	4267	4355	4862	6059	6060	7321	7624	8782	9575	10735	11353
154	1.0	426	528	1827	2733	2765	3327	4826	6031	6095	6579	7472	7793	7853	8220	9019	9098	10581	10726	10768	10804	11043	11045	11500	11653	11831	12163
155	1.0	45	77	713	893	933	1104	1280	1518	1932	2503	2696	2928	3025	3255	3317	3911	4275	4661	4736	4974	5066	5455	5601	5754	5855	5862	6008	6241	6821	7102	7358	7594	7666	7688	7777	7780	7865	8122	8256	8377	8384	8596	8651	8668	8702	8869	8979	9278	9281	10178	10492	10592	10870	11031	11164	11404	11683	11707	11780
156	1.0	125	573	1074	1139	1185	1222	1269	1495	1498	1701	1721	1825	1859	2007	2834	3622	3653	3773	3795	4148	4328	4749	5044	5087	5121	5146	5175	5182	5249	5303	5368	5435	5680	5804	5953	5992	6193	6376	6525	6652	6785	7609	7629	7824	8294	8661	8677	8720	9118	9269	9513	9976	10240	10266	10547	10712	10845	10869	10903	11061	11141	11148	11268	11323	11418	11528	12018	12121
157	1.0	1711	3745	4968	5429	5440	5637	8371	9033	9806
158	1.0	176	341	1611	1970	2039	2449	2847	2853	3751	3899	4031	4069	4446	4608	4777	4829	6711	6720	6737	7103	7277	7282	8010	8479	8992	9063	9194	9388	9558	10264	10377	10395	10463	10636	10777	10859	10873	10963	11247	11257	11370	11605	11931	12233	12234
159	1.0	354	567	832	872	1617	1829	2230	2482	2555	2573	2599	2757	2863	2984	3418	3664	3774	3898	4193	4525	4914	5328	5500	5621	6091	6237	6484	6954	7229	7375	7650	8372	8459	8473	8859	8919	9538	9547	9587	9961	9962	10180	10315	10850	10938	11279
160	1.0	80	479	1087	1214	1698	2393	2514	2782	2918	3248	4132	4179	4253	4337	4877	5487	5671	6191	6494	6752	6833	7016	7381	8321	8673	8751	9150	9458	9609	9725	9821	10148	11289	11777
161	1.0	137	2121	2544	4026	4035	4280	4359	6011	6212	6421	6646	6860	7000	7668	8687	9248	10276	10627	11788	11947
162	1.0	490	741	747	898	1309	1801	1809	2236	2271	2861	3235	3727	3845	4537	4572	4995	6058	6283	6685	6841	6897	6927	7021	7030	7539	7540	7707	8257	8696	8854	9309	10655	11018	11175	11362
163	1.0	368	7061	8353	9661	11719
164	1.0	561	648	1270	1792	1897	2240	2628	3054	3400	3797	4218	4273	4471	4795	5187	5217	5542	5627	5745	5782	6106	8032	8155	8375	9093	9151	9479	9539	9639	9957	9974	10507	10635	12123	12341
165	1.0	1390	3823	4122	4900	5115	6798	6955	7740	7896	9416	12280
166	1.0	155	945	1345	1925	3288	3292	3380	3832	5197	9465	11715
167	1.0	2086	2700	2803	5935	6328	7092	9049	9177	10433
168	1.0	48	56	556	775	841	1242	1362	2231	2509	2933	2953	3591	4044	5039	5247	5591	5786	5861	6218	6260	7073	7233	7410	7958	8775	8814	10165	10211	10339	12118	12317
169	1.0	230	785	1036	1737	1938	3970	4030	5012	5264	5718	5956	7017	7473	7542	7898	7999	8443	8595	10522	10974	11002	11135	11980	11988
170	1.0	439	1261	1862	1874	2119	2331	2659	2784	2800	2809	3176	3335	3499	4205	4319	4414	4451	5990	6394	6695	7038	7197	7429	7552	7605	7679	7711	7713	7770	7907	7948	8306	8793	9103	9160	9390	10267	10529	10630	10885	11221	11324	11501	11504	11982	12050
171	1.0	198	486	644	1073	1700	2248	2694	2712	3337	4201	4602	4607	4903	5572	6527	6807	7192	7457	7845	8089	8145	10066	10076	10158	10324	11057	11295	11486	11746	11973
172	1.0	2056	2196	2870	4741	6220	8131	10929	12340
173	1.0	1	31	1880	4370	7736	8219	9436	10640
174	1.0	312	517	1075	2903	2969	4098	4415	4735	4767	4813	5214	6039	6046	6185	6493	6561	6868	7477	7868	10641	10662	10915	11726
175	1.0	252	974	1837	2277	2996	3743	4108	4505	4888	5102	5248	5753	6451	6748	6788	6893	6965	7356	7867	9068	9101	10550	12405
176	1.0	1728	4811	4917	8568	8820	9211	9310	10272	10853	10952	12221
177	1.0	2202	3115	4951	5624	6348	6802	8228	8383	8397	9237	10202
178	1.0	2709	3055	3243	4676	5172	6014	7596	9009	9274
179	1.0	32	417	998	1006	1226	2216	2951	3711	3932	4450	4800	7124	7428	7730	9300	9450	10299	11189
180	1.0	235	5122	8924
181	1.0	5471	6614	8606
182	1.0	454	733	2978	3537	3988	4080	4322	5261	5503	6221	6576	7087	7626	8160	8180	8466	8483	9907	9941	10104	12133
183	1.0	199	428	2572	3278	3946	4870	5010	6612	6732	8361	9250	10237	10511	10516	10961
184	1.0	132	852	1418	1810	1833	2172	2439	3019	3917	4585	4662	5101	5193	5600	6391	7891	8207	8387	9186	9731	10010	10612	10693	11210
185	1.0	54	248	513	629	636	696	714	1251	1398	1452	1586	1690	1726	1739	1807	1945	2058	2263	2730	2906	2916	3293	3700	3848	3920	3935	4477	4573	4930	4978	5025	5111	5349	5354	5675	5834	6082	6837	6950	7027	7090	7485	7488	7543	7549	7874	8273	8491	8906	9126	9371	9548	9736	9780	10052	10100	10609	10733	10993	11460	11694	11812
186	1.0	491	2350	3939	7651	7694	8446	10446	12136
187	1.0	658	1469	1900	1985	4905	7179	7638	7733	8385	11072	12342
188	1.0	150	412	414	535	892	1577	1972	2787	3009	4941	4981	5277	5580	8719	8806	10443	11150	12181
189	1.0	1716	1769	1817	2470	4276	5459	5672	5769	6632	7209	7881	10207	11271
190	1.0	734	1870	2319	2357	2527	2788	2841	3350	4557	4711	4730	5099	5470	5926	7023	7734	7908	8936	10876	11214	11824	12336
191	1.0	128	536	1410	1505	2688	2817	3481	3560	3616	3785	4310	4334	4410	4454	4739	4984	5225	6195	6222	7635	8691	8920	9193	9327	9979	10539	10610	10617	10740	11144	11243	11598	11706
192	1.0	41	1230	1952	2414	3577	3792	4647	5401	5752	5868	6175	7822	9132	9744	10131	11330	11472	11612	12085
193	1.0	228	1303	1605	2332	2889	5450	5795	6585	7426	8128	8327	9387	10373	11924	12104
194	1.0	1570	1616	3062	3828	3913	4342	4822	4960	5050	6288	6859	7072	7240	7589	7674	8099	8221	8974	10000	10002	10049	10055	10471	10744	10758	12250
195	1.0	3032	4705	4989	7340	7715	8613
196	1.0	751	753	1193	1196	1429	1793	3624	4356	4605	4929	4962	4979	5222	5835	6574	6653	8779	9612	9739	10541	10658	11689	11861	11874	12191	12368
197	1.0	9	70	4045	12111
198	1.0	5688	7598	8418	10233
199	1.0	377	624	1256	1587	3798	6907
200	1.0	303	1609	1679	2601	4106	4707	7270	8898	11869
201	1.0	996	5323	5714	10252	11161
202	1.0	196	5484	6403	9336
203	1.0	5791	7025	10973
204	1.0	10483	11207
205	1.0	7942	9224
206	1.0	2759	8807
207	1.0	10188	11023
208	1.0	2609	7989
209	1.0	1779	6062
210	1.0	5135	7148
211	1.0	5201	8516
212	1.0	2095	3949	3998	5433	5838	6853	7776	8031	8313	9400	12406
213	1.0	602	992	5650	10256
214	1.0	442	487	501	3253	5178	6994	8477	8508
215	1.0	58	146	152	166	308	349	549	694	763	851	895	999	1000	1326	1342	1653	1883	1885	1915	1930	2067	2094	2113	2330	2515	2613	2813	3187	3392	3552	3992	4078	4209	4712	4770	4820	5199	5369	5723	5749	5780	6360	6590	6630	6637	6691	6830	7167	7178	7430	7927	8117	8210	8370	8625	8676	9229	9655	10073	10835	11019	11054	11212	11307	11339	11583
216	1.0	1968	3263	5801	6835	6872	6973	7969	8528	8829
217	1.0	288	566	990	1179	1979	2106	2140	2328	2417	3586	3826	4952	5559	6124	6265	6274	6474	6881	7415	7744	7748	7892	8230	8952	9086	9258	9684	9691	10397	10745	10794	11591	11841	12128	12377
218	1.0	1406	1619	3831	3994	4955	5017	5565	6726
219	1.0	904	2649	3254	7147	8597	10494	10685
220	1.0	2256	3601	6468	8204	8407
221	1.0	423	1602	7621	11550	12173
222	1.0	1122	1496	2282	3861	5969	8752	10521
223	1.0	582	2608	3323
224	1.0	3673	3729
225	1.0	2269	3796
226	1.0	729	1430	7022	7330	8632	8937	10750	11219	11415	11485	11784
227	1.0	838	3014	3419	8071	11001
228	1.0	521	1708	3209	6108	7578
229	1.0	641	1117	8217	8572	9145
230	1.0	630	1257	2069	6656	9971
231	1.0	697	1017	1782	2044	2355	2487	3474	7481	8795	9331	9443	9973	11547	11652
232	1.0	881	1143	1552	2062	2152	2495	2624	4569	10748	10836	10996
233	1.0	405	3644	5203	6501
234	1.0	121	1030	10659
235	1.0	5667	11293
236	1.0	5599	10694
237	1.0	1955	2585	6517
238	1.0	5662	7554
239	1.0	3780	7876	11826
240	1.0	6879	8069	10420
241	1.0	2898	3767
242	1.0	2779	5104	7841
243	1.0	2854	3304	8005	10254
244	1.0	2294	11932	12314
245	1.0	685	8972	9796	11424
246	1.0	7811	12274
247	1.0	1396	3803	4231	4426	9874	10954	11314
248	1.0	325	2941	7008	7487	9888	12162
249	1.0	3610	4566	4671	5505
250	1.0	381	3426	6022	11209	12190
251	1.0	983	2975
252	1.0	3096	9506
253	1.0	1103	1660	1964	3111	5207	5307	5598	6054	6552	6904	9568	10283	10818	12127	12161
254	1.0	1014	1864	4486	9742	9760
255	1.0	3455	3544	4518	6659	6813	7910	8716
256	1.0	3073	3374	3699	4236	5690	6503	7838	7973	8536	9024	9484	11222	11879
257	1.0	3397	7113	11742
258	1.0	1916	2186	4316
259	1.0	1480	10543	10898
260	1.0	547	9080
261	1.0	3919	8045
262	1.0	6496	10472
263	1.0	842	3186
264	1.0	2128	8811
265	1.0	0	3791	9209
266	1.0	257	633	6621	8368	10827	10955
267	1.0	165	9471
268	1.0	158	6065
269	1.0	2772	2971	10118
270	1.0	897	1584	6775	6930	12110
271	1.0	4066	7144	11676	11734
272	1.0	3362	4497
273	1.0	1190	1225	1412	1472	1818	2083	2594	2657	2797	3106	3157	3246	3523	3666	3924	4155	4202	5294	5381	6107	6560	8350	8458	9749	9759	10128	10224	10241	11487	11615	11985	12213	12302	12362
274	1.0	3165	9442	10761	10820	10872
275	1.0	2081	3815	9841
276	1.0	406	2534	2728	2871	3635	3805	4501	5239	5582	6024	6330	6595	7224	9565	10132	11297	11429	11785	12180
277	1.0	440	1150	2785	11029	11179
278	1.0	745	2993	7585
279	1.0	1745	2435	5019	10727
280	1.0	869	2173	3522	6250	7444
281	1.0	473	6882
282	1.0	5165	11925
283	1.0	3016	4377
284	1.0	6605	11836
285	1.0	297	9445
286	1.0	4645	8723
287	1.0	2287	4562	4614	5781	7191	8484	9543
288	1.0	4049	8339	11987
289	1.0	1012	5620
290	1.0	1234	5815	6425	6806	7108	10008	11469
291	1.0	5507	5623	11570
292	1.0	2484	5272
293	1.0	214	6993
294	1.0	272	8729
295	1.0	4406	9554
296	1.0	5441	9826
297	1.0	3300	3846	6268	10374
298	1.0	4508	7781	8398
299	1.0	1249	7420
300	1.0	9598	10357
301	1.0	4296	4447	6426
302	1.0	3996	6032
303	1.0	2629	2980
304	1.0	522	11041
305	1.0	1275	11359
306	1.0	5098	11690
307	1.0	1517	3299
308	1.0	2107	2208	4097
309	1.0	5137	6826	7393	7462	7619	9777
310	1.0	3480	11215
311	1.0	5179	11928
312	1.0	668	8577
313	1.0	8457	10106	10518
314	1.0	927	2616	4007
315	1.0	3668	7964	9715	9858	10139	10184
316	1.0	836	9922
317	1.0	153	170	295	609	760	1548	1663	2076	2781	3404	3744	4616	4650	4895	5018	5083	5183	5432	5489	5495	5846	5948	6004	6043	6134	6249	6393	7117	7432	7584	7766	8227	8276	9133	9161	9187	9348	9527	10009	10887	11657	11887
318	1.0	52	436	608	1215	2303	4496	5160	6050	6103	7175	7279	7466	7640	9745	9932	10277	10634	12308
319	1.0	3929	4945
320	1.0	6636	7972
321	1.0	4411	6567
322	1.0	4172	10238
323	1.0	1236	6150	8476
324	1.0	1371	2254	5954	11600
325	1.0	6522	7228	10096
326	1.0	456	3971	5694
327	1.0	2989	4837	5748	6828	10896
328	1.0	3866	5632	8241	11156
329	1.0	5072	11158
330	1.0	1435	9534
331	1.0	9007	9114
332	1.0	502	7505	9652
333	1.0	3645	4347	4625	5362	8309	11755
334	1.0	10296	10871
335	1.0	3216	11944
336	1.0	7062	12093
337	1.0	2045	3417
338	1.0	2550	6723
339	1.0	3225	11539
340	1.0	4420	9762
341	1.0	5127	7623
342	1.0	5231	7142	7379
343	1.0	6179	6435
344	1.0	2299	4833	8147
345	1.0	7583	11679
346	1.0	1785	6028	10253
347	1.0	843	1929
348	1.0	1894	4528	5391	11617
349	1.0	1878	6683	7323
350	1.0	98	3838
351	1.0	3484	9183	9908
352	1.0	1981	4963	7298	11256
353	1.0	1040	1372	2024	2203	2280	2882	3208	4038	4769	4806	6158	7182	7257	7954	8464	12400
354	1.0	1078	4956
355	1.0	5987	8973
356	1.0	4125	10011
357	1.0	6827	7424
358	1.0	6467	9754
359	1.0	1959	11542
360	1.0	4620	12329
361	1.0	3526	4701	7775	10354
362	1.0	136	10490	10596
363	1.0	1592	2792	10305
364	1.0	194	2221	3758	4281	7735	9099	9933
365	1.0	3562	9654
366	1.0	541	2525	3024
367	1.0	2821	3561
368	1.0	268	2427	2749	3918	4532	5195	5339	6620	7404	7484	8328	8600	9975	10079	11552
369	1.0	2814	11774
370	1.0	4130	4578	6122	8323	8437	8503	9517	10567	12282
371	1.0	1702	3512	6196	10004
372	1.0	212	492	589	1205	1414	3710	3740	4589	5048	5219	6705	6794	7230	7634	7749	8011	8497	9247	9607	9906	11431
373	1.0	2849	3908	4910	5628	8527
374	1.0	5059	5803	5985	6946	7200	10524
375	1.0	989	2268
376	1.0	3141	3714
377	1.0	4088	8897
378	1.0	941	1321	2986
379	1.0	1454	6870
380	1.0	2215	3958	6071
381	1.0	1823	3232
382	1.0	585	2791	5180	7183	7788
383	1.0	34	222	447	659	783	1080	1208	1294	1746	1778	1824	1976	2446	2681	2747	3027	3040	3099	3306	3318	3384	3718	3839	3882	4033	4176	4184	4258	4523	4628	4642	4745	4921	5053	5080	5227	5281	5370	5417	5420	5751	5790	6006	6257	6284	6385	6733	6753	6838	6953	6989	7081	7207	7313	7365	7411	7649	7913	8065	8170	8291	8391	8914	8954	9039	9200	9249	9308	9430	9476	9643	9750	10199	10215	10221	10255	10259	10310	10565	11093	11106	11109	11292	11319	11409	11519	11535	11665	11921	11941	12055	12141	12283
384	1.0	5594	10331
385	1.0	1401	1417	11194	12228
386	1.0	1446	1918	3709	4576	7687	8968
387	1.0	227	10404	11377
388	1.0	4841	9235
389	1.0	11208	12401
390	1.0	1265	11794
391	1.0	8018	9815
392	1.0	8488	11732
393	1.0	2437	4805
394	1.0	1796	2302
395	1.0	4993	10298	10687
396	1.0	6165	6919
397	1.0	135	271	684	905	965	1142	1529	1688	2220	2706	2940	3158	3514	3555	3669	3967	4349	6147	6382	6572	6915	7850	7858	8062	8101	8174	8662	8810	9676	11044	11070	11149	11496	12260
398	1.0	1009	9378
399	1.0	4153	4600
400	1.0	219	4059
401	1.0	2112	6331	6441	6757	10230	10265
402	1.0	83	7533	11313
403	1.0	9413	11035
404	1.0	5361	6628	8928	11069
405	1.0	955	1408	2250	4906	7893	8263	10619	10698
406	1.0	4034	7076	11371
407	1.0	3870	6198
408	1.0	6981	11396
409	1.0	102	4473
410	1.0	2494	7239
411	1.0	5765	9690
412	1.0	1512	2373	2862	3184	3366	4139	4188	4511	4818	7412	7675	9232	10177	10348	10606
413	1.0	5299	8427
414	1.0	289	2354	8876
415	1.0	543	982	4500	8235	9435	9927
416	1.0	2679	4311	4385	4393	8401
417	1.0	285	1002	1279	1628	2725	3244	3431	3459	4247	6286	7951	9182	9293	9947	10626	11129	11240	11518	11822	12135
418	1.0	884	10997
419	1.0	4293	11329
420	1.0	8521	10542
421	1.0	6318	9276
422	1.0	9236	9391
423	1.0	1148	2102	3028	3536
424	1.0	8514	11532	12232
425	1.0	1216	6693	7408	9522	11596
426	1.0	9296	10855
427	1.0	8774	9280	11634	11815
428	1.0	6591	9252
429	1.0	21	544	11354
430	1.0	292	880	1816	3357	9289	10398	10894
431	1.0	6152	10910
432	1.0	1434	6423
433	1.0	2262	4126	5679	6188	12130
434	1.0	4568	8455
435	1.0	1910	2651	10520	10826	11447
436	1.0	3132	10020
437	1.0	1168	3109
438	1.0	3257	9589
439	1.0	5329	11674
440	1.0	3381	7394	7406	8259	9564	9629	10268	12223
441	1.0	1483	8429	8512	10400
442	1.0	4147	10880
443	1.0	3854	5853
444	1.0	3035	5906
445	1.0	2313	4654	7268	8177	9664
446	1.0	7490	8308
447	1.0	662	3280	4373	5537	7221	9074	9653
448	1.0	330	835	1245	1348	3122	3136	3834	4407	5033	5331	5700	6081	8059	8223	8925	10314	10408	11413	11450
449	1.0	1213	1836	2406	4006	4374
450	1.0	555	774	2579	2582	2621	4237	10840
451	1.0	5090	7933	9913
452	1.0	5798	10236	10683
453	1.0	2648	12099
454	1.0	251	4830	7546	9083
455	1.0	6007	10098	11880
456	1.0	667	5006
457	1.0	611	2947	5523	5549	5849	6383
458	1.0	8812	9940
459	1.0	5652	5902
460	1.0	1657	9931
461	1.0	1203	3862	7194	8292	8933	10044	11835
462	1.0	2825	4141	9057	12331
463	1.0	6271	10990
464	1.0	953	1996	8994	11838
465	1.0	821	5301
466	1.0	6734	8335
467	1.0	1199	1350	3909	6132	6199	7306	7437
468	1.0	249	2218	2893	3053	3910	3987	6372	6499	6677	8844	10444	11957
469	1.0	5736	5900	8239	9441	12374
470	1.0	478	1045	1758	2002	8012	10800	11042
471	1.0	5404	10709	10808
472	1.0	84	344	495	526	643	844	1221	1497	1604	1747	1773	1931	2080	2101	2397	2676	2866	2907	2956	3520	4089	4604	5347	5419	5640	5897	5909	6533	6681	6780	6815	7133	7170	7363	7439	7456	8098	8362	9373	10115	10203	10753	10832	10959	11642	11649	11819	11889	12189	12243	12262	12352
