1	1.0	769	15188	16272	17002	16370	12070	14773	14987	5626	11261	346	13249	11854	16678	10358	4886	3932	7047	13926	1550	8872	5596	13609	1410	6655	5012	15257	16093	16540	9380	13994	4220	6268	11280	361	14125	9520	1134	7620	4629	901	1727	2169	1532	9416	14937	434	7308	7546	8216	3003	8343	10020	13206	1589	850	13775	16634	14533	9403	1501	9214	753	14431	2959	1868	3285	14	7560	11065	14892	10922	11438	6191	7995	2577	11636	9348	16501	3220	14200	5218	7326	1111	2745	16591	16361	12554	4503	11556	15278	17077	6862	4793	6137	13276	471	6235	3199	12021
2	1.0	669	14556	4308	2299	13634	7452	8711	7390	11839	5068	1491	15353	1496	12062	4737	14469	2555	15696	4630	1381	2475	5013	4325	16250	13543	8520	9715	7639	15828	8735	10337	9085	9159	3954	13430	10426	3314	11518	1843	11350	13336	640	649	15948	10276	2290	17207	17281	1875	2054	5230	4069	8104	11396	17354	7480	5896	15390	5104	9058	6351	4939	10099	11536	7991	89	2020	6052	16740	752	13508	3061	13181	10478	2133	4699	12466	10058	15069	12359	5920	2747	1119	14862	10172	12883	614	6979	16019	1881	3705	13625	5837	3225	16880	11797	14768	8910	7747
3	1.0	9071	4572	13939	5501	2523	7057	10811	5906	937	8636	14846	3936	13688	4037	5758	8870	10964	6654	5615	379	11477	15593	7521	6318	5159	8031	4320	6141	15430	8325	10970	2780	6510	15024	10874	17031	16654	3950	2284	12840	9643	3467	15332	11351	12517	15836	2162	5031	6168	5014	175	2569	7269	11016	7555	14788	10640	9024	1599	15650	163	966	11143	6405	2896	9940	13115	1458	12224	6694	1160	14972	1899	4769	17068	3340	17306	1565	11729	9118	4090	6972	15177	9359	3624	12289	16852	2230	4158	3425	9515	1367	1362	5931	17187
4	1.0	14913	1264	2094	14572	8303	4787	11118	4860	577	1157	3482	4239	15500	16302	2898	8732	2145	15851	827	6855	14832	3945	2479	5605	5769	8132	3675	2301	4412	1257	17316	6922	12796	10877	16554	4198	5004	3952	10339	1331	3741	14606	8125	7276	8958	9791	8812	1247	13138	4267	16132	15945	8460	9037	13288	1906	14636	10021	15808	2112	7291	565	12185	9749	12106	12102	17329	1746	1165	9459	12895	9457	13343	12816	9752	16826	9750	13817	1896	10570	4001	14393	11646	12950	15910	2932	4468	9042	8998	15079	12465	8645	2537
5	1.0	8624	11824	1261	16076	16478	7388	8547	7456	5824	14470	7590	11913	10662	3768	10280	15118	9704	4732	3249	12389	12385	11104	7522	2903	13854	15626	16492	12859	2310	4653	5494	7130	16541	12586	11685	16863	6064	13228	1254	12583	12159	11445	17250	8510	9255	12642	10226	2830	4752	12122	11946	3619	6838	10300	1876	10553	13774	7411	11811	13041	6367	12024	11333	12627	6881	16189	13510	6695	5768	551	10675	4760	4767	1894	2946	9052	14155	6621	11407	12115	15063	1192	2223	15171	4505	4500	3704	14762	9806	8482	7464
6	1.0	10061	3498	10291	10881	3326	494	14077	13089	15046	13630	6575	2406	17273	7006	1521	1090	1092	1308	13412	11277	1494	266	15502	14067	4234	15112	5851	9575	11771	7528	8035	987	12980	16092	17386	1710	12313	15887	17233	8285	7787	8289	16818	6000	8454	14250	2217	12088	3612	3613	16430	8298	3510	16736	6148	2628	1355	6959	16228	6616	12187	13807	7007	5105	7085	4835	13056	14877	15387	11253	16582	10472	9992	15305	1440	5929	16994	4096	5285	7946	12602	263	2233	943	2002	1680	4995	4999	10566
7	1.0	8424	10297	4577	7383	3651	10697	15206	3794	13083	6474	288	10747	12178	5388	10052	10529	4033	13927	15292	1562	6449	12535	7259	7313	3842	2791	15537	709	6853	17029	9494	4207	12857	3279	12399	7434	2640	11935	17099	1405	16896	9522	7866	14444	13538	9485	11514	1722	16445	8742	15557	5770	5669	11994	7980	1506	11048	15802	9582	2244	10011	13887	3881	1181	17304	16988	8833	7930	8363	9109	16749	11692	9185	12057	5191	14554	17195	4859	15843	15919	9048	3707	12607	1978	4998	1360	802	13177
8	1.0	2617	3759	3920	5603	16664	15145	3618	14382	15622	11823	4517	133	6906	14327	2828	16270	135	10320	12163	15513	10790	6633	3418	13280	3474	15028	14775	10088	11019	6553	16419	7131	8209	3571	12010	4532	5192	8615	2395	4248	2920	7988	14313	11425	8966	12277	15366	2446	13003	9449	1170	833	2720	2449	4255	9338	9116	6675	13477	386	7098	17133	16227	15113	4119	14504	16790	6723	2126	13454	7541	6127	11758	10921	8577	2013	9962	11848	7405	12837	3963	2377	14419	5059
9	1.0	6831	14226	6988	5876	1267	2968	15293	3049	9866	8292	7125	4575	10227	13183	14493	11548	2943	13505	6169	5459	4226	13143	4286	8658	13307	1719	240	12011	10914	13300	16241	9429	12177	1658	9516	9564	1114	11762	1378	8906	2215	8964	14944	8432	8513	1171	9448	9111	1201	10701	10174	16106	3487	15465	11641	15040	2646	2327	13419	14602	14214	10208	12823	11883	3887	13482	13880	8307	7584	1824	13766	11062	2087	5776	5855	13648	16391	4480	12303	10979	2911	3375	9767
10	1.0	3777	9845	15900	13693	8211	312	336	14834	9078	17341	13406	4347	6702	8541	12946	3731	1713	1547	16901	11035	836	11385	1191	6921	16686	16489	12393	9312	13243	2664	4868	5689	6620	7414	15585	5865	735	3087	14120	7341	5357	1217	15248	16046	3769	10644	10577	14005	15097	7944	8249	14958	15276	510	3409	13682	6866	16041	9705	3369	7566	13600	6073	5367	11219	8876	4831	2317	16879	9792	9885	7684	10596	7053	3848	437	17243	15086	9741
11	1.0	16828	8362	2961	8749	17107	16055	8384	3630	4326	3140	9164	12949	4765	11886	13730	234	279	5070	7833	10022	7902	7915	14062	796	7300	2971	9288	1057	11263	7202	6514	4672	10859	5314	15583	12211	6207	8826	11074	2113	816	13389	15612	309	119	7925	9444	11833	3261	5672	14083	9475	13378	9212	9989	15923	4376	1005	14165	12971	2551	10963	3565	10960	4605	11167	12550	9761	5242	11659	13039	15099	2075	2679	12263	9948	16970	8727	2250
12	1.0	15906	13793	2077	3615	11199	7610	10868	7175	6949	16944	1988	5508	12773	5889	15660	5133	14309	10436	1832	14738	5822	14789	16840	8823	4545	3797	15022	7056	3361	9834	978	10603	2743	7985	2401	8596	8679	6683	15803	13047	3037	15869	12592	9332	612	16047	2934	4332	4257	6151	5325	4094	14482	11614	9748	7628	10506	14522	10668	14617	11103	6567	2081	7465	4878	8584	3196	7766	11862	4915	11423	13703	1660	2530	16034	1827	9430	11479
13	1.0	3827	15031	14228	16072	8154	11807	662	314	13401	7347	16379	7677	16725	16016	2543	6436	13065	10421	13147	14754	15240	7267	12401	13758	5621	1857	16064	2036	1694	5921	2246	13161	13224	7779	14805	14730	892	6580	10130	12568	10287	12913	2463	14251	16340	13727	10117	11897	15110	8415	13273	2499	785	6546	12168	1282	1556	16810	1975	14894	6443	11793	12417	3244	11902	17189	17083	16360	15395	15594	17362	9560	912	13332	15049	10463
14	1.0	4302	9733	2864	3710	7810	13958	12907	3804	16642	2719	6886	6534	17165	8018	3041	15417	8787	2098	6945	8030	6283	9224	13584	3552	12522	12073	14473	5721	14475	3256	3697	10761	4942	15975	3852	9056	367	548	5866	10956	9243	11857	15076	5066	8101	2708	1608	941	13862	14882	34	17153	6447	5347	11127	12628	4331	3391	15334	7442	5753	17057	2502	15251	2994	6505	13749	7996	13270	5995	6331	1577	419	12203
15	1.0	3716	9070	16613	4088	2908	4453	10698	1387	14268	7035	15346	6700	14265	9994	14248	16903	16843	3454	2229	3050	4724	6287	1735	13209	14925	12236	6200	13260	1376	17337	5478	7419	7556	16111	12191	3602	466	9500	11916	17074	14824	10317	11213	5737	3131	3335	10751	6091	9027	7648	9669	2550	5346	3464	13989	2040	8984	2490	5368	6117	14563	7484	14681	3287	8816	7520	2108	17361	13011	6950	11433	923	7466
16	1.0	15721	8748	11178	1734	5649	15572	4229	8791	6459	6087	13917	15763	4109	17125	12112	5417	4148	12505	8044	11366	1614	7594	11680	5948	5372	16029	13122	232	12462	1032	2072	2178	7868	1296	409	4271	202	12590	16993	3588	15355	10055	16482	11953	15956	3526	12703	15426	17353	5897	2084	10423	4371	12064	4846	14601	11002	4736	3880	1189	12666	2240	6428	13712	14688	15960	1536	416	12744	4903	3252	6376
17	1.0	3825	6218	708	3636	15161	5295	6814	12879	11309	15782	16319	10325	3656	11482	1833	1949	7322	9916	14534	2560	4387	16967	6665	11725	11600	11704	12144	6366	14929	399	14237	11294	9130	13133	11838	12868	11905	616	7100	1674	16592	3262	16219	13533	9041	6092	12970	4930	10466	12685	15796	13315	9439	5081	2272	11693	4688	4663	11965	6310	14573	6238	2699	15967	3151	10948	17297	13252	15569
18	1.0	17025	11808	3862	5179	11057	16858	5078	7280	8300	6608	11562	12614	5647	14695	7638	12691	8090	7077	16789	13677	4906	9780	7199	5808	4477	12801	11938	933	1461	1012	5862	3834	7735	2870	879	10077	899	6024	7763	1332	12700	12040	6610	10528	16597	1912	11494	10424	7337	11147	5263	9903	6552	3243	7606	14749	13455	13889	17388	3033	11613	16915	11432	14939	13050	6198	31	17326	8586
19	1.0	16474	13959	16139	9240	5399	15729	2599	15166	2777	3063	15141	5211	1970	16371	17385	5274	1198	3476	4419	12759	1964	698	16908	542	2742	1678	11754	5962	13045	8965	11623	2815	14046	11184	7392	10709	208	11970	16107	975	11976	4982	16835	6556	4406	7789	4039	5595	10374	3112	17394	16423	2552	6401	14501	11377	5303	4134	5463	5711	5444	6313	645	8970	4292	7722	3987	15373	8855
20	1.0	10007	199	3776	10166	5035	3911	4895	6102	15573	3654	11520	15550	4766	3539	15146	10107	4638	6748	213	16925	2542	4748	12540	11662	4383	3025	11362	11077	4385	9055	2407	11627	917	1406	6329	13165	618	2447	14943	4175	11957	15918	8332	6520	9387	5320	7482	2973	17395	11086	5437	14505	4838	15663	906	6878	13985	5086	7449	1418	12164	1102	11733	16395	11738	11179	12054
21	1.0	4421	2613	13692	9369	9268	10676	1183	10232	16569	4521	395	8134	8182	15410	16589	4205	15258	13033	3210	3798	48	12377	9833	2981	156	13387	799	9835	4980	4550	9960	6048	6306	3189	8107	3495	719	16208	1239	778	4507	4623	6442	126	13728	9236	15408	6679	94	15359	3211	15197	8829	12532	5221	7064	14407	5349	11759	10957	8664	13116	5231	2975	10630
22	1.0	3592	1221	10295	9536	9245	17340	7177	16437	9751	6877	5496	8340	5645	8320	5134	6345	5198	4086	4511	14699	9837	599	2433	938	6047	6063	5961	16225	11932	8706	1156	439	10284	16045	1151	14507	5554	10547	10039	11736	7897	13377	9701	5485	10505	10687	11497	14743	16934	8875	7561	13317	17363	14401	13573	11794	17263	11615	11730	12302	6154	10636	1932	5814	6070
23	1.0	17103	15629	1325	554	10734	15870	6537	7345	10454	9595	15415	16311	13916	10559	2200	15286	10002	7201	2548	13467	6559	11443	8616	1527	716	739	9420	6948	17192	5863	7886	15915	8222	5248	15912	10171	3875	9251	12154	7849	10293	10481	8790	9987	8146	7999	6649	6402	4876	3039	13299	8185	3444	3016	4396	5307	5819	11711	6214	11458	2007	15988	14318	16959	11718
24	1.0	1128	14175	13830	10213	10309	150	10292	8466	6454	5470	12715	6943	8274	13700	2941	12167	15708	4061	15227	852	3238	5278	13080	4709	10646	2382	5328	17199	17197	6300	9979	8220	15932	9601	15881	14358	9963	9563	12552	7966	5756	13929	5942	16081	15755	11675	11466	8188	6696	6656	5575	7152	11251	15105	12321	15964	1518	6502	2514	2958	12206	8769	7725	9556
25	1.0	1304	2592	10165	3829	12712	17382	15342	16276	14240	6742	3737	8401	13348	12966	9306	3047	8784	1739	973	12128	4274	4949	9811	1610	9461	16007	544	4881	14053	10624	2457	11852	9133	6824	10815	2812	9256	8049	2909	14128	5324	9192	12280	15711	13726	12912	9480	283	14708	12107	17009	11927	479	13214	15330	15314	905	4837	7736	9514	4506	10634	16658	822
26	1.0	2902	12875	16667	10539	3929	17221	16155	16053	15519	13182	11488	17381	8919	1199	6265	3382	5982	15680	6477	2666	11461	10222	13798	9427	12918	12697	2280	9279	483	6408	8060	9007	1662	13756	2765	24	3057	14161	13514	15652	8288	11	4761	5835	3463	12328	3422	3268	13099	3686	11250	6650	8701	7320	12147	9953	17087	2676	8850	5859	9846
27	1.0	9249	9731	14830	5398	13698	1203	14137	8264	15109	16723	15107	8341	10101	10363	10362	14888	11741	9386	15655	3212	11367	13694	4339	1960	859	40	871	2381	7198	254	9497	2501	1507	6583	12595	2620	10351	3439	898	9253	15636	14782	15542	7914	12431	16261	227	6630	15294	11080	11278	4049	11726	1433	3883	4050	12572	12143	2416	2587	10829
28	1.0	8233	15124	10678	8629	10168	6839	14135	14837	10674	12077	4457	16912	10343	2945	11408	13548	3215	5430	5502	16862	11013	11814	11447	11939	736	15829	7953	2247	2642	2116	3912	580	15529	2282	10645	10986	7481	14448	6751	17073	13595	16283	5632	6407	6393	7160	9299	8892	8183	2048	14934	11459	6753	16141	6381	14093	6690	2370	12228	15981
29	1.0	6961	8500	10679	10414	339	15457	628	3320	7031	318	9180	9013	14361	6898	10361	2189	14459	12213	8864	831	15308	8194	12675	4141	9977	6225	2260	10818	277	7477	13963	17115	14380	16656	16538	13142	566	11952	7045	2352	5997	4111	13683	15657	8532	13293	9025	6427	9181	6352	14999	5713	14724	2411	5871	2066	296	14314	6219
30	1.0	2648	7604	1327	16401	2837	17149	14598	12851	4639	16720	5100	14800	6343	13468	11744	13633	16782	3513	264	16298	11911	3084	7551	11282	14044	11397	8207	15867	8168	12915	3179	5556	17298	2186	12624	15017	8413	2956	14437	17335	4669	2121	15215	4682	7332	5365	55	4738	14748	4179	6549	8975	12349	6212	1008	8479	16295	9925	2534
31	1.0	1143	3821	706	10304	14178	11347	12542	13287	11980	13349	9496	15205	15765	4163	3028	12297	5622	1534	4985	16148	10740	16889	3584	12325	16677	16921	674	1792	8825	670	8397	121	16367	12281	10137	8335	9199	9176	12153	8245	1280	5717	13574	5637	14400	13664	6312	2558	9571	12588	2415	411	298	8835	13490	1570	2149	1512
32	1.0	740	2907	9734	3775	10672	16071	16459	4027	6453	5660	5007	16452	14496	6707	8423	2136	1831	12507	2866	13827	15025	11503	946	11085	14807	10620	8734	8105	14040	15173	14616	17377	10283	15010	6020	9028	9623	14373	12184	15560	4377	13685	15309	3782	786	16979	5366	17325	6752	6133	12459	15376	10904	3979	828	1385	3980	11842
33	1.0	16330	3824	14343	15743	16911	1089	15620	2190	6120	10000	12779	16563	15282	2051	13113	7454	7323	5190	15364	8614	14802	356	12944	8407	11468	1278	9271	1338	10282	14122	16650	13350	9394	1865	15393	4994	17194	3706	16573	12822	1113	3563	1394	16851	3448	16398	16971	6652	1180	14465	6077	518	1243	11612	648	587	6605
34	1.0	8053	2596	2638	15160	4180	14179	6981	4571	14242	14092	3147	9305	5642	7673	12838	1424	3029	5628	1851	1071	8712	4597	1691	8962	7757	2267	5966	3917	8759	6307	13284	8067	3609	5282	3627	4031	5200	16346	13725	9319	8474	14607	10221	105	12455	1620	10096	3260	5083	6462	14547	2085	12788	10637	2516	6250
35	1.0	2965	12899	16335	8420	16668	3802	9675	8564	1873	3672	14363	13931	10791	10256	8092	13589	4741	12290	4514	8492	2018	2823	12230	4272	14420	15670	14423	2824	562	1333	14007	3135	8269	7088	6951	4568	5352	5638	16696	4529	4642	8993	8893	4014	16011	16527	5697	1976	7180	5914	10627	11434	8009
36	1.0	9123	3638	12929	10657	7111	3770	5499	14075	14492	5358	172	11380	1472	1777	2526	1580	7207	3101	956	9783	5869	11936	6025	11728	2001	14484	9600	10136	10336	2625	9278	10053	447	6668	14121	12175	10379	6847	11571	6889	2276	15735	7945	13629	1723	5243	13983	414	11594	8986	436	11968
37	1.0	883	4414	15903	15087	9455	17144	16431	7954	14619	67	15285	5507	5102	15643	2883	15360	7309	9389	12698	1780	8497	5840	4848	9310	7218	2916	10856	209	8206	6991	16619	6885	7355	1866	5487	11316	9981	3508	11060	11790	7062	13091	9234	14283	6332	2419	13733	9799	13037	2357
38	1.0	14581	10091	14678	451	9450	9532	6142	4228	13407	13323	3939	3173	3386	4705	4149	1635	13309	7948	7630	11606	5	8802	3975	11878	8811	776	16204	2876	5319	16120	15775	10420	15397	9626	2887	13339	15073	6404	12858	13575	3421	7311	7602	12382	12129	12145	6055	8972	10942	1001
39	1.0	2713	2605	2598	4657	14058	17042	15284	4554	9053	12581	10572	10855	7715	6661	4592	1110	10920	547	17198	2388	308	3628	4211	15157	2603	7298	17213	2468	6231	14378	4799	507	1054	3207	903	13768	12007	6488	15218	11713	12320	2792	7181	9578	15982	13495
40	1.0	5483	8740	5315	9229	16426	14413	10972	5270	13776	22	7629	2549	6101	10666	12231	6322	17094	1677	16142	9706	2817	16004	9152	9371	10056	15633	2933	8799	3263	5993	10784	7108	4604	6618	95	8247	9023	15134	8956	2212	12386	3194	17307	12757	6286	13234
41	1.0	988	705	16415	11526	13934	16313	4472	13549	16948	15222	4046	5585	5723	15683	4068	4983	6388	6042	1569	654	14297	16069	14101	15861	830	17175	6157	15503	3054	10246	11025	12631	9902	5597	4131	16945	14315	12513	12307	16038	5795	1984	2028	15752	926	820
42	1.0	151	3923	742	1120	10302	2654	11308	13546	10519	6740	7115	13822	8780	8989	14207	7306	13631	3366	5093	13466	4893	1365	185	6068	1259	2726	2871	13845	14623	10705	11120	16264	2930	10119	8126	9486	9807	6747	4910	13312	6378	13187	2022	8644	13496
43	1.0	4674	16336	14227	760	13859	8038	7462	11055	4768	9990	14610	8569	5099	13060	12972	5258	15682	1584	5847	1299	1443	492	5802	9425	12794	7397	15846	1099	15568	8337	6179	3566	8260	1623	12451	13742	15598	11353	14183	8997	2799	6026	16394	2515	12747
44	1.0	4303	15380	16498	2635	4368	16761	4427	1921	12639	1929	11528	3822	13753	13769	4747	5984	4844	738	11448	1010	6973	2127	611	8752	16122	9194	12728	11339	165	223	17396	13744	4078	1557	4919	5244	6770	36	12530	13137	533	3989	2677	1742
45	1.0	6593	9735	15700	11988	16333	12574	5664	3294	17023	10433	15578	1902	6920	11480	1814	15041	5729	3045	4384	12317	6754	2368	8652	7195	9335	15730	2762	10159	4190	5779	9763	2135	17299	8241	6394	16409	1435	4079	7705	15192	15254	12124	4851
46	1.0	9267	12871	596	15942	8070	766	13732	12852	14099	25	16211	11031	4509	5700	4671	1963	17258	0	1115	4989	1464	9930	17219	4259	16533	9067	15204	1353	2448	16100	12991	13645	10228	9587	3313	10031	9171	12519	8946	12660	7993	800
47	1.0	15169	17209	15926	9365	13015	15909	6455	5337	4074	6419	11389	1612	1548	6205	2034	362	6209	7778	2816	9604	5063	12496	15759	7947	16303	16712	8693	5345	4648	4177	1708	6461	3447	865	11122	53	519	14814	1389	11165	6256	2535
48	1.0	2929	8360	319	16883	1236	14577	15872	9603	8305	15552	1890	7134	16097	4944	11663	2782	15021	4288	6641	16986	8911	15587	2505	17257	13906	13967	13141	2422	11550	13515	8246	9816	1436	12480	6114	6296	11100	14499	11712	13277	6339
49	1.0	1269	4360	8383	10278	11565	12969	14322	12854	84	6248	4129	5655	12441	6349	3367	14737	12672	182	13124	2746	366	10609	7734	14642	680	4624	7644	14604	4357	3358	6270	4428	6017	13193	5610	6430	14546	1578	16039	7525	6295
50	1.0	1085	5395	5112	6969	16056	7223	15577	7913	15647	12615	3292	8322	6334	16689	5542	4726	4386	3102	17215	7385	17254	15993	2038	8225	15934	9524	589	16265	11555	16429	11579	14310	12066	844	13765	6391	5421	15818	4979	15493	10491
51	1.0	3904	9615	9344	391	2658	15433	15473	16542	9632	16985	2882	15042	16842	8198	12562	11076	4140	4169	4515	3854	1403	5867	4864	16785	2811	6340	16759	1595	10467	15352	6615	9289	3052	869	4405	2955	12777	5853	4951	17368	6050
52	1.0	11376	5016	2091	14719	15662	251	16235	8659	11688	2003	7156	12651	1585	10813	9562	6180	12179	1258	9426	9727	13964	1150	12621	3170	7904	4232	4055	5952	960	15193	12668	9491	11456	1628	16173	2392	511	12811	13256	4051
53	1.0	9367	16412	700	2926	271	9802	9655	14941	12075	13561	4781	16685	4904	5237	3973	521	7192	16254	4842	16325	9274	17036	6806	3872	563	9744	14090	6524	1869	13073	1281	14899	3221	6506	17262	3960	646	6882	2065	729
54	1.0	14919	10272	12927	3639	15943	9237	62	16607	7791	17005	16457	16902	15184	11170	12114	15203	6486	3022	7774	7772	9409	1297	8657	890	7457	5021	302	5027	10281	7487	7235	9584	12063	7827	1702	4937	4819	74	9511	11297
55	1.0	8501	3772	4266	2845	12109	110	16628	7859	3009	14072	4045	2056	5377	5703	12316	345	3180	734	11643	16460	893	14355	14667	11121	5204	4797	4350	11411	1994	2318	5300	14180	14428	1240	723	7762	17266	10718	4727	7689
56	1.0	8170	11093	3943	1786	11200	1484	5668	6749	4690	15220	8196	13062	12523	9918	7617	6368	12216	13104	10875	11005	2423	7295	14107	5356	4335	14006	10783	15011	5996	15659	11490	15190	11140	15692	14405	641	13238	688	10631
57	1.0	10417	8364	14115	4673	16357	9670	4432	1931	8468	4221	14204	14512	12397	872	5987	14779	1252	5782	1251	12136	6247	3489	994	3586	10688	7967	10683	10441	8357	4683	3378	3034	12646	3014	15961	9697	15814
58	1.0	3715	201	5152	16051	9474	12547	9854	4349	9303	12525	7714	2544	15304	17338	5003	14867	1211	14647	12884	15955	16776	6445	15014	7483	3521	9213	9174	12065	13296	5265	7565	2042	16933	12387	4587
59	1.0	7286	15144	10369	9054	12818	14863	16927	13146	11507	15246	9894	11709	2748	11283	17143	7439	2858	583	3555	14825	16832	10461	2835	10681	12584	14841	6353	10980	1809	10597	2390	16268	1415	2461	17240
60	1.0	13791	2966	5017	15162	1783	12830	3659	12426	12718	13067	12521	4067	5580	9832	16572	9264	9939	14808	10873	10741	3956	5140	15565	8124	8318	13893	2123	11358	5223	13706	6755	13110	10823	11073	4489
61	1.0	4262	2630	6143	17000	16312	16375	3640	9175	15439	11173	14696	5453	957	9689	3134	1118	4223	16026	5383	10264	12436	10854	9001	11575	16086	2952	6711	14548	7044	4422	1558	4834	6236	11739	10864
62	1.0	5110	10673	5033	239	16413	1489	15476	5135	16844	4519	1773	7633	12030	13103	731	321	11722	13226	17034	9607	5069	4777	4772	8283	5899	9863	12471	12456	4640	6397	8912	2025	354	2074
63	1.0	14031	17106	16640	14015	14325	5490	3027	5705	13616	8617	4495	2507	12353	9724	2643	3465	10567	7848	10883	8004	6865	8353	4602	10196	12769	3449	4750	1049	4660	4966	10807	12754
64	1.0	2712	14116	8250	625	3499	10542	5291	13522	12831	8443	7381	14071	4062	11742	15066	16455	17336	12934	2283	3838	10428	12997	8267	5216	6544	1559	6500	13705	11929	6032	16035	4488
65	1.0	9120	10535	16767	11826	6535	13938	14443	15349	12072	8095	974	5581	16865	15244	11604	8963	6586	17037	16121	4165	7961	8265	11622	16224	14766	12474	4643	6463	4718	14209	9924	4971
66	1.0	13696	13874	10386	3652	2989	4804	2484	12564	1856	12176	5903	10913	328	5860	6587	8437	9158	16590	382	13352	8531	1968	10840	4429	14747	5364	503	1364	15509	6033	10618
67	1.0	10062	14875	10009	11785	5473	7912	5644	6870	11454	15280	8969	13125	8922	9542	14640	16998	5154	6674	16953	13680	6710	6420	2576	15370	11357	12663	13112	6676	685	6031	11295
68	1.0	1163	3536	16133	1877	12618	3043	7384	7159	13265	7513	13225	9950	11287	9686	13945	3866	5751	13808	13290	16305	3509	845	5361	8896	12414	13101	7423	9574	2165	297
69	1.0	4771	12381	310	9092	3416	14307	13285	5057	14152	7208	10834	13269	1315	582	14787	4442	10689	9238	6737	8536	1551	14767	12245	1029	8703	15354	477	4974	2692
70	1.0	14221	16602	13403	16454	15475	3698	856	603	13306	1733	3219	657	4845	14620	2704	8635	16652	11553	14589	3288	9397	1552	12531	420	5718	14286	15306	8640
71	1.0	12877	2659	8073	14914	14246	11547	16129	20	5709	11158	508	3934	3896	9351	1097	3913	8755	12645	8797	59	14745	2083	3424	11735	11900	8484	7406
72	1.0	3758	3596	3753	15624	17161	12195	12988	2345	6662	44	45	1586	4497	7758	12135	16671	3860	9353	15952	10544	14379	15428	5261	3119	8898	7213	5691
73	1.0	14851	5176	10656	1785	6890	1480	6743	14883	11859	2269	2506	10744	1564	4367	17030	3835	15938	8634	15469	4112	13376	17392	8123	15058	12300	12781
74	1.0	1781	609	17222	15556	171	5479	15207	7533	997	13784	303	7624	11276	16366	4770	1888	12824	10110	8953	4030	11257	13986	56	8089	11931	514
75	1.0	5170	11090	707	7652	4025	11325	13409	15558	3550	8886	8887	11243	10289	2919	9442	8242	13294	2331	11006	7253	11418	4751	14406	12511	1844	14723
76	1.0	10273	15461	17040	13656	138	5075	7301	8710	12097	13266	1467	15489	9523	5532	7486	12558	16612	5404	9190	15854	8705	2531	8974	11451	14088
77	1.0	10169	4241	14638	9671	16194	69	9993	9325	5415	2527	11245	1372	915	13487	3910	717	15482	7940	16595	4151	5429	13316	1051	13132	11290
78	1.0	14113	14978	4321	13956	2297	6817	13327	10121	5643	9912	7599	7362	14197	7196	16461	443	1590	13357	3334	10223	13154	2337	7767	1519	2021
79	1.0	10452	8278	5339	10695	11667	8865	6947	1615	6763	12312	12099	7752	2706	15357	4115	100	3175	13920	7704	10190	14721	11352	1667	8720	8939
80	1.0	9343	9197	14457	7216	11300	857	15224	3186	1690	7415	5788	14026	14123	16594	13537	6712	3276	13319	2570	7165	11616	12161	10809	11635	16353
81	1.0	16475	17020	6432	5450	9284	7050	15383	14885	11442	11915	6023	2039	4338	3484	3157	12727	7649	4714	6403	5593	1044	6565	12762	13393	1765
82	1.0	12909	4369	15921	10046	14670	5219	12501	1056	16841	10623	15520	4889	15733	991	7806	8606	803	6841	5650	16243	12903	13606	10594	15968
83	1.0	5174	3496	15164	7876	9672	16230	12503	13996	1850	2593	10910	5098	9157	8399	1344	3720	482	9290	12453	5578	5613	5087	10893
84	1.0	6850	8507	14674	5334	11131	14611	11740	953	9460	6181	17237	15806	637	10269	3483	10390	15468	12994	1935	14521	16793	13158	3728
85	1.0	14870	751	11784	4204	3475	11244	7921	15998	12093	7476	9272	8047	13689	12188	6955	7842	5740	4666	3374	8859	10615	13114	11920
86	1.0	13836	5733	17226	10651	252	6160	3232	4539	7157	9548	16389	11879	8929	3933	262	243	17292	2275	4054	3036	6563	351	4565
87	1.0	1880	13544	7138	8112	12941	8191	3470	13671	13049	9975	653	1756	10443	6732	11270	5486	14160	15754	15544	12108	3191	6868	7688
88	1.0	15897	15728	16218	10794	6875	9163	4805	11746	8493	4593	16384	6820	11831	13821	1794	12418	1027	10989	9295	3543	6548	15832
89	1.0	3717	744	16601	597	9186	9147	17169	11172	15183	7241	9685	12357	7753	145	10350	8280	5677	7823	1917	4715	13593	4754
90	1.0	5766	4557	14364	8011	9838	2547	1427	4417	5567	15684	16382	932	10743	7294	9506	6677	5256	11049	4527	3441	7461	11656
91	1.0	1329	1483	16238	17164	4236	10252	12856	2053	10181	16905	6280	324	13905	196	16537	15406	2204	8579	2974	7507	11590	12785
92	1.0	1205	14910	15082	13997	13619	5726	2031	1290	10932	12954	13901	15842	7865	9004	5553	16246	14141	12720	15059	5401	3888	359
93	1.0	989	9129	14303	4578	7386	16418	14199	7093	7598	8924	8692	424	9529	9740	14144	17135	3721	9625	12469	11003	13314	16939
94	1.0	15267	996	13837	5535	16659	3458	5336	10992	5561	7494	4836	344	17366	8779	16365	8762	9955	3525	16441	5927	9301
95	1.0	14798	10592	4811	14056	7251	5255	3691	4890	3485	11108	12751	11201	16417	7222	12771	5895	16766	11449	2294	13282	16724
96	1.0	13835	7792	12742	14691	14831	14682	4902	8996	15449	1318	2154	11582	15232	6717	2262	5468	269	13820	532	10023	11633
97	1.0	9850	13486	12686	2481	14529	12746	5630	11356	5839	10387	526	7032	7745	3997	8717	7407	1972	4410	11221	6417
98	1.0	13960	14421	13076	4679	9611	4676	3598	12346	10176	8130	6731	10886	8715	1334	2685	15661	12049	6095	9112	4973
99	1.0	4536	5318	8080	4172	15531	6320	12004	12045	8039	2669	11975	15695	14440	14454	4492	3132	15810	14542	5311	1901
100	1.0	11095	592	10669	3407	7101	6471	11690	4474	6914	9943	3729	2387	13119	16442	9712	2110	10858	1657	11969	13126
101	1.0	16604	8314	15074	212	12375	3343	6990	12448	4821	4776	4485	13021	11681	5322	6736	950	12273	11605	7973	4409
102	1.0	6976	2779	12098	16531	7275	4880	2470	16504	14544	14184	9965	15893	12020	12717	6371	9481	9956	1925	9433	8937
103	1.0	13970	4373	7804	3318	8394	8392	8768	5461	14566	2754	4978	14709	16718	15277	2836	8359	11890	16191	17331
104	1.0	4174	12524	7932	15	972	3518	8143	1974	9090	16052	17302	7990	15999	11781	4195	5666	13009	2511	15549
105	1.0	4128	1432	12910	2634	15030	10045	16683	12051	1863	13723	4561	13354	5904	6348	3148	365	6257	14580	16199
106	1.0	5363	9479	16956	1965	12897	15084	5588	5181	12424	6211	13245	11336	8744	417	6725	11923	7129	13375
107	1.0	6356	13669	3099	7319	3198	13094	14349	3020	11858	9558	12053	1748	15279	15591	16345	12629	7793	11567
108	1.0	2332	7244	14967	15868	14785	3427	3919	289	14579	2026	10591	10394	5745	5466	11186	6876	311	16117
109	1.0	12526	17104	7370	14038	665	6812	15034	1228	17109	261	3855	3573	8626	11721	9211	14842	16623
110	1.0	5414	4301	8877	11234	3992	2924	2942	5521	6699	16257	16831	7679	826	2833	8535	13102	5053
111	1.0	2594	13718	10451	16206	12033	4719	120	14218	15478	3523	3133	7042	2895	115	10344	16291	17097
112	1.0	12339	782	904	7158	5564	15149	15068	13068	16037	12995	6308	3918	11982	15019	9874	376	15651
113	1.0	15894	951	2992	15375	5881	7960	16355	8024	7645	6724	10225	9710	4762	3786	16031	14326
114	1.0	7368	5947	14388	15902	16526	613	10995	1613	11066	524	2006	1693	7126	14249	15548	16096
115	1.0	16327	9204	10073	13491	2581	9228	3719	13082	11779	17041	5922	14087	13493	166	2166	4581
116	1.0	1305	6118	12252	7144	3115	8072	1309	10710	8279	8668	14449	11218	10797	10220	1914
117	1.0	3557	5252	6570	15804	9127	11457	6813	1821	13560	3530	13526	15416	17132	4553	5912
118	1.0	5520	16746	9088	11679	6416	14949	3955	5326	7657	12132	2678	1109	13923	1383
119	1.0	568	15311	5646	8561	7065	5447	16977	12633	1685	4626	16830	8723	5505	6636
120	1.0	8040	15425	4701	971	2885	5194	16502	11542	4454	93	8831	8654	2354	16054
121	1.0	13904	14045	15038	1141	749	17261	17067	5675	6362	11209	1675	3676	2362	8827
122	1.0	4800	16890	4313	2380	9692	3942	1594	131	14515	1063	13121	8718	2266	9139
123	1.0	10049	5391	1545	3808	7285	12488	4004	15676	12383	6638	11192	10939	16166	14630
124	1.0	8696	4161	8046	8066	10312	13998	11267	11928	3356	13472	8488	7969	3302	15517
125	1.0	6446	3384	10502	15896	14127	572	571	8671	16493	2024	16066	12027	1651	6871
126	1.0	11191	5957	16803	12938	7506	6673	8368	1887	9588	9160	2563	500	3161
127	1.0	14963	13709	783	5296	14739	15250	5838	2491	5202	5759	8404	6097	4869
128	1.0	13207	7571	2467	5568	15441	5169	14464	17063	12186	12363	12613	2010	10573
129	1.0	200	5180	13632	8226	5940	8880	5001	13612	16317	4484	12743	9549	1767
130	1.0	13580	16980	12518	6657	13864	13613	10439	15898	13918	6062	10766	10482	11512
131	1.0	7801	10967	9346	14998	15581	11984	16629	15391	15186	12028	15243	13494	4945
132	1.0	6011	623	4947	3600	8434	2962	15630	15170	14880	111	6156	10029	9469
133	1.0	12957	14997	4213	10760	7595	7365	4745	77	5741	3322	7514	1744	10106
134	1.0	9384	6968	12959	8729	5330	11053	3337	14323	9000	5465	13681	6939	12784
135	1.0	15892	13886	948	12100	17372	11004	7366	8083	6150	7917	9178	10501	13423
136	1.0	3713	2273	952	8088	11943	5269	2450	9929	14333	4276	8781	9557	14588
137	1.0	12257	15336	16471	16806	5445	5530	3197	273	7773	824	10752	6919
138	1.0	4150	13218	5598	16530	17350	7360	15343	6183	10952	8137	1460	4792
139	1.0	12693	8666	11683	12644	9006	4378	5918	13641	14069	7358	4200	3383
140	1.0	3761	4810	3203	229	5145	14387	8856	15108	4786	226	12605	8261
141	1.0	4759	15451	14526	14995	10996	763	2182	353	7831	11177	4852	14634
142	1.0	13157	7324	1164	174	33	2227	1065	15209	12212	16684	2632	1598
143	1.0	12	16536	5385	3595	14002	7459	13489	11216	7965	5506	3040	13231
144	1.0	13581	11414	4242	5305	8203	10759	403	11875	2164	4345	7401	1575
145	1.0	8430	10975	9910	14793	16170	16329	10518	10836	7041	6146	15511	1478
146	1.0	590	9552	12889	8602	6501	13424	545	5528	11129	6927	8595	9324
147	1.0	3611	14424	2441	3234	13661	15715	5546	14403	407	12704	5137	16287
148	1.0	16805	4749	10095	2311	14369	9428	8008	9699	11629	9321	10126	10102
149	1.0	14653	15553	5443	12384	9242	3031	16837	378	14068	1497	7379	15147
150	1.0	1806	7846	13618	3372	11242	5893	4	7471	13291	2261	8959
151	1.0	5172	3396	4012	9757	5327	383	7440	5518	12960	2682	3529
152	1.0	17026	6497	16820	16488	9126	5167	790	5235	12622	9856	14035
153	1.0	9616	12578	9919	13908	870	10392	4327	12792	6021	17179	11312
154	1.0	14853	633	13444	5240	3362	14010	13720	11320	5607	10867	11737
155	1.0	15317	8639	876	16960	10249	5617	12396	2394	12315	14294	11559
156	1.0	16215	16566	5247	8108	9008	16239	7997	11217	11904	16838	7781
157	1.0	10527	1021	3575	14881	1200	1067	10879	17174	16719	12724	17218
158	1.0	10072	2472	12763	14185	10175	7338	4440	8445	9782	7858	11424
159	1.0	3665	2471	9391	7451	2629	17128	3749	13058	11299	16598	3662
160	1.0	8572	8884	11360	12268	11552	12152	7861	4595	4206	9327	4600
161	1.0	8218	11755	15179	8179	570	13093	15424	7359	9019	6485
162	1.0	15217	12408	1289	968	2700	16105	15850	14806	10638	6929
163	1.0	14487	14129	10682	9140	1450	11961	10365	13036	16008	14164
164	1.0	2778	3610	7128	7835	7616	13707	6498	15492	12407	162
165	1.0	6028	9064	8509	3224	11531	10949	15289	1950	3733	468
166	1.0	5392	15600	7596	10098	4071	3127	1	10612	14390	3077
167	1.0	2717	5149	211	12760	6628	4582	3297	1669	10947	11415
168	1.0	4649	1555	6995	12344	16824	11018	10588	11039	9983	10955
169	1.0	12874	9072	1979	5452	10279	13198	10235	4354	11310	15008
170	1.0	11146	12444	15672	878	11530	11265	13016	6174	14213	11169
171	1.0	6267	900	16550	1055	6104	11099	4032	11731	8915	7534
172	1.0	4931	12298	10851	12908	3819	7593	6305	15474	9888
173	1.0	2623	6794	15930	16932	9908	12391	7426	4114	4976
174	1.0	7250	19	13450	12764	14272	918	15777	6338	17079
175	1.0	5010	601	14731	4059	11275	13000	13519	6697	8591
176	1.0	3544	15677	10853	6542	10464	7877	3073	14065	11844
177	1.0	3547	11745	15940	14489	10983	6222	124	1689	1393
178	1.0	13746	12366	10405	5241	6135	13241	16396	12233	9673
179	1.0	16692	6289	1351	15219	5472	13405	7784	13497	2960
180	1.0	6400	7460	8175	1997	3669	3152	11868	16636	8471
181	1.0	12253	7951	2869	12755	6803	2985	9530	8680	11544
182	1.0	12443	8071	12415	4858	14074	1905	9641	7242
183	1.0	9076	8167	3938	15119	12022	1910	6872	16949
184	1.0	9342	8372	14356	3105	15198	11399	16161	2000
185	1.0	16873	6519	5006	3795	2636	4413	5760	11926
186	1.0	1220	3517	9244	16098	10393	1951	16256	2949
187	1.0	3593	5229	16674	2086	788	4424	16021	5762
188	1.0	2443	7245	11021	15123	325	16144	1226	913
189	1.0	11429	16868	16490	1568	6194	9296	15555	13253
190	1.0	14742	2711	15883	5032	4024	14704	16839	9540
191	1.0	16472	9591	5279	3111	322	14145	16258	12947
192	1.0	8192	13879	12362	7576	8670	7771	14585	7380
193	1.0	16881	2914	10164	16568	8605	12090	15562	15837
194	1.0	6518	14558	3242	14843	13242	5908	13173	11237
195	1.0	6590	5393	14111	16529	4382	14425	14266	13506
196	1.0	5177	13620	8178	1037	6223	5213	11993	5482
197	1.0	8157	11504	9958	8792	2100	12846	15874	11452
198	1.0	16202	2340	3616	4510	2497	6220	16825	9142
199	1.0	12682	1647	444	11105	13385	11521	167	2977
200	1.0	7254	12372	10301	73	14597	13805	9959	9020
201	1.0	15724	4064	3200	8552	9016	1457	4430	9679
202	1.0	7059	9368	17038	15403	9329	17162	8807
203	1.0	13882	5625	7164	7777	17060	7896	14288
204	1.0	10156	15935	10311	12055	16137	7894	2017
205	1.0	5002	13708	9458	14957	10474	2838	14374
206	1.0	5722	12688	14395	12140	2749	13220	16080
207	1.0	5309	3395	1801	16028	16943	8840	9954
208	1.0	797	155	14953	7586	14840	1526	10918
209	1.0	10070	2308	5153	3774	330	16171	15597
210	1.0	4667	3966	6905	8981	6060	4552	8846
211	1.0	14412	12867	3801	7709	16300	10929	9695
212	1.0	1802	12116	4013	3577	16836	11597	6705
213	1.0	5382	16786	205	4007	17390	8111	1034
214	1.0	8514	16528	16549	6604	9698	6692	12347
215	1.0	6116	10313	12304	7857	6701	10024	5041
216	1.0	16737	11032	16486	5209	9320	7475
217	1.0	16462	2237	9638	722	4764	6691
218	1.0	4693	2335	16694	3117	5743	7723
219	1.0	16751	8100	8000	13059	10274	2794
220	1.0	13844	6284	12806	10380	13824	3082
221	1.0	14650	6496	10581	3850	12239	6908
222	1.0	3921	4743	5523	7232	14452	5513
223	1.0	3581	4695	10852	12292	13748	14564
224	1.0	14985	6358	2984	7189	14277	16119
225	1.0	1279	9667	1919	4967	14586	7878
226	1.0	14982	10892	10915	3162	6128	11481
227	1.0	8897	5259	3435	11540	11444	13028
228	1.0	12446	16878	14896	4133	4470	11549
229	1.0	3201	13085	8259	7950	6631	11921
230	1.0	13782	12491	7090	4126	11238	15496
231	1.0	15949	9900	42	12637	7860	11855
232	1.0	1630	1633	9059	9501	16965	13475
233	1.0	2588	2707	4043	8370	8494
234	1.0	10736	9143	3346	3962	5155
235	1.0	13004	14858	3317	15737	12553
236	1.0	8673	5015	5990	9247	6395
237	1.0	11082	92	2863	15477	7887
238	1.0	10354	8688	2878	5403	13883
239	1.0	10690	17349	8570	7403	13640
240	1.0	2222	16772
241	1.0	1771	8601
242	1.0	1546	1956	7151	8388	12935	14725
243	1.0	842	1700	7283	11541	11763	11869
244	1.0	538	2107	2602	3751	4614	5448	7246	7682	9418	10195	10290	10902	15613	16315	16699
245	1.0	5552	7264	7678	13195
246	1.0	16049	16374
247	1.0	2538	4628	6034	6273	6672	9947	10224	10552	10984	11126	11475
248	1.0	2011	2696	3937	4214	5037	7667	17007
249	1.0	5108	5576	9018	9594	14959	15756
250	1.0	1271	2373	6357	7163	8418	9291	10862	14081	15281	16938
251	1.0	342	430	9645	10943	16491
252	1.0	1485	4746	5671	5678	7744	9155	14561	15137
253	1.0	1350	5186	6644	8728	12322	12647	16680	16742	17244
254	1.0	2978	4023	12442
255	1.0	762	2413	7336	11125	13120
256	1.0	2512	12058	13972
257	1.0	472	3325	5046	6726	8943	13347
258	1.0	2069	10671	12567	15878
259	1.0	1513	2688	3599	7843	8293	10483	10610	11580	11986	12866	13826	13857	14392	15438	15871	16727
260	1.0	598	1800	2853	3310	3478	8138	8144	8336	9125	9330	11252	11874	12952	13363	13813	17303
261	1.0	3141	4802	5925	8296	12737	12855
262	1.0	1987	2263	2923	4498	6903	10568	11483	12942	15273	16743
263	1.0	481	1132	1954	2224	3352	4543	4607	5888	7155	8932	9080	9971	10398	11378	11395	11787	12930	13096	14750	15007	15697	16470	16992
264	1.0	8015	13197	16894
265	1.0	4863	7493	10448	12034	13070	15005	17369
266	1.0	2877	9952	12395	12925
267	1.0	369	695	961	1349	1397	1490	1707	1757	3278	3580	3803	5348	6815	7588	7728	9402	9932	10584	10804	11925	12758	12914	13855	14143	15460	16627	16681	16709
268	1.0	5292	10536	12982
269	1.0	52	274	1740	2488	3766	3986	4258	4692	4885	6190	6637	7119	7344	7726	7750	8558	8991	9281	9499	9614	9633	9828	10064	10731	11094	11564	11585	11861	12374	13012	13247	14485	15051	15139	15381	15987	16393	16433
270	1.0	2793	5332	12003	12251	14433
271	1.0	2009	5879	10303	10574	10872	11260
272	1.0	588	881	1019	1837	2848	3015	6426	7297	7445	7450	8223	9162	9207	9836	10180	10201	11205	13599	13651	14019	15970	17312
273	1.0	4854	11101	14094	15645
274	1.0	4990	6171	8817	9688	10388	11211	15130
275	1.0	1073	12901	14509
276	1.0	2176	3608	15589	17294
277	1.0	61	14106
278	1.0	1883	13528
279	1.0	454	1859	6660	7935	8753	12197	14751	16551
280	1.0	902	6744
281	1.0	3620	6165	6309	8186	11212
282	1.0	28	528	4199	7121	8925	14720
283	1.0	8495	12819	14223
284	1.0	1659	4898	13948
285	1.0	3504	3811	4170	4588	5954	7900	8562	8641	8853	8936	9901	11012	12580	16976
286	1.0	543	3088	10647	16532
287	1.0	1140	2167	5441	10515	16941
288	1.0	1399	3668	6347	9730	12931
289	1.0	983	10648	13344	14736	16511
290	1.0	976	4689	10894	11937	14194	15732
291	1.0	7421	13577	14904
292	1.0	1864	5082	6202	9107	11388	15739
293	1.0	112	3365	5746	8741	10335	14733
294	1.0	1083	9593	15908
295	1.0	768	1946	4105	5397	6611	9598	10347	14567	15877	16059
296	1.0	14663	16774
297	1.0	4287	11719	12974	16717
298	1.0	2709	6005	16103
299	1.0	3629	8034	11756
300	1.0	6640	9356	13603	15111	16377
301	1.0	2109	11460	13716	13738	17200
302	1.0	1795	9917	12739	14480
303	1.0	123	634	866	1232	1581	1808	2854	3507	3791	6254	7197	7422	7696	8176	8931	9438	10033	10546	10819	11830	13024	13654	13860	15904	16467	16586	16647	16914	17076
304	1.0	1087	4483	7548	9622	9805	10579	13841	15839
305	1.0	41	2399	3878	5312	11207	12833	14100	14535	14772	16760
306	1.0	501	8697
307	1.0	5752	6271	7328	7697	7805	9848	10951	11159	13962	14332	15159	16741
308	1.0	486	810	3445	9196	11401	11962	14804
309	1.0	1632	2797	4230	4912	4913	7928	8037	9991	11767	13439	15757
310	1.0	7074	16273
311	1.0	2580	3442	11334	11691	12951
312	1.0	3976	7084	7458	15152
313	1.0	2314	6041
314	1.0	2611	10495	14241	14571	15788
315	1.0	75	1973	2286	3035	3414	6410	6992	7136	8435	8521	9914	10041	11197	11355	13054	14048	15261
316	1.0	3271	4686	10051	11922	12738	16279
317	1.0	2893	3146	6124	14415
318	1.0	8197	10260
319	1.0	1895	6059	6361	10664	12220	12579	15142	15202	15256	16196	16928
320	1.0	5696	12454	12795	16975
321	1.0	505	1016	1644	3682	5418	8841	9817	9859	14513	15830
322	1.0	792	3074	4022	7120
323	1.0	10032	12845
324	1.0	985	2420	5928	7127	7727	11881	12559	14230	16277
325	1.0	3095	4191	6303	10089	12711	12906	17224
326	1.0	2899	3376	3690	7256	7881	10215	11966	12306	16358
327	1.0	2326	3660	8118	16520
328	1.0	3601	9815	10699	11421	12597	13261
329	1.0	6557	16079
330	1.0	2988	4833	5096	10786
331	1.0	5462	5475	5631	8023	15463	16411
332	1.0	10628	11271	13547	16856
333	1.0	1411	7492	15665
334	1.0	6659	8660	13812
335	1.0	671	980	1040	3755	7927	8148	9895	11706	14933	15980
336	1.0	1939	3916	5118	15361
337	1.0	4415	5864	8566
338	1.0	1788	1982	3085	3230	3431	3736	4544	4665	5226	5516	5698	5748	5844	7856	8992	9022	9063	10238	10458	10686	13179	13305	13392	13922	14299	14537	14938	15175	15523	15673
339	1.0	2170	3296	4862	5736	6278	6719	7837	15016	15996	16439	16695	16822
340	1.0	4943	11516	14845
341	1.0	1500	3380	3462	3657	3823	4317	5051	5061	9606	11044	13212	14780
342	1.0	350	8593	16067
343	1.0	12604	16850	16891
344	1.0	8395	15385
345	1.0	1229	2590	6282	12716
346	1.0	193	1173	1210	1834	2462	3443	3560	4425	4795	5821	6523	8923	9179	9441	9631	10216	10494	10841	13833	13884	15351	16484
347	1.0	405	1737	2424	2600	5734	6279	7893	10360	13248	13262	13614	14820	15268	15327	15443	15635	15717	15778	16408	16874
348	1.0	2402	2414	7091	8457	8828	12571	12983	14530
349	1.0	149	467	3947	6907	7238	9736	13518
350	1.0	549	947	10229	11601
351	1.0	1219	8476	10928	12223	16003	17391
352	1.0	3336	3884	5442	7498	7764	10498	11293	11511	13452	14078	16032	16968	17267
353	1.0	558	643	864	1215	1312	1514	1560	1604	1835	2410	2494	2517	2668	2972	3019	3024	3700	3760	3831	4685	4694	4829	5210	5810	6574	6588	6651	7018	7046	7231	7296	7562	7643	7869	7956	8879	9200	9786	10001	10082	10210	10332	10906	11851	12258	12985	13027	14034	14383	14974	14992	15265	15299	15768	16289	16372	16673	16777	16990	17035
354	1.0	5619	6293	8366	9388	9779	13621	16252
355	1.0	440	930	2739	7027	10197	10520	11050	12696	12945	12989	13420	13626	14445	16297	16359
356	1.0	600	2710	3012	5122	7169	9227	9944	15117
357	1.0	515	1681	1840	6372	9376	10788	14104
358	1.0	851	1582
359	1.0	3160	4481	5629	17277
360	1.0	2753	8032	11463	12707	13201
361	1.0	1248	2371	4362	6325	7080	10817	11672
362	1.0	750	954	1335	2487	2687	2844	3935	4083	4192	4567	5710	6086	6987	7396	7537	7618	7899	8393	9579	10643	10707	10757	12839	12964	13358	14024	14037	14468	14665	15510	16048	16278	16485	16942
363	1.0	2431	3748	9122	9946
364	1.0	2343	11153	12310
365	1.0	652	838	1153	1316	1971	2790	2808	3083	3113	3209	3403	4044	4294	5089	5251	5960	6790	7124	8557	9363	9787	9897	10245	10462	10585	10961	11195	12509	13034	13213	14712	15004	15154	15427	15543	16087	16544	17256
366	1.0	3752	7605	12730
367	1.0	3516	6805	9899
368	1.0	1983	6714	7154	8563	9547	17186
369	1.0	412	1986	2954	8676	14472
370	1.0	256	3002	15507
371	1.0	484	12978	16931	17089
372	1.0	2132	4218	8785	10084	10447	10626	11305
373	1.0	445	520	908	1041	1328	1941	4036	4744	5582	5785	6433	6963	7402	8623	9307	9377	10456	11332	11485	11644	13984	15746	16546	16946	17032	17284
374	1.0	1300	2134	11420	17343
375	1.0	4100	4476	7263	7841	12068	13925	14801
376	1.0	408	832	1629	2348	3687	3754	4118	4186	4703	5038	5477	5885	5978	6108	6123	6341	7394	7552	7922	8637	9466	9831	11155	11326	11658	11917	12768	13144	13196	14030	14073	14822	15603	15702	17047
377	1.0	183	677	727	1293	1302	5127	5594	6176	6297	6629	9300	9570	10299	10418	11102	11619	12541	14202
378	1.0	1400	3075	5852	9030	10253	11818
379	1.0	1060	4621	6192	8665	10396
380	1.0	23	231	244	415	604	644	955	959	1482	1640	1751	2173	3515	3767	3965	3978	4095	4202	4334	4652	4929	6538	6983	7033	7227	7438	7468	7641	7962	8061	8153	8204	9205	9206	11115	11171	11337	11654	11910	12006	12047	12499	13192	13281	13764	14357	14816	15567	15764	15815	16205	16240	16337	16535	16755	16981	17123	17333
381	1.0	118	6569	10706
382	1.0	90	909	2391	2533	3265	5020	6793	9399	10093	11239	12968	14347	14625	15857	16012	16517	16983
383	1.0	2324	5679	13921
384	1.0	1698	2579	5778	12235	12940	15325
385	1.0	3333	5572	5720	8857	11286	11674	12495	13184	13367	13416	15592	15760	16154	16764
386	1.0	35	3468	4551	4888	6243	6804	9235	9446	10598	14304	14980
387	1.0	1377	2078	14342	17049
388	1.0	1363	1666	5234	6852	7010	8427
389	1.0	1524	2271	2372	4716	6113	6196	7161	15619	16446	16639	16885
390	1.0	4101	14232
391	1.0	1126	1913	3188	3348	4882	5586	6386	7140	7490	9772	11841	13208	13591	14118	14229
392	1.0	676	1825	3169	6072	7829	9145	10158	12896	13722	16713
393	1.0	97	2114	3017	13559
394	1.0	458	4728	11661
395	1.0	144	260	3505	3771	9801	11069	11426	12921	14247
396	1.0	608	3977	5196	6829	7071	9131	9843	9909	10531	10787	11114	11248	13048	15541
397	1.0	475	1962	3154	3914	4783	8195	9292	10191	12733	15937	16310
398	1.0	1676	7663	9413	10611	12005	15445	16233	16907	17322
399	1.0	2496	3269	10558
400	1.0	5142	6667	12872	13471
401	1.0	187	16950
402	1.0	1438	10139
403	1.0	2740	3070	11343	12863	13488
404	1.0	1823	13061
405	1.0	1326	1959	5165	6880	7760	8408	8933	9519	9880	10319	10739	12241	12380	12458	14901	15015
406	1.0	1204	7898	11307
407	1.0	66	3699	3871	3908	5827	10415	10475	10517	11840	17058	17196
408	1.0	3206	7544	8820
409	1.0	4603	8237	8525	11677	13673
410	1.0	1186	6585	9864	11419	11502	13263	13582
411	1.0	1100	2921	11589	14306	16420
412	1.0	1112	2980	4000	4136	4635	4879	8721	9513	10884	12826	14584	15211
413	1.0	459	793	1382	2207	3032	3357	5030	6730	8874	9576	9841	10010	10203	10521	12137	12285	15195	15601	16779	17383
414	1.0	4456	7425	9166	14928
415	1.0	593	1303	1842	1900	2106	2199	3046	4065	4070	4247	4398	4401	4725	5249	5945	6172	7284	7305	7363	7413	7625	7724	7748	7817	8189	8380	8927	9379	9652	9937	10242	10471	10513	10936	11185	11909	12019	12089	12127	12141	12836	13162	13690	14133	14169	14543	15027	15094	15494	16131	16539	16937
416	1.0	1782	2618	3013	13342	14784
417	1.0	1121	1893	2597	2756	3143	3341	4295	4613	5036	5120	5842	6027	6564	6568	7011	10019	10633	12684	12695	12735	14398	15228	16866
418	1.0	1772	1817	2157	6210	7637	7646	9931	10465	11534	11795	12301	15302	15785	16263	16570	17010
419	1.0	3274	4872	5321	8678	11274	13462	13876	16606	17389
420	1.0	535	1778	4053	6796	6977	8576	9605	12123
421	1.0	8003	15133
422	1.0	5673	8193	11919	17242
423	1.0	47	116	142	195	249	522	718	805	812	839	1048	1241	1375	1422	1542	1652	1654	1907	1991	2049	2058	2277	2451	3021	3309	3312	3622	3742	3868	4084	4145	4438	4449	4958	5739	5907	6182	6507	6689	6769	6836	6848	7016	7518	7718	7740	7870	8036	8324	8578	8754	8926	9263	9510	9534	9800	9893	10153	10275	10385	10408	10493	10580	10590	10652	10746	10832	10844	11107	11132	11256	11695	11866	11933	11985	12017	12536	12798	12850	12898	13186	13308	13436	13652	13657	13684	14151	14397	15104	15382	15407	15490	16060	16151	16918	17206
424	1.0	1413	5343	6942	7409	10065	13369	15037	15927	16507
425	1.0	2119	2508	5826	6100	6757	10217	13509	14338	15422
426	1.0	2465	4773	6738	6924	8301	8733	11821	12151	13433
427	1.0	1294	2093	6001	6617	10261	14568	15840	16062
428	1.0	4297	5079	6098	6363
429	1.0	12786	12920	15916
430	1.0	2969	3331	3450	3724	9849	10490	11815	12351	13202	16775
431	1.0	622	896	1845	4324	4353	4925	10162	12937	13534	13814	15191	16575	16815
432	1.0	4269	7257	9694	11930	14312	14446	16002
433	1.0	5923	6065	6258	7547	9161	9172	10508	14764	16425
434	1.0	3663	7219
435	1.0	60	495	967	999	1813	4238	6464	8371	9339	15455	17039
436	1.0	1346	3229	4465	4698	4734	7052	9398	10435	10716	11266	12477	12679	12699	14057	14734	15506	16338	16833
437	1.0	241	1206	10911
438	1.0	780	3122	3130	3291	7427	14694	15821	15929	17022
439	1.0	4950	11634	12767	13326	13608
440	1.0	683	3008	6529	7230	8028	8374	8603	9657	13565	15521	15794
441	1.0	2035	2270	2671	5123	5809	5965	7082	14262	14956	15551
442	1.0	462	1013	1943	3086	3145	3183	3290	3339	4127	4210	4322	6167	6226	6290	6481	6721	8165	9093	9476	11973	12192	12780	14004	14154	14172	14181	14592	14889	15283	15538	16140	16580	17013
443	1.0	8895	9684	12050	13097	17229
444	1.0	10173	10713	14651
445	1.0	7708	9687
446	1.0	389	2329	3681	4840	8805	12336	12770	13981
447	1.0	8055	11768	16732
448	1.0	2867	8276	9135	10152	15006	17286
449	1.0	686	2430	4282	6411	7143	8021	9661	10641	11764	12060	12589	13107	16376	17137
450	1.0	694	7850	9012
451	1.0	4466	6954	7864	8410	8489	17202
452	1.0	442	1233	3671	5676	7755	8480	13719
453	1.0	1135	3368	6096	8619	14244	16633
454	1.0	1930	3289	4735	6178	8232	8904	9527	11078	14354	14669	16220
455	1.0	473	789	1882	2888	3303	5791	9824	11776	14795	16435	16716
456	1.0	2872	8987	10026	10157	11403	13168
457	1.0	664	3237	8139	9100	12486	14690	15075	15848	15852
458	1.0	3562	4005	9526	10138	12843
459	1.0	2361	3631	11684	14254
460	1.0	1898	2460	3359	4875	7497	7702	8628	9456	9860	10954	12676	13164	13804	14211	14295	16987
461	1.0	578	2935	6713	7023	7147	8655	15614
462	1.0	9451	10054	10114	10489	10649	11699
463	1.0	6582	10526	14345	15595	17344
464	1.0	1770	3286	4491	4596	5286	8120	17359
465	1.0	1064	7132	7496	10349	10569
466	1.0	1768	3789	6129	7539	8439	13594
467	1.0	11977	13239
468	1.0	5583	10144	10237	11092	13899	15545	15762	17205
469	1.0	237	398	3865	4058	5811	6277	7343	10639	14252	14761
470	1.0	441	3172
471	1.0	4981	11058
472	1.0	30	5792	6923	9273	11669	15720	17230
473	1.0	2444	3528	4307	7022	9317	14518
474	1.0	396	2366	10930	12924	17301
475	1.0	102	204	307	400	702	1018	1174	1253	1423	1776	2143	2660	2868	2957	3192	3266	3658	3673	3723	3764	4107	4147	4256	4482	4535	4739	5005	5280	6239	6547	6566	6595	6775	6792	6807	6883	6891	6897	6915	7029	7191	7776	7901	7911	8291	8323	8477	8503	8549	8568	8687	8868	9033	9239	9395	9862	9933	10097	10129	10205	10241	10338	10557	10562	11087	11112	11545	11628	11876	11882	12288	12460	13399	14061	14989	15255	15338	15516	15644	15773	15858	16084	16176	16213	16556	16690	16969
476	1.0	4395	14849
477	1.0	1602	1769	3059	3800	9964	9973	11288	12752	13014	14500	16506	16630
478	1.0	1291	2950	3390	5563	10259	16073
479	1.0	1047	5980	9609
480	1.0	2079	2556	3423	4431	9663	11210	14206	16354	16513	17003
481	1.0	26	3991	4217
482	1.0	4687	5114	7008	12332	14680
483	1.0	8171	16867	17328
484	1.0	4072	11391	15012	15093
485	1.0	349	7467
486	1.0	2375	2697	15646	16156	17356
487	1.0	779	3961	6145	6801	8326	13891
488	1.0	9331	13230	16543
489	1.0	817	1444	2257	6415	8181	10587	12623	13810	14656	15944
490	1.0	265	6998	10510	14930	17044
491	1.0	3856	7312	7824	12528	13617	14668
492	1.0	559	607	3542	5424	5989	8882	11036	13659	13898	14396	16237	16847	17268
493	1.0	2115	2750	3106	5208	7567	12928	15495
494	1.0	969	970	1670	1966	2118	2198	2341	2892	4717	5049	6119	7387	7660	9082	11119	12174	13373	14377	15703	16624
495	1.0	29	1911	2626	4984	5755	9261	11987	14260	15153	17072
496	1.0	2715	4352	13035	15140
497	1.0	147	1107	2356	4097	5077	9922	12403	13139	13513	15053
498	1.0	13936	14873	15706
499	1.0	1218	5141	7516	9276	11254	16115
500	1.0	6577	7249
501	1.0	6600	12084	12208
502	1.0	10342	15331
503	1.0	2142	6383	13178	14033
504	1.0	4664	13275	13788	15766	17156
505	1.0	58	1212	4364	4426	5158	5994	6373	6540	7168	7891	7952	9452	10043	10655	10842	11041	11361	11428	12061	12201	12249	13469	14054	14352	14574	15225	15774	15845	16063
506	1.0	2128	2673	10086
507	1.0	7671	12219
508	1.0	1488	5969	12849	14153	15176	16585
509	1.0	1230	2130	3060	3438	3810	5958	7290	7339	9029	10778	11017	11161	11791	13754	14714	14890	15833	17148
510	1.0	7153	8527	9352	10504	17376
511	1.0	406	8648	8983	10885
512	1.0	3569	7474	10322	14273	16182
513	1.0	4818	15208
514	1.0	929	9347	11832	15447
515	1.0	8096	8948	13687
516	1.0	3171	11008	16781	17155
517	1.0	9590	15631
518	1.0	2052	6109	12790
519	1.0	452	1684	4636	6756	7526	11499	13052	14192	15497
520	1.0	11958	16558
521	1.0	2661	13211
522	1.0	5323	7172	8464	8704	8951	9410	9938	10267	10432	11022	13204	14124	14236	14540	14646	15388	15769	15824	16085
523	1.0	2316	3307	5953	9628	10962	11918	14603	14876
524	1.0	9121	9649	10315	10882	12652	14990	16644
525	1.0	5935	7012	13735	14555	15365
526	1.0	181	1455	1537	2351	3185	5171	6581	7178	7811	9314	9906	10703	12729	13324	13757	14940	15855	17287
527	1.0	8346	11047	14089	16169	17191
528	1.0	14059	14549
529	1.0	3104	7812	7987	10059	12237	12748	13638	16762	17053
530	1.0	71	1454	2672	3144	3982	4102	4547	6233	6409	6728	7375	7529	7611	10814	11775	12701	13977	16383
531	1.0	170	880	1726	1758	2101	2241	2274	2309	2827	2983	4077	4162	5527	5917	5956	6266	6539	6956	7374	7685	8646	8770	8804	11368	11586	11956	12955	12998	13175	13364	13435	13900	14189	14216	14557	15096	16935	17251
532	1.0	7395	11340
533	1.0	2016	2695	4691	6509	13662	16424
534	1.0	2616	4167	6054	6126	7145	8342	9401	10958	11626	14300	14324	14488	16473
535	1.0	432	12439
536	1.0	3551	5250	7182	8381	8764	14222
537	1.0	784	1339	3927	5704	5727	9464	10248	12134	13246
538	1.0	3353	4052	6213
539	1.0	1262	1697	2047	2211	2464	2987	3970	4225	5451	5657	5761	5976	7819	8158	8200	9217	10680	11010	11160	11328	11440	12333	12566	14727	14909	15301	15480	15649	16521	16744	16773
540	1.0	1058	6418	8014	8121	16859
541	1.0	8583	9226	11317	11698
542	1.0	3711	6782	8375	9173	11264	12082	12475	13071	14020	14163	14947	15214	15656
543	1.0	281	2285	6336	10658	14336	15825
544	1.0	3120	6444	8730	8760	12888	17112
545	1.0	1944	10601	10924	16886
546	1.0	2160	4224	5635	6468	9728	10728	11777	13031	13483	14316	15994
547	1.0	4144	11135	13337
548	1.0	9285	12965	13410	13422	14491	17140	17177
549	1.0	806	2842	6085	8772	11194
550	1.0	9592	9871
551	1.0	767	5979	17173
552	1.0	487	5344	7634	7687	7816	9259	9725	13232	15062	16876	17096
553	1.0	2068	3042	4003	4443	13320	13842	16324	17379
554	1.0	428	12293
555	1.0	1650	2477	2998	3709	8662	10027	12419	16729
556	1.0	3500	4344	6517	12587	16023
557	1.0	1816	2259	3928	5402	6598	8475	8496	9422	12194	13465	17247
558	1.0	1878	9794
559	1.0	293	3177	7444	12309	15003	17231
560	1.0	1386	7700	16982	17139
561	1.0	14008	16458
562	1.0	2718	3393	4121	4941	7570	8815	12260	12573	14495	16784
563	1.0	7937	8438	10081	14201	16648
564	1.0	3400	8504	12392	16221	16534
565	1.0	8618	12254
566	1.0	2650	4723	12570	12655	14385	16495	16923
567	1.0	3216	3969	5636	5775	8786	11208	12015	12680	13279	15698
568	1.0	4806	8400	12319
569	1.0	2191	12650	12756	16356
570	1.0	2044	15527
571	1.0	2586	2744	5591	8173	8184	8311	9373	10863	12498	17203
572	1.0	1231	1918	5509	9621	9881	13770	15310
573	1.0	8803	9165	10411	11230
574	1.0	4591	4807	5184	7318	11014
575	1.0	1003	1699	11164	13395	14645	16588
576	1.0	6333	7273	17001
577	1.0	332	1625	3156	7665	10599	12880	13086	14245	14781	17027	17249
578	1.0	8818	11318	12464
579	1.0	1738	3817	9360	16587
580	1.0	4501	5333	12248	12635	14198	15057	15779	16306	17269
581	1.0	489	1184	2610	8483
582	1.0	1175	1597	3889	6835	7281	10008
583	1.0	304	11174	14012	15237	15611
584	1.0	1136	12722	13267	15486	16174
585	1.0	990	4197	5173	6188	6216	6632	6859	7790	8502	9980	10888	11820	12398	13030	14639	14774	14818	16453
586	1.0	1638	1805	13310	16068	16957
587	1.0	9853	16212
588	1.0	7500	8810	14921
589	1.0	4263	5427	7389	16632
590	1.0	1197	1862
591	1.0	1359	4579	7005	8881	11020	13636	14278
592	1.0	154	4407	10926
593	1.0	2195	5283	5313	5825	6802	7721	9525	13760	14758	16110
594	1.0	341	7237	8251	11365	11638
595	1.0	4460	6663	7037
596	1.0	5491	14976
597	1.0	1981	5163	5716	6526	7051	7277	8649	12560	15050	16214
598	1.0	1872	10425
599	1.0	1447	5185	5977	13463	14817
600	1.0	3094	5369	5900	6242	9322	13191	14560
601	1.0	4823	5503	5549	5616	8716	13361
602	1.0	1177	1245	2621
603	1.0	3399	4524	5641	7883	9541	11705	12378	13476	16095
604	1.0	5125	6798	14168	15047	16342	17154	17182
605	1.0	338	624	2567	2568	2798	2802	3328	3534	3674	4435	4458	5910	6634	8282	8290	10017	10616	10931	11298	11843	14082	14673	16350	16660
606	1.0	1679	2813	2913	3948	6105	7268	8201	15114
607	1.0	10178	12205	13678
608	1.0	10188	10768	11802	12238	13383
609	1.0	506	8873	9707	11430	11799	12272	12835	13079
610	1.0	287	1763	6525	7670	9349	11770	12331
611	1.0	725
612	1.0	491
613	1.0	8967
614	1.0	448	615	1036	1498	1858	1989	2161	2300	2397	2480	3670	3812	4774	5260	5467	5738	6138	6162	6440	6515	6791	7416	8306	8499	8620	8837	9265	9635	9648	10442	10582	10614	10661	11533	11609	11760	11828	11850	11871	12291	12338	12379	12543	13872	14182	14741	15039	15088	15411	16516	16813	17364
615	1.0	897	1066	1619	2675	2996	3607	3637	4227	4278	4513	5796	6896	9046	9454	9505	9936	10115	14039	15120	16414
616	1.0	215	253	885	1285	6274	6682	6746	6819	7797	13912
617	1.0	140	218	3338	5355	9477	9769	11620	12487
618	1.0	81	83	192	230	245	421	765	863	949	1023	1176	1600	1639	1671	1716	1942	2849	2851	2904	2995	3058	3678	3925	4464	4710	5471	5498	5667	5708	5970	6074	6084	6244	6253	6429	6487	7015	7030	7067	7357	7879	8166	8213	8240	8297	8379	8459	8587	8613	8675	8707	8725	8819	9252	9293	9447	9745	10538	10613	10720	10909	11319	11696	11743	11856	11892	12087	12117	12452	12608	12904	12962	13203	13210	13333	13502	13540	13568	13578	13665	13714	13966	14049	14051	14132	14478	15125	15272	15518	15658	15809	16158	16271	16326	16811	17288
619	1.0	6007	6292
620	1.0	5771	6693	7206	8511	13828	15288	17141
621	1.0	6170	9920
622	1.0	5784	17279
623	1.0	7540	11673
624	1.0	11163	13909
625	1.0	7400	14652
626	1.0	13170	15811
627	1.0	3351	16136
628	1.0	2194	5587
629	1.0	5253	7270
630	1.0	6125	8448
631	1.0	388	456	621	3490	4029	5111	5800	7021	7162	7908	7978	8699	8849	9889	10730	11038	11670	11801	11877	12620	13153	14351	14662	14697
632	1.0	76	320	348	673	1185	1188	1354	1853	1861	2179	2674	2936	2999	3553	3726	3873	4283	4633	4849	5277	5378	5522	5614	6240	6326	6489	6578	6952	7188	7446	7485	7491	7585	7828	7977	7983	8064	8081	8461	8598	8830	8861	9222	9287	9437	10179	10445	10484	10607	10770	10843	10938	11106	11439	11527	11702	11889	12350	12539	12582	12648	12848	13022	13043	13159	13289	13329	13382	13554	13583	13615	13635	13799	14263	14771	14960	14964	14970	15136	16058	16404	16444	17120	17323
633	1.0	139	631	2513	2918	3062	3587	3739	4610	4721	4922	4928	5845	6136	6186	6473	6576	7089	7110	7659	7720	7822	8116	8478	8960	9084	9758	10230	10907	12555	14159	14220	14404	14429	14659	14757	14828	14994	15435	15491	15623	15638	15686	15709	16339	16447	16697	17239	17334
634	1.0	10468
635	1.0	2298	3858	12199	14907
636	1.0	659	1101	1104	1390	1421	2071	2689	3168	3874	5371	6601	9797	10192	10194	11166	12405	12468	12802	13353	15437	16707
637	1.0	617	1182	1495	2303	2644	4132	4416	5539	5813	7666	7839	8127	11001	11133	11398	13566	13852	14139	15102	15135	15372	15905	16234	17130
638	1.0	221	267	550	777	837	936	1283	1324	1752	1766	1787	1838	1849	2097	2138	2428	2585	2615	2768	2886	2939	3159	3661	3677	3781	3998	4816	5188	5239	5573	5849	5872	6177	6228	6281	6359	6508	6531	7194	7353	7949	8041	8042	8238	8272	9257	9385	9795	9803	10037	10492	10563	10927	10937	10950	10974	10991	11470	11870	11912	12334	12473	13092	13351	13421	13557	13558	13564	13980	14080	14130	14794	14895	15081	15132	15212	15400	16616	16882	17127	17318
639	1.0	7680	10094
640	1.0	4827	15018
641	1.0	8256	15156
642	1.0	5273	8114
643	1.0	1855	2663	8205
644	1.0	555	681	1178	1588	1673	2029	2436	2532	3204	3832	4018	4541	4612	4815	5000	5101	5212	5266	5662	6008	6291	6758	6800	6926	7170	8700	8845	8858	9275	9586	9717	9810	10014	10798	10822	10905	11496	12025	12048	12119	12234	12240	12435	12832	12953	13002	13172	13449	13624	13999	14664	14859	15000	15262	15345	15694	15771	17201	17320
645	1.0	658	678	714	963	1091	1145	1841	2082	2350	2557	2652	2789	3053	3193	3248	3695	3725	3779	4011	4187	4461	4794	4803	4959	5203	5484	5493	6163	6324	6936	7742	7769	7916	8920	8979	9262	9318	9337	9781	9942	9999	10161	10371	10469	10629	10792	11359	11617	11907	12218	12232	12284	12681	12740	12772	13127	13473	13740	13840	13990	14935	14952	15001	15609	16274	16320	16499	16706	16765	17296	17380
646	1.0	1933	10341	13176
647	1.0	6975	7808	9696	12834	13786	16070
648	1.0	647	924	4853	11538	15524
649	1.0	9328	16397
650	1.0	3747	5570	7215
651	1.0	1392
652	1.0	5351	6364	14177
653	1.0	1042	4960
654	1.0	1936	10431
655	1.0	72	96	540	813	854	1117	1337	1624	2080	2291	2307	2727	2757	2875	2986	3129	3735	4116	4176	4249	4260	4450	4668	4678	5413	5898	6413	6571	6982	7083	7150	7619	7662	8140	9073	9087	9282	9414	9872	9967	10006	10373	10459	10485	10565	11227	11240	11323	11462	11700	11714	12181	12198	12625	12860	12981	13001	13135	13180	13283	13321	13675	14041	14162	14170	14552	14629	14931	15128	15274	15298	15369	15727	15740	15879	15957	15977	16388	16450	16463	16496	16523	16565	16574	16596	16688	16734	17051	17208
656	1.0	712	931	1137	1323	1361	1566	1812	1992	2205	2321	2339	2389	3164	3433	3578	3594	4433	4996	5136	5227	5335	5389	5480	6152	6315	6658	6934	7048	7179	7572	7583	7738	7840	7909	7923	8545	8599	8761	8901	9357	9612	9656	9668	10028	10133	10824	11655	11694	12101	12799	13032	13394	13429	13459	14105	14256	14705	15032	15617	15723	15781	16223	16500	16735	17146
657	1.0	4042	5168
658	1.0	98	1216	2374	2591	2891	3275	10092	11992	12085	15409
659	1.0	4494	13095
660	1.0	1709	3473
661	1.0	343	939	3184	3235	3996	4918	6106	9503	9915	13562	14000	16392
662	1.0	4394	4403	7719	7855	8156	8548	9708	9982	10333	14707	15533	15710	15748
663	1.0	17	282	425	449	747	965	979	1139	1516	1736	2242	2302	2376	2384	3018	3481	3877	3907	3957	3988	4085	4087	4233	4594	4700	4791	4887	4953	4991	5060	5084	5350	5681	5719	6980	7058	7404	8074	8142	8147	8409	8422	8588	8600	8839	9089	9471	9658	9693	10236	10294	10434	10845	11054	12096	12749	12797	13106	13233	13418	13831	14014	14156	14191	14337	14442	14490	14508	14827	14836	14965	15234	15344	15450	15616	15776	15972	16163	16249	16730	16849	16919	16962	16964	17064	17184	17289	17351
664	1.0	11950	14760	15687
665	1.0	410	1078	1194	1531	1592	1891	2281	2320	2759	2761	2814	2879	4122	4411	4901	5128	5514	5571	5699	5937	6441	6698	6780	7000	7133	7631	7786	8013	8270	8385	8486	8582	8783	8854	8930	9043	9060	9104	9153	9597	9722	9775	10251	10356	10477	10571	10653	10702	10785	10889	10987	11246	11467	11951	12367	12990	13456	13499	13663	13724	13778	13873	14108	14590	15002	15126	15172	15379	15434	16440	16614	16702	16819
666	1.0	7597	12649
667	1.0	280	3696	4926	7558	7612	8689	9913	12373	15971	17347
668	1.0	1977	7712
669	1.0	6720	7479	9350	10352	15772	16195
670	1.0	43	250	285	290	429	682	1095	1417	1442	1696	1711	2008	2183	2645	2839	3306	3324	3434	3591	3837	3846	4152	4855	4964	5264	5663	5715	6184	6232	6365	6797	6984	7019	7524	7971	8110	8386	8403	9400	9613	9796	9865	9887	10145	10254	10533	10769	10895	11187	11255	11453	11576	11625	11657	11804	11948	11981	12204	12279	12343	12354	12422	12670	12821	13018	13440	13441	13485	13628	13868	13941	13943	13949	13969	14036	14047	14050	14174	14186	15098	15242	15508	15844	15864	16000	16109	16332	16561	16645	16703	16771	16794	16809	17048	17056	17255
671	1.0	3187	8299	8356	9097	9493	9827	10795	12035	14261	15402	16245	17270
