1	1.0	145	332	716	735	999	1092	1956	2116	2188	2539	2765	2894	2977	3096	3141	3181	3267	3465	3576	3719	3737	3749	3799	4020	4038	4087	4236	4484	4649	4698	4797	4834	4967	5173	5258	5376	5823	6044	6093	6120	6404	6818	6839	6947	6994	7045	7058	7267	7315	7401	7421	7519	7641	7653	7814	8360	8466	8535	8538	8737	8790	8916	8972	9056	9166	9619	9633	10212	10859	10979	11083	11273	11506	11952	12007	12015	12033	12269	12337	12390	12452
2	1.0	1519	4031	4740	5075	5207	9512	12299	12556
3	1.0	674	805	911	2452	2694	3185	9103	11418
4	1.0	2324	3155	8373
5	1.0	317	5262	6071	6341	6926	10793	11190	11887
6	1.0	3470	3728	4844	6314	7600	7810	8650	11183
7	1.0	2414	3861
8	1.0	10017	10531
9	1.0	1087	1349	1497	1642	1705	2928	4478	6681	6745	7460	7739	8433	10090	10562	11144
10	1.0	1317	4763	11570
11	1.0	5034	7132	9071	11568
12	1.0	3413	6940	7753
13	1.0	2529	4210
14	1.0	1003	9254
15	1.0	625	831	2410	4186	6852	7298	8392	9276	9386
16	1.0	134	556	3175	4272	5557	5952	6163	6364	6428	7044	7176	7823	8315	9807	10848	10878	10993	11192
17	1.0	6831	8769
18	1.0	1200	8797
19	1.0	947	1127	2010	3086	3663	5265	5815	5970	6390	7026	7393	7856	8312	8738	9826	10039	11318	12453
20	1.0	2373	3442	7217
21	1.0	3479	8887
22	1.0	1504	1554	1566	1567	3215	3775	4378	7950	10171	11172
23	1.0	862	1337	1425	1651	1768	1891	2085	2102	2500	2906	3158	3483	3598	3823	3828	4218	5120	6332	6777	7133	7771	7946	8517	9238	9287	9795	10315	10387	11340	12523
24	1.0	1013	3355	5195	7099	11934
25	1.0	1760	11309
26	1.0	762	1399	1492	3259	4574	6008	7361	7776	9767	10015
27	1.0	35	231	379	1076	2411	2967	3543	5352	6505	7554	7983	8203	8643	9051	9601	9896	10552	11272	12214
28	1.0	260	1503	1922	2953	3818	4488	5190	5624	6391	7339	8242	10115	11759	11874
29	1.0	1924	2750	5390	5396	6175	6671	8309	9236	9247	9722	9915	10429	10517	11832	12202	12583
30	1.0	198	874	1699	1780	1931	1977	2542	3015	3666	3677	3736	4769	7208	7260	7599	7607	10000	10004	10078	11358	11524
31	1.0	5830	6871
32	1.0	117	246	350	401	826	1367	1636	1951	2071	2406	2451	2558	2932	3256	4054	4117	4444	4669	4953	5093	5314	5380	5424	5779	5955	6026	6113	6637	6927	7111	7265	7272	7334	7387	7608	7724	8464	8497	9115	9406	10800	11561	12322	12535
33	1.0	3646	10227	11287
34	1.0	1	271	708	873	1011	1304	1578	1643	1673	2230	2645	2785	2849	2889	3003	3060	3473	3504	3816	3911	4036	4129	4241	4457	4482	5513	5650	6225	6319	6342	7195	7214	7360	7397	7466	7516	7605	7664	7710	7797	8085	8249	8265	8297	8298	8342	8584	8685	8927	8931	9126	9131	9137	9264	9316	9368	9432	9510	9680	9780	9866	9970	9981	10060	10755	11224	11434	11639	11856	11864	11995
35	1.0	65	1658	1704	4159	6395	6828	7230	7489	9089	10275	11372
36	1.0	759	1653	1682	3587	7131	7156
37	1.0	4	348	822	1110	1648	1964	2579	2582	3023	3067	3703	3933	4140	4351	4800	5023	5420	5707	6142	6483	6633	7007	7121	7289	7746	8193	9076	9105	9477	9528	9532	10081	10354	10541	10600	10966	11435	12497	12581
38	1.0	281	1281	2133	4194	4404	4432	5347	5978	6467	6534	6702	7448	8486	8540	10617	10735	11082	11449	11733
39	1.0	155	656	816	1493	2060	2262	2559	2576	3270	3513	4450	5019	5354	5440	6055	6290	6531	6872	7922	7981	9038	9329	10055	10125	10465	11462	11642
40	1.0	890	6421	7953	8803	9085
41	1.0	85	137	166	324	361	492	494	513	763	880	1062	1460	1919	2066	2083	2448	2571	2603	2604	2667	2669	2781	3046	3071	3131	3230	3752	3763	3888	3996	4206	5056	5064	5270	5335	5537	5544	5677	5817	5889	5908	6394	6518	6524	6631	6719	6884	7114	7171	7415	7558	8000	8083	8195	8389	8745	9003	9022	9058	9199	9278	9637	9836	10103	10163	10352	10363	10913	11176	11204	11280	11413	11610	12035	12098	12380	12435	12446
42	1.0	242	705	768	1079	1549	1740	2270	2461	3615	4354	5441	5565	5938	6462	6934	7698	7962	8139	8162	8332	8415	8479	8784	9185	10704	10841	11150	11843	11882	12321
43	1.0	699	5510	5731	6383	6481	6883	7945	8981	9979	12264
44	1.0	1002	1305	1364	1384	1496	1540	1928	2606	2728	3142	3760	4347	4968	5098	5362	5371	5883	6141	6497	6596	7244	7425	7463	7706	7741	8147	8405	8545	8824	9320	9935	10311	10954	11313	11388	11427	11455	11825	11865	12044	12108	12122	12194	12417
45	1.0	399	417	600	954	1295	1762	1840	1854	1858	1963	2313	2549	2789	2875	3917	4237	4764	4879	5599	5632	5936	6078	7113	7547	7745	8604	8793	10046	10643	10871	11526	12376	12525
46	1.0	3248	3924	6307	8772	10210	12024
47	1.0	69	179	381	537	540	1098	2909	3035	3516	3564	3680	3714	3998	4658	5007	5406	6035	6276	6630	6656	6716	6902	7303	7440	7923	8135	8245	8269	8383	8613	8732	8973	9375	9399	9416	9498	9662	9776	9805	9921	10653	11157	12255	12304	12543
48	1.0	1391	3991	4307	7666	7803	10359	10496	11383	12234
49	1.0	168	553	952	983	1139	1333	1483	1715	1831	2596	3212	3594	3634	3821	3835	3871	3903	4047	4053	4390	4431	4707	5279	6988	7378	7891	8107	8441	8478	8848	8968	9053	9136	9274	9283	9410	9631	9948	9994	10154	10185	10959	11241	11491	11575	11583	11625	11988	12009	12169	12582
50	1.0	244	695	924	1227	2327	4337	4338	4494	4667	4749	5622	6297	6863	7534	10135	10414	10595	10636	11917	12114
51	1.0	162	203	406	886	1102	1239	1547	1670	1744	1807	1908	2110	2121	2155	2486	3943	5163	5511	5743	5748	6000	6563	6824	6954	7429	7564	7998	8272	10031	10399	10787	10944	11735	12121
52	1.0	289	483	614	783	979	1043	1109	1218	1231	1861	1938	2522	2605	3323	3533	3580	3628	3734	3786	3802	3807	3885	3984	4360	4537	4866	5008	5057	5170	5269	5305	5635	5722	5834	5847	6388	6408	6857	7561	7713	7978	8067	8092	8229	8382	8869	9150	9224	9712	10036	10403	10594	11627	11781	12004	12230	12282
53	1.0	42	160	638	704	828	1130	1431	1482	1750	1791	2186	2788	2962	2966	3041	3169	3264	3720	3741	3852	4454	4539	4654	5110	5145	5283	5382	5507	5587	5912	5965	6318	6410	6412	7035	7562	7618	7707	7842	7916	8321	8339	9028	9091	9259	9269	9465	9758	9782	10461	10676	10785	11187	11428	11451	11611	11760	11795	11991	12037	12411
54	1.0	143	761	1874	4860	5025	5252	5331	6486	9046	10667	10808	11198
55	1.0	738	2177	3908	4099	4889	5452	5492	6014	6241	6249	8920	10806	12103
56	1.0	73	88	651	696	751	1008	1137	1283	1418	1517	1632	1822	2033	2347	2403	2413	2421	2434	3091	3268	3369	3824	3845	4067	4173	4232	4341	4691	4732	4809	4897	4990	5059	5141	5807	6075	6189	6441	6979	7227	7469	7779	8055	8148	8341	8451	8592	8765	8858	8900	8937	8988	9759	10213	10495	10791	10903	11118	11757	11911	12172	12394	12458
57	1.0	57	602	813	1797	2867	2948	3054	4271	10099	11431	11849	12158	12261
58	1.0	1126	1930	6298	9752	11889	12307
59	1.0	1097	9016
60	1.0	163	793	1211	1354	1368	1466	1537	1608	1613	1674	1695	1986	2212	2340	2663	3027	3907	4181	4697	5048	5439	5460	6030	6362	6623	7390	7548	7750	8211	8278	8501	8787	8897	8995	9382	9484	10434	10774	10884	11440	11614	11700	11817	12102	12544
61	1.0	96	810	2030	2100	2253	5679	6545	7377	7988	8404	9825	9980	10985	11606
62	1.0	2920	4684	4710	4774	5292	5450	5542	6472	8029	8052	9543	10639	11264	11301	11800	11847
63	1.0	1396	2214	2994	3609	3727	5928	12566
64	1.0	80	191	319	569	616	664	942	1051	1080	1125	1406	1960	2039	2245	2306	2510	2586	2600	2676	2705	2949	3062	3154	3284	3460	3583	3650	3853	3920	3940	3999	4302	4438	4817	4819	5188	5959	6112	6247	6482	6589	6761	6775	6822	7161	8534	8544	8632	8672	8756	8758	8977	9095	9322	9337	9540	9855	9943	10009	10022	10184	10306	10590	10731	10784	11551	12254	12403	12513	12573
65	1.0	784	843	1412	1452	2130	2426	2442	2546	2668	2757	2957	3050	3128	3493	3721	3966	4950	5176	5277	5999	7634	7655	7736	9930	10132	10206	10237	10961	11293	11361	11621	11948	12275
66	1.0	116	440	475	902	1168	1222	1785	2025	2166	2170	2211	2218	2353	2424	2783	2887	3101	3746	3880	4690	4972	5351	6145	6743	6764	7165	8105	9647	9861	9958	10333	10641	10678	10713	10980	11715	12174	12211	12350	12434	12571	12580
67	1.0	114	298	300	557	1044	1048	1436	1767	1939	2161	2251	2429	2823	2981	3007	3147	3189	3452	3768	3812	4499	4633	4765	5074	5094	5185	5361	5394	5417	5462	5778	5964	6689	6709	6757	6759	6793	6920	6976	7015	7056	7243	7794	7917	7952	8060	8121	8163	8273	8335	8349	8564	8594	8628	8842	9299	9311	9472	9534	9638	9820	9822	9828	9859	10422	10462	10509	10512	10722	10727	10736	10798	11105	11640	11682	11844	11883	11928	11965	11982	11996	12090	12135	12286	12423	12463	12519	12537	12575
68	1.0	228	1913	3930	4021	4344	4756	5324	5892	5982	6184	6493	7178	7350	8177	8186	8834	8951	9012	9054	10332	10757	10924	11018	11191	11208	11288	11789	11855	11947
69	1.0	570	1047	1233	1287	1362	1375	1794	2409	2699	2893	3440	3638	4355	4372	4780	5793	5853	5993	6183	6282	6610	6875	7278	7403	10104	10293	10340	11085	11089	11160	11252	11270	11310	11669	12339
70	1.0	346	531	1268	1320	1839	1916	2247	3679	4030	4522	4570	5047	5710	6396	6588	6674	6691	7097	7144	7349	7538	7643	8175	8979	9100	9986	10076	11545
71	1.0	22	195	210	248	559	568	927	1174	1449	1532	1876	2221	2412	2577	2997	3043	3058	3073	3148	3288	3480	3932	4609	4703	4822	4854	5135	5536	5561	5841	6267	6474	6685	7018	7169	7569	7963	8196	9061	9284	9548	9620	9679	10205	10720	11009	11329	11362	11474	11703	11762	11848	11884	11997	12191	12311
72	1.0	1402	1562	1698	3216	4461	5950	6372	6542	7072	7749	7789	7790	8873	10822	10824	10919	11590	11721	12410
73	1.0	26	503	1706	1921	2474	2871	3367	3471	3505	3511	3983	4463	4515	5505	5572	5673	5733	5946	6088	6790	7148	7464	7473	8041	8429	8812	8896	9449	9654	9983	10092	10370	10375	10855	10891	11339	11552	11767	12385	12391
74	1.0	424	718	1151	2825	2876	2946	3004	3405	3568	3944	3970	4183	4428	4933	5072	5397	5398	5684	6431	6466	6964	7520	7903	8651	8700	8721	8742	9248	9420	9688	10217	10308	10440	11171	11470	11584	11901	12386	12567
75	1.0	12	175	415	460	725	760	1614	2843	3245	3269	3374	3863	4343	4358	4552	4686	4701	4859	5058	5151	5228	5242	5690	5741	6027	6032	6494	7719	7733	7909	8881	9066	9676	9798	9872	9895	9908	10190	10714	11292	11463
76	1.0	109	230	1224	1495	2498	2647	4376	5810	6744	6855	8227	8243	8299	8331	8676	8678	8877	8890	8908	9309	9415	9598	10507	10888	11284	11297	11785	12200
77	1.0	138	474	701	1323	1474	1508	1677	2105	2810	2829	2902	3266	3510	4185	4254	4289	4470	4590	4799	5068	5412	6099	6543	7263	7871	7992	8376	9125	9132	9404	9778	10388	10392	10451	10681	11163	11404	11432	12569
78	1.0	342	425	757	1050	1216	1272	1408	1626	1773	1803	2285	2443	2964	3172	3182	4075	4682	4762	4862	5914	5919	6084	6195	6216	6239	6311	6832	7106	7398	7890	8541	8549	8835	9110	9165	9208	10043	10353	10648	10981	11023	11578	11714	12445
79	1.0	144	151	176	234	707	767	944	1403	1844	1932	2032	2217	2427	2464	2511	2820	2987	3047	3072	3250	4618	4662	4961	5006	5035	5348	5681	5983	6073	6354	6422	6496	6736	6854	6969	7155	7287	8164	8221	8238	8244	8557	8850	9074	9109	9188	9835	9838	10329	10341	10445	10752	10894	11077	11123	11178	11599	11660	12329	12399
80	1.0	1032	2007	2299	3890	4575	5820	5821	5899	6012	6665	8115	9381	9478	9914	12008	12051
81	1.0	1052	1571	3981	4090	4810	6604	6638	6948	8697	9226	9905	11220	11594	12257
82	1.0	819	1026	1214	1598	1738	2379	2469	2700	2743	2815	3391	3844	3942	4523	4923	4944	5551	5613	5702	5824	5825	5835	6161	6220	6230	6278	6289	6463	6809	6936	7014	7191	7640	7768	7985	8367	8659	8800	8930	9294	9760	10150	10385	10862	11516	11585	11776	12176	12208	12317
83	1.0	67	364	368	438	478	840	1536	2092	2232	2384	2439	2911	3239	3555	4092	4104	4127	4224	4368	4445	4632	4977	5428	5449	5486	5833	5838	6017	6155	6158	6185	6283	6304	6879	7009	7098	7279	7498	7518	7858	8206	8248	8386	8548	8614	8788	9006	9112	9270	9348	9473	9686	9691	9746	9925	9932	9993	10049	10153	10286	10564	10568	10887	11101	11127	11384	11550	11567	11638	11719	11726	11730	12094	12292	12404	12462	12492
84	1.0	16	91	108	216	247	389	487	539	812	1144	1332	1373	1555	1665	1735	1849	1985	2072	2157	2193	2223	2344	2433	2476	2512	2644	2959	3120	3246	3972	4190	4282	4334	4511	4524	4898	5107	5168	5342	5444	5485	5773	6051	6065	6677	6707	6803	6963	7142	7146	7329	7703	7819	7906	8141	8150	8417	8626	8725	8729	8833	9018	9351	9367	9594	9744	9881	9882	10151	10314	10325	10438	10645	10706	10748	10866	10908	10920	11633	11674	11723	11835	11956	11964	12066	12181	12420	12526
85	1.0	59	118	394	597	993	1039	1294	1331	1758	2079	2609	2626	2919	2923	2988	3029	3068	3083	3087	3138	3188	3429	3433	3606	3872	4082	4316	4335	4571	4699	4843	5503	5629	6043	6740	6889	6909	6996	7019	7128	7173	7501	7654	7673	7680	7688	7740	7777	7972	8065	8217	8419	8423	8520	8608	8611	8943	8989	9027	9142	9547	10663	10865	10987	11004	11031	11147	11359	11807	12468	12533
86	1.0	684	2312	2392	2635	3874	4268	4509	4650	4982	5044	5254	6079	6908	6911	7989	8674	8684	8733	8775	9330	10857	11397	12192	12413
87	1.0	998	5711
88	1.0	111	630	1027	1442	1898	2862	2884	4793	5272	6800	7011	7292	7556	8461	10877	11650
89	1.0	480	936	1112	1914	2561	2848	4392	4399	4922	5096	5813	5953	7486	7691	7743	8020	9144	9730	10124	10208	10258	10942	11880	12419
90	1.0	18	326	392	1012	1316	1526	1685	1733	2176	2458	2483	2811	3077	3711	3753	3847	4162	4420	4630	4640	4869	5246	5328	5600	5651	5703	5887	5917	6711	6924	7089	7965	8044	8291	8728	8759	9221	9357	10058	10407	10528	11613	11918	11950	12133	12209	12443	12500
91	1.0	146	192	201	588	758	786	803	865	919	931	1198	1205	1394	1430	1968	2395	2716	2747	2992	3022	3166	3353	3393	3508	3526	3595	3750	3864	4035	4462	4550	4653	4731	4820	4896	5290	5604	5660	5898	5926	6001	6092	6118	6223	6377	6448	6514	6860	7614	7847	7869	8292	8473	8578	8744	8844	8929	9157	9193	9237	9285	9418	9623	10253	10323	10377	10448	10879	10925	11221	11378	11420	11529	11782	11894	12078	12183	12256	12272	12471	12560
92	1.0	339	376	629	747	1212	1445	1502	1640	1727	2027	2067	2357	2641	3051	3098	3156	3299	3459	3931	3995	4367	4504	4796	5595	5605	5753	5992	6508	6585	6590	6659	6892	7644	7936	8624	8773	8888	8891	9088	9938	10110	10230	10527	10566	10950	11559	11875	11922	12260	12469
93	1.0	844	1228	1379	1512	1639	1751	2088	2517	2793	3242	3294	3424	3669	3797	4175	4781	4786	4892	6070	7143	7241	7870	7886	7915	8200	8308	8663	9470	9580	9753	9793	10384	10402	10441	10882	10912	11458	11853
94	1.0	152	2752	2885	3914	4001	4752	5891	6207	8167	8480	9505	9545	11088
95	1.0	270	329	497	585	714	825	852	949	1756	2076	2090	2181	2787	3678	3868	4123	4371	4407	4556	4992	5112	5971	6680	6726	6758	6844	7147	7203	7290	7665	8318	8990	9118	9138	9919	10025	10250	10698	10858	10895	11099	11255	11547	11622	11684	11867	12220	12456	12528
96	1.0	437	863	1033	1169	1969	2141	2169	2267	2569	2791	3276	3285	3702	3925	3926	3957	4179	4202	4559	5419	5627	5839	5896	6023	6054	6062	6347	7101	7804	8087	8301	8743	9146	9251	9607	9645	9648	9791	9801	9833	11373	11770	11910	12168	12412	12584
97	1.0	132	351	479	481	507	641	1091	1133	1194	1250	1398	2319	2328	2630	2653	2657	2809	2904	3150	3283	3675	4228	4692	4744	4759	5656	6172	6218	6601	6912	6967	7167	7433	7616	7769	8155	8302	8546	8629	8708	9475	9732	9750	10075	10131	10446	10898	11512	11591	12205	12431
98	1.0	110	123	441	496	581	587	603	677	830	903	1065	1666	1766	1864	1867	2012	2042	2053	2106	2494	2503	2594	2725	2839	2865	3124	3218	3257	3282	3360	3443	3539	3653	3692	3854	3901	4292	4363	4541	4998	5005	5011	5432	5493	5508	5601	5688	6206	6258	6285	6301	6363	6500	6525	6537	6608	6772	6821	7223	7247	7570	7904	8062	8178	8636	8673	9206	9583	9741	9819	10057	10066	10097	10119	10299	10886	11005	11029	11117	11317	11335	11525	11772	11797	11960	12353	12559
99	1.0	344	3394	4599	5169	6739	7994	9001	9503
100	1.0	208	598	940	1539	2335	3795	4739	5661	5745	5972	5984	6082	6173	6532	7237	7884	8027	8174	8447	8641	9318	9999	10827	10976	11482	11716	12020	12384
101	1.0	1835	5521
102	1.0	766	1992	2612	3328	3735	4401	4959	5375	7815	7896	9964	12145	12422	12470
103	1.0	3708	5816	6262	8131	8580
104	1.0	393	799	897	991	1024	1154	1275	1312	1432	1596	1978	1998	2031	2687	2754	2758	2868	3417	3582	4048	4074	4148	4219	4352	4486	4626	4802	5275	5540	5546	5789	6140	6425	6510	6599	6784	6904	7189	7196	7216	7386	7677	7722	7801	8188	8257	8346	8687	8789	8901	8910	9033	9135	9523	9700	9897	10463	10471	10521	10896	11240	11697	11811	12107	12175	12398
105	1.0	605	984	1085	1195	1347	1915	1967	2314	2339	2513	2575	2622	2870	3550	3716	3757	4107	4917	5264	5455	5519	5527	6020	6424	6607	6763	7054	7308	7408	7670	7991	8047	8057	8140	8260	8290	8448	8499	8573	8726	8735	9026	9029	9030	9450	9702	9877	9940	10108	10261	10406	10470	10741	10831	11262	11746	11802	11808	11937
106	1.0	249	252	313	383	426	1382	1722	1869	1890	2760	3559	4325	4582	4694	5041	5341	5569	5746	5757	5805	5849	5881	5942	6136	6270	6384	7269	7930	8086	8370	8713	8730	8956	9069	9339	9387	9998	10284	10295	10396	10567	10719	11307	11712	11859	12490	12507	12517	12534
107	1.0	29	197	280	314	430	686	876	884	948	1545	1612	1728	1752	2021	2159	2187	2292	2380	2407	2523	3038	3381	3458	3557	3803	3809	4231	4265	4453	4772	4805	4927	4979	5004	5132	5381	6229	6958	7198	7406	7620	7704	7894	8093	8108	8325	8352	9295	9302	9481	9918	10056	10214	10688	10881	11331	11520	11581	11647	11677	11819	12003	12084	12161	12203
108	1.0	340	856	1371	2408	2774	3420	4421	4850	4962	5171	5448	6090	6535	7889	8192	8525	9098	9325	9768	9973	11535	11592	12228
109	1.0	206	335	643	732	781	829	837	1491	1630	1714	2165	2692	2723	2734	2890	2929	3180	3747	3798	3929	4197	4214	4346	4540	4551	4718	4755	4868	4919	4940	5156	5315	6011	6083	6160	6310	6327	6409	6650	6756	6760	6838	6867	6931	7138	7197	7285	7493	7854	8021	8114	8170	8483	8503	8521	8547	8811	9179	9305	9476	9495	9675	9892	10381	10548	10763	10843	11149	11167	11419	11737	12117	12138	12157	12520
110	1.0	621	1289	1302	1335	1376	1450	1529	1900	2351	2525	3673	3773	3954	4381	4546	5307	5951	6166	6551	7264	9004	9627	9870	9957	10532	10989	11094	11182	11517	11774
111	1.0	15	48	450	769	1280	1282	1485	1524	1730	1812	1907	2113	2135	2356	2907	2918	2921	3018	3375	3411	4024	4290	4415	4426	4705	4798	5078	5232	5320	5808	5828	5902	5903	6146	6164	6336	6337	6451	6523	6564	6696	6751	6949	6961	7213	7276	7881	7929	7966	8380	8411	8874	8998	9090	9182	9417	9733	9954	9965	10294	10369	10477	10573	10609	10820	11006	11211	11416	11469	11493	11771	11777	12069	12128
112	1.0	1046	2304	3157	5863	6708	6897	8008	8212	8231	8551	9093	9178	10674	11114	12092	12498	12529
113	1.0	45	211	268	449	463	823	872	1208	1209	1307	1516	1518	1600	1634	1954	2127	2329	2358	2440	2475	2661	2701	2740	2859	2958	2976	3075	3396	3449	3556	3849	4072	4100	4327	5121	5237	5591	5609	5640	5658	5990	6461	6686	6929	7477	7567	7860	8204	8271	8424	8804	8955	8970	8986	9005	9007	9156	9317	9508	9640	9698	9721	9800	9847	9863	9884	10080	10169	10195	10209	10270	10958	11188	11254	11306	11354	11618	11701	11734	11805	12083	12340	12347	12548
114	1.0	194	418	661	807	1162	1356	1389	1904	1940	2143	2258	2778	4412	4492	4784	4828	5736	5901	6253	6722	6972	7270	7876	10179	10918	11017	11227
115	1.0	193	279	443	505	582	688	937	1128	1184	1343	1782	2213	2239	2337	2570	2883	3219	3241	3347	4636	4712	4965	5138	5160	5303	5484	5548	6192	6256	6349	6617	6977	6995	7231	7376	7846	8091	8158	8366	8618	8736	8814	9041	9078	9139	9232	9572	9922	10059	10380	10651	10716	10780	10901	10947	11138	11315	11382	11504	11538	11717	11790	11801	11860	12013	12527
116	1.0	70	546	565	928	1019	1506	1633	1933	2322	2683	2934	3461	3916	4201	4222	4629	5525	5592	5798	6296	6578	7512	7951	9720	10160	10274	10602	10689	10828	11110	11135	11336	11394	12040	12173
117	1.0	1724	2307	2345	2779	3165	3217	3314	3857	4109	4566	4753	4899	5129	5136	6477	6989	7647	7667	8246	8637	9492	9936	10112	10198	10282	10684	11165	11258	11954	12163
118	1.0	218	1853	1859	3149	3462	4167	4527	4874	5216	5850	5939	6484	6891	7193	8816	9256	10070	11478	12081
119	1.0	613	720	1291	1558	1627	2097	2658	2955	3384	3444	3817	4243	4864	5750	5873	7187	7384	7474	8635	9081	9124	9205	9529	9681	11228	11325	11411	11542	11720	11989	12115	12393
120	1.0	1528	1584	3974	4468	4572	5579	9672	9754	9988	12056	12065
121	1.0	3320	4608	6663	8151	9629	10555	10890
122	1.0	6042	6880	8853
123	1.0	639	957	1605	2338	3025	3298	3362	3445	3902	4097	4136	4192	4251	4671	4792	4999	5293	5308	5639	5666	5762	6190	6221	6277	7212	7240	7619	7659	7893	8149	8207	8553	8749	8755	9290	9303	9622	9989	10133	10134	10223	10382	10654	10683	10792	10975	11298	11319	11536	12010	12241	12465
124	1.0	173	544	755	1159	1186	1386	1757	1779	1821	1887	2874	3332	3336	3521	3810	4151	4220	4308	4531	4581	4734	4858	5221	5497	5694	5763	6134	6338	6381	6568	6768	6833	7700	7902	8358	8365	8914	8919	9219	9266	9353	9511	9531	9539	10165	10186	10519	10601	10932	11081	11092	11459	11481	11688	12028
125	1.0	124	157	303	485	1037	1469	1619	1786	2028	2502	2684	3209	3410	3765	4266	4447	4675	5161	5226	5372	5401	5461	5842	7118	7725	7836	7925	8275	8294	8396	8768	8852	9123	9207	9536	10204	10207	10666	10715	10998	11286	11496	11522	12032
126	1.0	79	469	522	590	910	1422	1451	1487	1557	1911	2207	2418	2745	3070	3319	3321	3488	3732	3744	3886	3921	4102	4655	5289	5649	5685	6024	6143	6416	6476	6657	6779	6787	6903	7070	7088	7468	7496	7701	7865	8406	8638	8767	8807	9068	9646	10086	10576	10646	10767	10874	10933	10994	11263	11276	11500	11523	11626	11974	12494
127	1.0	6	64	532	650	1871	2037	2044	2056	2125	2296	2394	2682	2764	2771	2782	3208	3546	3730	4585	4971	5313	5378	5652	5930	6002	6122	6165	6245	6317	6555	6817	7042	7117	7225	7245	7375	7583	7639	7864	7947	8146	8252	8262	8306	8717	8808	8837	8932	8957	9358	9366	9516	9617	9841	9864	9874	9924	10161	10189	10717	10749	10751	10815	11068	11250	11294	11423	11609	11702	12052	12167	12461	12521
128	1.0	93	509	520	943	1203	1358	1514	1577	1617	1769	1970	2052	2142	2362	2509	2675	2828	2892	3006	3034	3123	3173	3357	3454	3830	3842	3851	3905	4059	4261	4384	4930	4986	5066	5323	5463	5594	5614	5668	5895	6265	6353	6836	6960	7023	7232	7280	7423	7424	7442	7500	7557	7631	7697	7910	7927	7976	8081	8239	8251	8401	8431	8560	8664	8731	8830	8863	8925	8940	8996	9097	9200	9377	9435	9578	9643	9796	9992	10072	10188	10421	10459	10536	10537	10638	10708	10769	10829	10864	11039	11189	11513	11713	11868	12042	12137	12212	12482
129	1.0	10	172	239	274	380	511	832	909	950	1088	1157	1556	1650	1901	1906	2008	2541	2613	2940	3260	3414	3570	3596	4039	4042	4157	4196	4330	4498	4573	4635	4779	5052	5180	5200	5248	5291	5403	5553	5945	6015	6108	6321	6562	6973	6983	7064	7082	7181	7184	7306	7759	8138	8220	9190	9312	9674	9690	9715	9799	10118	10337	10360	10702	10723	10847	11148	11281	11330	11492	12207	12232	12326	12358	12361	12547
130	1.0	23	120	204	338	355	356	770	775	929	1352	1996	2361	2737	3571	3590	3962	4165	4200	4328	4382	4625	5012	5089	5383	5421	5430	5714	5874	5907	6098	6449	6692	6782	7657	7911	8006	8270	8316	8361	8395	8752	9184	9359	9489	9588	9666	9685	9814	10050	10277	10670	10889	10974	11131	11740	11793	11905	11975	12001	12333	12503
131	1.0	241	514	550	618	785	1381	1444	1488	1645	1668	1694	1741	2156	2233	2235	2524	2640	3076	3094	3162	3658	3951	4055	4304	4339	4576	4681	5046	5556	5734	5867	6111	6454	6464	6480	6675	6733	6738	6997	7049	7127	7497	7550	7682	7732	7940	8223	8286	8428	8518	8654	8799	8898	9024	9429	9839	10011	10096	10122	10610	10626	10943	11153	11234	11791	11839	11891	12079	12089	12274	12418
132	1.0	181	692	854	1182	1225	1572	1833	1851	1976	2179	2591	2931	3001	3354	4068	4538	4851	5045	5088	5229	5457	5585	5647	5963	6243	6324	6614	6802	6807	6835	7253	7507	7650	7755	8039	8276	8498	8511	8567	8589	9086	9765	9982	9984	10069	10088	10700	10937	11409	11553	11692	12414
133	1.0	3541	4474	4480	5009	6309	7137	9669	11979
134	1.0	46	1810	3436	6714	6901	6993	8762	9609	10867	11041	11816	11913
135	1.0	61	416	529	773	1061	1534	2038	2075	2117	2281	2378	2580	3438	3743	3848	4014	4398	4638	4815	5325	5792	6168	6170	6662	6971	7103	7108	8043	8414	8607	8696	9413	9439	10395	10694	10742	11328	11389	11532	12096	12341	12448
136	1.0	92	190	654	730	869	914	1084	1477	1486	1505	1684	1764	1883	1936	2111	2190	2195	2416	2686	2767	3028	3152	3359	3520	3840	4028	4034	4086	4465	4505	4589	4605	4641	4877	4902	4937	4963	5144	5617	5671	5701	5803	6572	6645	6796	6837	7012	7062	7079	7094	7153	7383	7400	7441	7593	7716	7838	7997	8046	8136	8154	8330	8425	8435	8563	9052	9365	9494	9736	9868	9894	9996	10084	10202	10349	10504	10511	10556	10623	10850	11064	11194	11447	11543	11916	11976	12095	12109	12247	12262	12499
137	1.0	1165	1480	1580	1587	2005	2222	2617	3279	4098	4240	4414	4587	4891	5664	5729	6284	6541	7436	7795	9133	10138	10697	11259	11907	12195	12436
138	1.0	212	10628
139	1.0	1237	2941	3329	3904	4440	4849	4934	5547	8413	8583	9151	9804	9955	11042
140	1.0	3341	5518
141	1.0	555	3037	3589	4578	5321	6047	6174	6316	7284	7472	7515	8274	9462	11066	11410	12086	12381
142	1.0	102	254	386	623	1009	1023	1134	2087	2309	2375	2432	2584	2813	3637	3766	3783	4422	4664	4738	4761	5196	5295	5643	6114	6522	7125	7205	7238	7293	7524	7612	7681	8179	8215	8436	8533	8690	8766	9245	9438	9493	9562	9963	10141	10187	10245	10443	10484	10762	11239	11450	11544	11641	11924	11970	11985	12193	12210	12447
143	1.0	217	285	422	611	988	1057	1163	1261	1845	1880	2013	2297	2400	2457	2496	2519	2551	2695	2845	2857	2986	3009	3090	3135	3340	3398	3451	3509	3532	3865	3963	4052	4169	4639	4726	4848	4994	5017	5065	5070	5164	5209	5528	5644	5871	6224	6246	6370	6550	6615	6625	6627	6780	7038	7186	7204	7254	7407	7696	7783	7928	8001	8018	8101	8418	8706	9011	9231	9332	9457	9504	9538	9797	9941	10095	10251	10267	10346	10539	10565	10616	10750	10760	10764	10836	10973	10978	10997	11124	11162	11233	11612	11949	12279	12351	12401	12561
144	1.0	1015	1777	1925	2175	3468	4153	4459	5368	5732	6107	6694	6695	7392	7576	8445	9781	10424	10497	11398	11831
145	1.0	37	105	455	728	913	1006	1238	1393	2619	2739	3114	3573	3685	4719	5010	5100	5114	5431	5434	5790	5957	6050	6169	6274	6553	6799	6830	6878	7164	7444	7572	7582	7601	7900	7977	8234	8348	8552	8974	9220	9818	11430	11646
146	1.0	2017	2387	10030
147	1.0	100	245	521	1258	1455	1459	1676	1795	1952	1982	2080	2182	2336	2388	4094	5760	6795	7037	7431	7748	8340	10588	11008	11035	11299
148	1.0	622	1416	2477	3079	3377	3385	3494	3971	4433	4616	4878	5708	6724	8042	8247	8530	10483	11061	11471
149	1.0	34	58	127	367	671	971	1069	1149	1229	1363	1400	1732	1783	1837	2009	2396	2441	2470	2497	2535	2581	2656	3010	3016	3020	3202	3210	3528	3793	3875	3895	3935	4013	4172	4189	4592	4688	4867	5039	5054	5127	5819	5858	6512	6536	6611	6715	6840	7029	7055	7154	7319	7579	7770	7806	7973	8076	8387	8647	8662	8675	9441	9653	9772	9890	9934	10309	10367	10378	10452	10500	11257	11350	11415	11601	11851	11902	11943	12259	12356	12450	12532
150	1.0	261	750	808	1018	1784	1903	2295	2844	2858	3040	3684	3754	3927	3978	4058	4260	4823	5243	6119	6242	6712	7151	7340	7488	7505	7551	7613	8082	8109	8133	8621	8928	9263	9425	9956	10098	10743	11786	11984	12050	12054
151	1.0	693	1103	1739	2770	2873	3624	3705	3915	4348	4350	5032	6654	7371	7841	8296	8500	8513	8642	9072	9987	10216	10331	10486	10686	10868	11059	11238	11582	12540
152	1.0	694	1142	1315	2183	2310	2702	3213	3334	3386	3448	3882	3897	4051	4138	4377	4689	4903	4985	5024	5625	5683	5727	5859	5967	6375	6490	6592	6876	6950	6987	7190	7234	7356	7588	7773	7873	7990	8801	8949	9240	9485	9827	9832	10238	10563	10853	10934	11090	11877	12063	12088	12250	12428
153	1.0	523	1377	1690	1966	2077	2341	2878	3258	3331	3612	3937	5794	6587	7539	8468	8668	9025	9888	10472	11466	11741	11933	12160	12226
154	1.0	454	966	1090	1172	1731	1775	2216	2590	2648	3063	3117	3379	3403	3761	3833	4460	5598	6061	6105	6280	6519	6556	6635	7320	7591	8825	9019	9032	9929	10117	10775	11304	12017	12280	12510
155	1.0	28	278	689	870	1247	1392	3174	3525	3717	3876	4000	4258	4634	4838	4857	5641	5797	5818	6091	6133	6479	6581	6690	7281	8711	8786	9065	9292	9360	10192	10235	10260	10709	11100	11107	11371	11747	12140
156	1.0	47	147	429	745	1955	2466	3358	4717	4767	4861	5257	6679	6915	7343	7780	8191	8543	8880	8964	9486	9710	9912	10114	10248	10570	11186	11556	11630	11931	12291	12344	12495
157	1.0	177	225	255	258	354	635	672	1235	1348	1467	1559	1644	1995	2501	2722	2742	2768	2901	3082	3115	3313	3447	3486	3725	3961	4110	4133	4396	4487	4536	4545	4619	4663	4983	5143	5192	5204	5288	6059	6154	6232	6236	6250	6292	6340	6440	6471	6881	7345	7379	7506	7535	7633	7715	7835	7850	7959	8094	8194	8314	8328	8347	8422	8810	8958	9296	9933	10010	10272	10319	10364	10423	10432	10498	10524	10603	10682	11137	11291	11392	11862	11881	11969	12091	12147	12153
158	1.0	583	1433	1625	2572	2573	3232	3655	3909	3945	4287	4481	4567	4628	4907	4943	5608	5905	6080	6966	8003	8496	8945	9319	9658	9842	10417	10577	11013	11296	11899	12072	12164
159	1.0	71	226	297	305	439	465	617	1136	1202	2024	2209	3811	3912	4160	4303	4601	5467	6624	7194	7434	7737	7840	7862	7863	8427	8529	8709	10071	10485	10739	10840	11226	11246	11265	11417	11634	12218	12327	12545
160	1.0	965	5102	5612	7756	9464	9770
161	1.0	676	1446	1689	2930	3005	3691	4171	4614	5268	6770	6771	7110	7751	8905	9160	9223	9430	11511	12144	12239
162	1.0	921	963	1066	1089	1181	1260	1413	1655	1809	2144	2163	2260	2444	2547	3093	3132	3200	3482	3489	3620	3683	3976	4046	4061	4095	4245	4248	4285	4728	5234	5476	5531	5976	6515	7112	7311	7694	7938	7996	8035	8408	8572	8612	8710	8791	9461	9997	10013	10146	10149	10618	10766	11659	11830	12374
163	1.0	446	964	1259	1277	1309	1341	1696	2091	2252	2438	2792	2980	3333	4846	5080	5081	5276	5515	5888	6060	6521	6735	7001	7004	7899	8288	9616	9788	9806	10162	10427	10453	10516	10675	10939	10956	11202	11425	11439	11548	11662	12125
164	1.0	62	1147	12366
165	1.0	5	121	299	628	657	841	1072	1300	1353	1407	1423	1458	1552	1583	1611	1702	1882	2189	2280	2688	3095	3422	3531	3554	3733	3834	4121	4146	4321	4621	4672	4730	4735	4906	5084	5280	5340	5360	5603	5615	5829	6102	6137	6187	6547	6609	6667	6720	6859	7342	7388	7395	7718	7782	7796	8040	8357	8625	8665	8805	8859	8867	9042	9083	9390	9514	9749	9790	9854	9961	9991	10252	10481	10747	10807	10899	11049	11244	11443	11588	11661	11666	11792	11824	12038	12106	12249	12332
166	1.0	43	104	325	780	1498	1743	1828	2639	2826	3100	3109	3373	3456	3778	3919	4066	4295	4409	4560	4748	5055	5271	5297	5530	6503	6701	6786	6805	7182	7211	7224	7817	8045	8363	8379	8484	9015	9177	9490	9969	10266	10281	10283	10634	10650	10718	11026	11199	11577	11593	11822	11845	11858	11915	12111	12148	12522
167	1.0	41	265	388	561	593	710	934	1185	1210	1447	1560	1624	1660	1823	2180	2759	2864	2985	3031	3097	3724	3836	4269	4310	4373	4821	4830	4881	5149	5159	5189	5336	5689	5705	5709	5831	6006	6430	6455	6622	7005	7116	7385	7455	7479	7552	7622	7625	7809	7832	8014	8420	8828	8851	9250	9482	9513	9558	9584	9723	10034	10234	10307	10318	10412	10491	10514	10680	10759	10777	10984	11327	11391	11490	11683	11739	11986	12190	12213	12325	12439	12487
168	1.0	38	53	98	510	702	722	798	1439	1878	1889	2374	2632	2790	3192	3263	3467	3563	3597	3639	3722	4364	4419	4467	4579	4853	4886	5051	5274	5402	5473	5522	6029	6127	6144	6251	6355	6399	7357	7363	7471	7781	7786	7933	8250	8440	8450	9169	9201	9265	9445	9678	10053	10218	10254	10372	10982	11020	11699	11743	11813	12049	12146	12338	12509	12516	12530	12579
169	1.0	304	337	466	471	741	789	956	1007	1129	1180	1298	1308	1918	2020	2062	2711	2733	2755	2797	2818	2834	2838	2895	2944	3122	3364	3738	3770	4064	4156	4215	4294	4322	4476	4814	4887	4904	5119	5225	5332	5345	5737	5836	5878	5937	6041	6135	6138	6400	6423	6487	7048	7201	7257	7454	7661	7932	8142	8198	8237	8282	8295	8705	9087	9454	9590	9656	9813	9871	9878	10140	10334	10464	10468	10574	10703	10733	10788	11032	11379	11605	11732	11962	11977	12073	12271
170	1.0	397	534	866	896	959	1652	2172	2215	2278	2332	2399	2660	3045	3223	3237	4093	4096	4320	4788	4827	4880	5281	5768	5882	6153	6257	6752	6928	7413	7669	7693	8280	8577	8906	8965	9389	9593	9977	10074	10591	11119	11696	11729	11871	11892	11999	12334	12524
171	1.0	0	133	199	276	378	423	624	700	765	809	907	1067	1274	1374	1475	1501	1586	1638	1661	1818	1848	1860	1958	2064	2415	2554	2650	2720	2730	2850	2851	3273	3310	3472	3645	3841	3894	3967	4168	4211	4267	4479	4507	4727	4790	5153	5454	5575	5862	5949	6063	6180	6198	6305	6376	6577	6658	6845	6869	6944	6978	7134	7160	7317	7394	7565	7695	7956	8032	8033	8168	8813	8846	8870	8892	9148	9195	9225	9234	9243	9488	9592	9604	10201	10522	10553	10619	10773	10986	11057	11448	11602	11689	11769	11814	11923	12014	12231	12568
172	1.0	169	453	572	584	727	1256	1267	1270	1355	1419	1569	1620	1787	2035	2050	2173	2903	3183	3275	3346	3351	3352	3586	3859	3878	4029	4471	4584	4715	5466	5474	5995	6037	6104	6149	6151	6178	6181	6299	6603	6660	6894	6986	7020	7073	7256	7411	7494	7674	7723	7754	7833	7949	7999	8442	8753	8950	9162	9181	9249	9281	9345	9586	9745	9751	10001	10045	10064	10166	10301	10328	10374	10418	10530	11034	11053	11071	11133	11177	11369	11673	11754	11837	11870	12099	12204	12236	12372
173	1.0	7	220	685	1093	1255	1278	1318	1885	1946	2019	2078	2128	2265	2383	2393	2816	3044	3061	3549	3565	3697	3699	3718	4081	4184	4288	4406	4882	4941	5125	5435	5504	5516	5520	5655	5744	6213	6636	6642	6962	7129	7364	7573	7785	7845	8096	8354	8516	8688	8984	9257	9786	10193	10249	10335	10649	10782	10809	10838	10953	11054	11231	11237	11242	11596	11675	11768	11878	12118	12131	12141	12389	12402	12563
174	1.0	74	227	615	668	824	1178	1535	1710	1725	2029	2070	2538	2556	2861	2896	3112	3233	3390	3502	3781	4135	4297	4374	4425	4554	4826	4928	5042	5111	5220	5312	5436	5543	5574	5642	6101	6407	6414	6566	6626	7053	7059	7085	7459	7529	8187	8582	8716	8889	9082	9140	9253	9267	9334	9671	9729	9747	10006	10109	10259	10316	10502	10799	10811	11030	11750	11788	12031	12215	12276	12313	12488
175	1.0	5079	9902
176	1.0	6619	8909
177	1.0	4534	5259
178	1.0	7096	8515
179	1.0	336	495	527	1852	3432	6339	6825	6957	7827	7931	8189	10021	10178	12222
180	1.0	223	905	925	930	1152	1359	1593	2051	2255	2321	3167	3177	3335	3567	3815	3819	3889	4142	4677	4766	5103	5471	6334	6684	7091	7445	7571	7828	8176	8630	9037	9040	9059	9161	9468	9517	10291	10597	10612	10911	11453	11953	12025	12206	12546
181	1.0	87	99	358	365	662	898	973	1025	1054	1481	1494	1747	1892	2045	2140	2950	2990	3107	3168	3474	3566	3593	3873	3900	3938	4007	4041	4126	4178	4255	4257	4475	4696	5000	5026	5134	5437	5465	5597	5665	5691	5975	6162	6167	6266	6397	6850	7013	7177	7381	7402	7574	7678	7868	8099	8183	8232	8283	8319	8400	8505	8763	8776	8780	8866	9106	9198	9229	9338	9388	9483	9667	9738	9803	10037	10041	10257	10268	10394	10579	10642	11256	11316	11563	12151	12323	12489
182	1.0	290	294	468	560	752	945	1005	1145	1206	1310	2040	2320	2437	2565	2593	2738	2914	2971	3049	3536	3952	3979	4080	4204	4751	4758	4837	5030	5298	5488	5715	5754	5809	6005	6007	6058	6069	6259	6333	6393	6605	6613	6682	7043	7065	7288	7527	7603	7638	7918	8145	8284	8371	8426	8453	8476	8495	8539	8653	8666	8779	8845	8952	9154	9327	9346	9585	9628	9677	9682	9709	9815	9865	10023	10145	10242	10262	10489	10929	10995	11069	11344	11426	11649	11690	11909	11961	11972	12476
183	1.0	19	54	433	653	932	1135	1299	1401	1553	1753	1981	2625	2746	2795	2856	2968	3171	3295	3349	3400	3485	3496	3501	3659	3713	3731	3906	4037	4207	4361	4408	4568	4600	5001	5031	5067	5172	5194	5263	5564	5634	5781	5884	5916	6200	6700	6734	6918	7170	7209	7766	7824	7926	7941	8333	8374	8510	8526	8933	9010	9047	9070	9336	9541	9553	9568	9575	9708	9717	9879	10183	10350	10529	10677	10781	10803	10821	10907	10945	11086	11207	11243	11437	11505	11709	11748	11826	11940	12070	12296
184	1.0	13	60	180	320	384	470	501	552	682	774	871	891	1021	1060	1164	1232	1269	1507	1675	2094	2150	2284	2343	2453	2602	2697	3011	3641	3671	3801	4187	4512	4565	5201	5410	6096	6291	6678	6922	7010	7034	7251	7545	7553	7731	7843	7885	8088	8421	8472	8660	8698	8724	8923	9096	9310	10460	10560	11356	11480	11497	11945	12005	12029	12045	12150	12182
185	1.0	207	390	567	631	743	901	935	1105	2282	2614	2766	3337	3366	3437	3960	4366	4496	4736	4747	4855	4888	6602	6655	7259	7351	7907	8482	8555	8558	8585	8620	8655	9060	9293	9340	9589	10123	10425	10835	11457	11534	11707	11727	11838	12263	12478
186	1.0	139	372	878	1380	1941	2398	2533	2713	2736	3104	3434	3603	3825	3953	4244	4252	4311	4646	5104	5223	5483	5682	5723	6085	6792	6829	6914	7030	7389	7416	7475	8300	8562	9235	9272	9335	9361	10177	10844	10941	11170	11794	11935	12126	12278	12303	12425
187	1.0	678	3430	5405	9784
188	1.0	428	444	814	1121	1420	1515	1990	2191	2402	2465	2952	3446	3547	3686	3689	3723	4131	4281	4418	4430	4519	5193	5646	5674	6528	7358	7671	8488	8502	8774	9354	9369	10965	11833	12442
189	1.0	353	407	420	579	1004	1042	1582	1815	2069	2231	2271	2445	2516	2615	2634	2704	3296	3407	3792	4023	4423	4586	4722	4984	4996	5038	5155	5304	5388	5482	5637	5719	5724	5788	5927	5981	6294	6382	6402	6492	6502	6520	6586	6646	6651	6668	6747	6896	6937	6992	7033	7046	7086	7092	7331	7418	7446	7839	8026	8241	8267	8336	8384	8806	8843	9073	9134	9554	9576	9596	9857	9920	10019	10203	10224	10276	10361	10546	10805	10832	10833	11104	11209	11305	11488	11680	11890	12047	12396	12586
190	1.0	238	432	906	1793	1896	2717	4680	4783	5758	6199	7040	7295	7948	8375	8600	9610	10679	10872	11562	11766
191	1.0	219	250	333	357	398	491	633	958	1017	1034	1326	1471	1943	2109	2376	2377	2515	2637	2840	2999	3363	3370	3490	3553	3558	3611	3648	3712	3756	3858	4230	4643	4668	4908	5073	5317	5356	5442	5582	5633	5696	5796	6302	6303	6322	6593	6618	6653	6797	7074	7252	7672	8398	8465	9120	9213	9258	9378	9696	9726	9773	9802	9966	10139	10585	10660	10724	10883	10955	10963	11197	11405	11829	12352	12430
192	1.0	3514	8490
193	1.0	202	375	895	1045	1297	1405	1629	1663	2164	2436	2853	3229	3401	3607	3973	4353	4403	4721	4770	4929	4957	5101	5947	6193	6374	6457	6943	7268	7495	7857	8122	8171	8254	8588	8599	8723	8795	8831	9009	9279	9440	9853	9944	10148	10226	10304	10305	10320	10379	10408	10690	10721	11074	11212	11929	12562	12570
194	1.0	31	164	286	291	414	665	681	723	845	850	938	1156	1177	1336	1592	1726	2595	2819	2877	3623	3806	4008	4141	4176	4203	4239	4242	4256	4305	5091	5187	5236	5875	5924	6312	6426	6583	6810	7119	7250	7437	7467	7499	7714	7762	8130	8161	8409	8741	8818	8966	9171	9635	9959	10007	10105	10158	10776	11203	11261	11352	11401	11452	11569	11827	12342	12504	12557
195	1.0	135	140	331	737	782	787	818	847	1322	1369	1383	1441	1701	2022	2301	2302	2364	2449	2649	2696	2798	2924	3024	3163	3238	3325	3577	3605	3739	3789	3805	3893	4018	4043	4124	4191	4235	4262	4291	4379	4495	4603	4620	4706	4729	4804	5349	6219	6331	6346	6544	6826	6890	6895	7286	7332	7490	7530	7532	7728	7772	7939	7969	8102	8219	8222	8606	8971	9013	9591	9907	10271	10398	10540	10592	11036	11108	11196	11215	11303	11346	11498	11533	11758	11938	12027	12336	12572
196	1.0	150	186	200	436	563	835	962	1028	1395	1599	1691	1872	1881	1991	2047	2101	2197	2323	2342	2350	2719	2956	3088	3197	3418	3527	3579	3643	3742	3772	3838	3975	4005	4050	4122	4132	4656	4776	5016	5333	5350	5363	5429	5472	5558	6159	6194	6204	6271	6369	6371	6389	6470	6893	7028	7071	7261	7577	7595	7609	7943	8012	8104	8489	8531	8669	8760	9111	9141	9196	9362	9380	9714	9728	9734	9810	9903	10101	10136	10442	10450	10816	10817	10962	11048	11122	11143	11230	11321	11323	11676	12136	12156	12197
197	1.0	5438	7304
198	1.0	7061	11376
199	1.0	55	77	214	253	403	456	729	967	1095	1101	1124	1187	1533	1595	1631	1664	1947	2034	2049	2073	2139	2462	2545	2628	2852	3092	3224	3592	3604	3608	3790	4458	4613	4825	4952	4997	5077	5152	5282	5730	6130	6235	6293	6411	6731	7333	7452	7555	7581	7807	8050	8338	8353	8430	8722	8882	8978	9212	9453	9487	9507	9614	9880	9883	10620	10671	10856	10967	11010	11334	11558	11904	11958	12217	12273	12319	12362
200	1.0	277	318	409	846	1279	1857	2014	2219	2599	2703	2784	3544	3989	4016	4164	4395	4427	5133	5184	5278	5680	6252	6380	6468	6774	7104	7504	8351	8362	8590	9424	9455	9927	10228	10756	10909	11248	11441	11468	12265	12467
201	1.0	63	275	312	345	349	484	547	894	1293	1338	1366	1944	2048	2126	2148	2526	2548	2710	2860	2881	3055	3119	3130	3134	3211	3344	3368	3406	3499	3649	4077	4451	4594	4651	4875	4970	4978	5174	5300	5395	5418	5443	5535	5667	5782	5848	5940	5943	6201	6240	6344	6368	6436	6597	6710	6713	6778	6781	6823	7081	7537	7592	7617	7649	7689	7834	8002	8289	8377	8649	8841	8962	9023	9152	9175	9347	9469	9577	9942	9971	10024	10211	10244	10357	10371	10458	10518	10549	10988	11019	11021	11043	11050	11464	11866	11885	11932	12165	12252
202	1.0	167	717	815	1141	1824	1953	2681	3176	3668	3751	3826	4112	4455	4622	5014	5456	5512	7730	8169	8355	8477	9000	10087	10629	10635	10917	10969	11223	11268	11484	11636	11656	11897	12360
203	1.0	90	7818
204	1.0	292	347	405	458	526	619	889	961	1253	1424	1465	1826	2063	2136	2147	2178	2242	2348	2536	2598	2761	2812	2926	2939	2947	2972	3036	3133	3234	3306	3647	3740	3755	3759	3939	4208	4472	4841	4926	5387	5389	5400	5446	5475	5852	5897	6016	6565	6594	6598	6621	6640	6687	6767	6975	7344	7362	7812	7921	8009	8126	8432	8718	8748	8829	8862	8907	9197	9216	9252	9321	9383	9447	9521	10126	10303	10490	10551	10608	10659	10870	10885	10892	10906	10970	11045	11285	11597	11643	11653	11784	11968	12473
205	1.0	44	84	387	391	434	892	1073	1116	1257	1285	1525	1776	1942	2124	2287	2316	2391	2631	2636	2905	3012	3478	3827	3883	4045	4234	4263	4326	4464	4679	5506	5619	5698	6089	6495	7008	7322	7531	7606	7615	7679	7800	7830	8054	8068	8228	8487	8677	8976	9117	9145	9370	9636	9740	9779	10324	10606	10936	11424	12082	12184	12295	12427	12558
206	1.0	243	264	273	817	875	941	1030	1074	1138	1244	1296	1421	1476	1994	2303	2390	2484	2537	2796	2799	2802	3137	3187	3221	3395	3538	3665	3762	3860	3862	3958	4063	4084	4209	4385	4597	4782	4973	5150	5210	5260	5310	5367	5459	5478	5570	5620	5675	5749	5756	5934	6038	6211	6214	6413	6498	6558	6673	6804	6874	7025	7027	7087	7594	7646	7660	8197	8310	8491	8554	8556	8579	8798	8832	8961	9045	9102	9433	9926	9949	10091	10157	10734	10796	10812	11381	11502	11530	11565	11820	11908	12129	12365	12515
207	1.0	311	382	411	442	472	493	753	969	1286	1464	1716	1774	2266	2333	2404	2505	2842	2978	3021	3081	3205	3383	3397	3626	4004	4060	4448	4500	4525	4918	4942	5061	5182	5198	5249	5302	5496	5577	5672	5739	5814	5961	6352	6629	6754	6990	7478	7580	7652	7757	7861	8185	8446	8470	8587	8991	9228	9271	9307	9421	9856	9873	10312	10368	10611	10661	10687	10732	10876	11308	11351	11353	11604	11629	11850	11939	11941	12134	12246	12314	12348	12392	12466
208	1.0	3977	5653
209	1.0	156	445	535	721	951	953	974	977	981	1511	1564	1927	2289	2428	2592	2800	3014	3127	3339	3700	3814	4557	4591	4678	4794	4876	4964	5043	5213	5374	5578	5631	6176	6281	6300	6306	7729	8593	8899	9167	9211	9277	9557	9834	9917	9928	10436	10493	10505	10960	11001	11014	11142	11164	11219	11295	11541	11966	12100	12159	12315	12518
210	1.0	50	233	675	680	1059	1155	1409	2305	2365	2508	2805	2951	2974	3651	4163	4413	4497	5015	5247	5399	5588	5786	5913	6279	6699	6925	7210	7258	7359	7636	7763	7793	9230	9261	9301	9459	9923	10225	10437	10669	11095	11421	11990
211	1.0	68	103	136	148	287	490	868	1040	1236	1246	1688	2061	2082	2910	3235	3247	3376	3515	4017	4078	4152	4276	4416	4955	5013	5022	5222	6115	6148	6517	6554	6741	6956	6980	6999	7139	7417	8016	8218	8378	8707	9153	9260	9431	10008	10083	10170	10191	10215	10515	10589	10842	10923	11002	11130	11161	11706	12085	12104	12187	12484
212	1.0	295	578	632	790	802	1387	1971	2112	2198	2455	2495	2891	3220	3378	3517	3696	3788	3982	4514	4607	4676	5359	5489	5549	5581	5922	6033	6226	6460	6574	6595	7274	7336	7374	7439	7878	7957	8166	8471	9176	9405	9621	10586	10819	11055	11084	11102	11152	11222	11247	11436	11554	11687	11842	12550
213	1.0	4009	11341
214	1.0	106	542	1548	1671	2099	2257	2485	2627	2841	2899	3056	3146	3227	3585	3870	3934	4032	4216	4506	5033	5060	5090	5244	5923	6025	6567	6670	6718	6721	6723	6917	6951	6959	7067	7179	7328	7399	7630	7920	7954	8059	8326	9297	9393	9625	10155	10771	11075	11503	11555	11663	11998	12235
215	1.0	2	33	374	655	734	1114	1140	1470	1544	1621	2450	2807	2937	2963	2995	3030	3099	3103	3427	3627	3681	3694	4033	4070	4125	4329	4388	4529	4818	4913	5596	6435	6641	6725	6864	7366	7971	8098	8208	8701	8783	8849	8886	9062	9094	9187	9497	9527	9533	9642	9742	10410	10526	10834	10992	11159	11214	11217	11236	11282	11367	11587	11623	12294	12359
216	1.0	56	307	589	649	659	853	946	1107	1327	1404	1448	1543	1597	1979	1993	2003	2273	2290	2480	2608	2880	2916	3057	3178	3575	3629	3640	3782	3791	3946	4015	4342	4370	4424	4911	4914	4958	5224	5447	5500	5526	5560	5740	5806	5935	6473	6628	6900	7325	7370	7430	7522	7544	8152	8304	8327	8350	8443	8692	8699	9242	9436	9474	9582	9649	9687	9755	9875	10348	10405	10508	10607	10852	10904	11060	11456	11509	11705	11861	12059	12162	12395	12400	12406
217	1.0	196	221	1609	1820	2317	2431	2527	3301	3457	3706	4813	4895	5787	6970	8058	8507	9067	10137	10615	11271	11475	12229	12576
218	1.0	205	8864
219	1.0	566	634	748	1230	1397	1563	1606	1868	2026	2220	2275	2360	2534	2587	2655	2732	2817	2837	2879	2933	2969	3145	3293	3426	3560	4161	4198	4549	4789	4871	5233	5327	5491	5699	5791	6288	6478	6620	6676	6791	7521	7645	7720	7913	8180	8285	8504	8619	8953	9075	9427	9458	9599	9849	9867	9975	10313	10745	10927	11166	11181	11332	11603	11685	11756	12076	12119	12201	12243	12318	12578
220	1.0	81	161	259	366	371	404	461	477	489	652	673	848	1201	1204	1217	1223	1678	1745	2103	2352	2386	2463	2623	3289	3484	3758	3787	3808	4002	4012	4113	4477	4513	4528	4801	4946	5230	5393	5529	5678	5800	5988	6188	6210	6359	6447	6533	6649	6704	6877	7069	7159	7465	7487	7590	7632	7651	8064	8080	8127	8209	8311	8356	8746	8855	9239	9314	9606	10147	10199	10351	10599	10930	10931	11033	11046	11151	11205	11386	11654	12043	12123	12149	12189	12585
221	1.0	232	330	669	746	806	1248	1334	1806	2315	3506	3636	3986	4945	4988	5167	5241	6010	6053	6442	6815	6816	7122	7318	7905	8454	8508	8757	8761	8856	8912	9020	9170	9817	9990	10107	10116	10487	10789	10880	11076	11139	11357	11483	11635	12023	12188	12441	12486	12506	12564
222	1.0	533	893	1113	1143	1146	1897	1999	2004	2129	2326	2369	2532	2646	3017	3251	3477	3497	3600	3771	4150	4323	4503	4561	5076	5146	5165	5469	5716	5772	5784	5941	5977	5991	6100	6208	6446	6507	6669	6697	7050	7228	7405	7540	7546	7875	7961	7995	8159	8202	8469	8550	8911	8942	8960	8975	9108	9203	9509	9530	9559	9713	9789	9904	10003	10020	10181	10246	10297	10547	10581	11134	11274	11278	11658	11671	11738	11886	12087	12139	12306	12369	12405	12459	12475
223	1.0	266	359	536	648	1199	1243	1245	1711	1838	1905	1959	2334	2492	2530	2566	2621	2762	2854	3064	3252	3469	3599	3635	3881	3968	4147	4365	4383	4491	4542	4637	4981	5137	5211	5319	5322	5337	5494	5616	6254	6357	6418	6606	6765	6776	6834	6856	7083	7168	7275	7461	7675	7712	7816	8792	8921	8948	9158	9218	9326	9480	9639	9701	9845	9851	10229	10632	10640	10705	11345	11349	11521	11560	11665	11708	11803	11994	12266	12379	12514
224	1.0	125	128	131	141	215	385	462	811	1115	1167	1902	2065	2168	2194	2670	2712	2913	3160	3343	4105	4912	4969	5118	5334	5373	5654	5670	5761	5900	6013	6124	6286	6485	6530	6955	7003	7480	8010	8061	8987	9341	9556	9775	9823	9858	9995	10480	10673	10861	10897	10990	10991	11062	11454	11477	11821	11888	11963	12018	12277	12408	12542
225	1.0	21	32	165	187	293	476	636	915	1111	1847	1863	2068	2238	2308	2331	2585	2741	2769	3287	3316	3365	3745	4010	4137	4280	4331	4391	4402	4518	4598	4611	4713	4811	5108	5148	5191	5697	5812	6263	6450	6456	6549	6666	6683	6766	7100	7200	7310	7341	7443	7514	7658	7942	8004	8072	8153	8410	9127	9394	9563	9574	9664	9683	9695	9860	9862	10054	10082	10142	10156	10430	10957	11038	11079	11338	11476	11495	11595	11645	11725	11736	12127	12481	12483
226	1.0	97	272	283	334	431	739	1220	1479	1628	1697	1717	1877	2046	2058	2118	2131	2146	2359	2544	2562	2588	2633	2827	3089	3139	3164	3236	3969	3985	4221	4429	4489	4580	4856	4900	4966	4987	5027	5602	5857	5869	6129	6748	6861	6873	7052	7060	7202	7282	7453	7568	7587	7624	7822	8075	8190	8205	8691	8809	8904	8939	9172	9331	9376	9428	9442	9579	9659	9816	10026	10040	10176	10823	10916	11007	11037	11121	11348	11374	11399	11637	12154	12179	12302	12444
227	1.0	11	142	452	554	599	1036	1240	1303	1531	1542	1602	1687	1798	1799	2057	2134	2137	2185	2269	2293	2560	2563	2731	2751	2846	3144	3228	3350	3500	3710	3813	3899	3936	4040	4174	4274	5122	5514	5583	5827	5851	6132	6387	6403	6526	6552	6753	6827	6885	6932	7175	7242	7541	7799	7826	8201	8233	8369	8734	9039	9210	9452	9668	9694	9831	9869	9900	10159	10194	10265	10376	10746	10753	10758	10875	10902	11106	11126	11218	11461	11925	11944	12053	12180	12248	12270	12368	12440	12502
228	1.0	107	222	679	698	968	1071	1937	2664	3108	3193	3280	3503	4238	4410	4687	4905	4925	5106	5219	5392	5861	5985	6074	6546	6727	6846	6974	7470	7549	7668	7974	8013	8123	8210	8368	8802	8840	8954	9217	9549	9600	9946	10289	10467	10538	10795	11184	11852	11854	12177	12199
229	1.0	158	545	608	706	754	1271	1378	1575	2043	2055	2244	2478	2479	3277	3292	3616	4223	4369	4510	4530	4563	4685	4733	5124	5205	5353	5413	5541	5586	5910	5974	6264	6688	6706	6945	7095	7229	7355	7533	7628	7708	8053	8444	8494	8712	9084	9168	9255	9603	10435	10584	10801	11024	11112	11574	11616	11672	11912	12105	12237	12297	12364
230	1.0	122	457	1041	1077	1123	1161	1325	1530	1641	1805	1841	2154	2224	2294	2611	2996	3265	3372	3388	3542	3610	3693	3837	4139	4357	4502	4604	5147	5251	5717	5742	5877	6186	6459	6469	6847	6923	7031	7124	7163	7510	7711	7758	7882	7934	8128	8514	8559	8566	8603	8670	8771	8817	8993	9079	9143	9467	9612	9699	9764	9947	9976	10121	10416	10454	11251	11343	11624	11632	11761	11778	11869	11959	12113	12388	12472
231	1.0	670	842	2886	4130	4318	4725	5856	6019	6156	6475	7135	8449	8686	8823	9355	9551	9692	9910	10027	10196	10466	10968	11744	11810	12258	12357
232	1.0	4778	11987
233	1.0	25	72	316	400	459	504	756	1158	1590	1707	1761	2036	2145	2249	2507	2821	2925	3074	3136	3159	3412	3569	3846	3892	4079	4116	4631	4644	4806	4910	5117	5231	5573	5648	5775	5886	6087	6121	6222	6513	6569	7207	7491	7508	7937	8015	8022	8110	8116	8277	8570	8605	8616	8683	8695	8720	8740	9107	9313	9328	9437	9466	9522	9524	9707	9886	10018	10168	10180	10426	10444	10447	10633	11347	11414	11628	11753	11983	12058	12437
234	1.0	40	282	370	666	683	881	1150	1365	1808	2234	2346	2372	2489	2620	2679	2714	2808	3170	3644	3947	4062	4145	4293	4332	4863	4920	4921	5062	5197	5273	5311	5339	5409	5550	5630	5969	6123	6295	6429	6434	6437	6737	6886	7314	7410	7450	7602	7727	7853	8492	8865	9214	9350	9624	9697	9762	9769	10085	10094	10144	10279	10356	10386	10397	11000	11355	11375	11499	11546	11903	12034	12041	12242	12281	12501	12511
235	1.0	352	413	506	916	1390	1737	1926	1929	2203	2254	2417	2543	2678	2756	3240	3955	4025	4118	4336	4439	4562	4711	4714	5181	5559	5931	6103	6125	6392	6905	6906	7222	7226	7316	7492	7895	8036	8372	10543	10665	10730	11617	11651	11775	12068	12186	12335	12349	12383	12449
236	1.0	51	113	159	360	410	512	771	796	1035	1301	1830	2355	2830	3129	3315	3613	3622	3657	3855	3913	4115	4473	4517	4760	4865	5086	5427	5918	6238	6325	6326	6367	6851	6853	7323	7354	7775	8344	8947	9876	10344	10475	10488	10625	11111	11528	11667	11691	11749	12036	12454
237	1.0	733	1453	1551	1729	2204	2422	2447	2518	3065	3080	3125	3201	3342	3687	3704	3928	4101	4270	4577	4666	4674	4709	4847	5202	5284	5309	5404	5445	5453	5676	5840	5925	6040	6048	6244	6952	7365	7391	7687	7774	7982	8019	8066	8132	8253	8320	8438	8455	8509	8884	8902	8992	9174	9191	9889	9911	10302	10647	11011	11103	11225	11368	11387	11607	11780	12120	12433	12460
238	1.0	467	610	1055	1252	1443	1473	1790	1802	2084	2089	2095	2283	2567	2665	2729	2897	3204	3409	3487	3642	3701	4088	4314	4436	4485	4624	4954	5186	5330	5411	5415	5480	5524	5606	5932	5958	5989	6076	6351	6491	6749	7426	7432	7874	8030	8394	9064	9173	9275	9500	9564	9763	10032	10167	10401	10479	10533	10582	10652	10701	10728	11896	12022	12124
239	1.0	27	76	262	448	486	530	645	647	791	820	849	882	995	1263	1266	1435	1463	1523	1659	1712	1719	1829	1893	1912	1917	1962	1997	2096	2184	2277	2487	2601	2835	2961	2982	3121	3562	3777	3820	3850	3956	4273	4553	4673	4833	5105	5208	5285	5306	5425	5479	5576	5618	5728	5804	5879	5929	5968	6046	6056	6152	6269	6343	6420	6862	7016	7721	7798	8073	8097	8456	8782	8883	9407	9419	9448	10077	10102	10111	10152	10300	10474	10726	10754	10770	11070	11201	11290	11311	11396	11467	11571	11681	12244	12289
240	1.0	149	189	369	373	575	595	859	867	879	885	904	976	1020	1189	1594	1616	1646	1734	1923	2225	2259	2363	2654	2673	2912	3439	3662	3715	3800	3869	3922	4180	4193	4548	4606	4845	4852	5238	5299	5364	5386	5499	5826	5866	6066	6313	6386	6571	6616	6866	7141	7206	7218	7635	7825	7883	8078	8095	8160	8569	8627	8719	8751	8985	9055	9233	9280	9402	9565	9587	9613	9737	10028	10222	10256	10355	10542	10545	10926	11063	11155	11300	11407	11429	11433	11655	11751	12552	12565
241	1.0	20	933	1290	1669	2174	2208	2264	2490	2550	2680	2763	2831	4286	4362	5255	5776	5783	5811	5837	5909	5962	6366	6439	6452	7126	7166	7458	7690	7958	8622	8903	9544	9953	10120	10278	10449	10520	10550	10786	11260	11755	11957	12505
242	1.0	83	153	209	328	549	640	690	1314	1340	1522	1588	1862	1879	2167	2210	2354	2804	2993	3302	3322	3435	3529	3949	3997	4027	4108	4250	4452	4501	4657	4704	4723	4795	4840	4939	5218	5426	5487	5502	5738	5865	6356	6540	6643	6811	7076	7158	7215	7338	7348	7598	8103	8113	8815	9048	9147	9155	9192	9246	9282	9463	9705	10172	10243	10280	10473	10492	10593	10695	10837	11275	11460	11485	11679	11773	11787	11992	12064	12268	12367	12577
243	1.0	327	573	982	1083	1118	1176	1311	1319	1388	1579	1754	1804	1846	1980	1983	2132	2397	2659	2776	2794	3052	3153	3317	3923	4212	5610	5799	6329	6501	7246	7321	7347	8084	8463	8586	8615	8796	8915	9116	10220	10326	10358	10415	10571	10575	10596	10869	10893	11438	11722	12301	12343
244	1.0	464	749	955	1171	2473	2574	3059	3222	3380	3535	3630	3877	3992	4003	4405	4466	4532	4593	4642	4787	4924	5020	5329	6049	6233	6865	7987	8129	8214	8532	8885	9034	9101	9209	9748	9761	9967	10065	10772	11115	11898
245	1.0	24	115	473	596	697	788	1049	1056	1096	1122	1192	1265	1342	1657	1825	2200	2521	2610	2721	2753	2945	4791	4909	5158	5245	5316	5539	5545	5795	6228	6580	6898	7262	7560	7699	8258	8337	8474	8693	8821	8944	9349	9363	9766	10029	10383	10455	10513	10946	11080	11132	11154	11175	11507	11508	11518	11693	11783	11921	12330
246	1.0	9	256	996	1254	1262	1351	1461	1603	1604	1683	2138	2419	2568	2685	2744	2847	2915	3286	3453	3481	3670	3769	3993	4069	4319	4441	4490	4746	4883	4901	5109	5113	5142	5183	5287	5693	5893	5944	6077	6150	6570	6639	6806	7017	7294	7476	7831	7993	8137	8268	8439	8522	8894	8922	8982	9693	9808	9951	10127	10317	10707	10710	10737	10814	10951	11796	12000	12178	12345	12477
247	1.0	779	6004	6664
248	1.0	112	591	627	1053	1058	1170	1615	1974	1984	2192	2276	2291	2691	3300	3338	3431	3498	3941	4217	4299	4583	4659	4872	4976	5097	5240	5358	5366	5568	5623	5657	5695	5704	5721	5844	6052	6117	6573	6672	6842	6882	7021	7120	7367	7373	7787	7848	7984	8005	8063	8172	8199	8334	8403	8437	8591	8794	8819	8917	9731	9771	9916	10200	10366	10409	10558	10614	10662	10691	10940	11003	11067	11302	11320	11557	11564	12021	12039	12048	12166	12285
249	1.0	606	2382	2698	2707	2708	2836	3214	3530	4359	4670	4716	4771	5083	7419	7503	7648	8100	8264	8847	9344	9718	10106	10231	10779	11370	11514	11657	11694	11752	12011	12287	12328
250	1.0	284	402	576	861	989	1175	1546	1662	2196	2201	2206	2237	2481	2832	2855	2979	3102	3195	3226	3729	3831	3839	3964	4757	4949	4993	5377	6034	6196	6499	6798	6968	7309	7313	7327	7422	7627	7760	7811	7829	7867	8090	8279	8323	8609	8704	8781	9384	9985	10048	10062	10345	10578	10627	10631	10655	10656	10922	11040	11141	11289	11400	11765	11815	11900	12101	12170	12283
251	1.0	543	1264	1306	1637	1800	1856	1870	2553	2690	2960	3048	3126	3243	3988	4777	5538	5747	6275	6335	6406	6509	7051	7220	7975	8390	8542	8727	9739	9757	10079	10321	10330	10393	10761	11914	12019	12288	12298	12346	12438
252	1.0	302	343	660	833	1001	1038	1094	1457	1509	1618	1700	2002	2241	2456	2651	2872	3118	3415	3519	3578	4006	4317	4469	4555	4610	5069	5082	5212	5250	5802	6003	6028	6036	6260	6644	6717	6755	7000	7022	7041	7174	7372	7414	7808	7879	8118	8125	8224	8225	8236	8256	8399	8457	8631	8645	8689	8878	8983	9017	9451	9615	9655	9777	10164	10365	10419	10622	10804	10935	11087	11113	11312	11486	11742	12071	12310	12378
253	1.0	419	488	1865	2059	2366	2482	2989	3019	3231	4229	4808	5099	5379	5725	6273	6445	6453	6488	6529	7273	7685	8820	9385	9422	9703	9893	10236	11015	11216	12057	12060	12267	12373
254	1.0	508	577	612	776	992	1692	1875	1884	1894	2272	2279	2597	2735	3066	3069	3297	3561	3695	3887	4199	4564	4660	4884	5214	5253	5416	5628	5669	5890	5915	6231	6773	6858	6913	7047	7066	7683	7784	7813	7898	7979	8165	8523	8623	8934	9409	9520	9756	9968	9972	10790	10794	10813	11314	11537	11799	12355	12480	12493
255	1.0	78	182	792	1063	1082	1086	1106	1410	1428	1527	1538	1709	1749	1836	2016	2385	2401	2824	2882	3106	3151	3348	3652	3654	3688	4246	5607	5700	6147	6438	6561	6693	6819	6942	7149	7266	7353	7382	7462	7481	7820	8313	8317	8460	8657	8715	8893	9121	9372	9735	9898	9901	10100	10128	10239	10469	10494	10572	10604	10738	10846	10996	11501	11806	11812	12077	12375	12553
256	1.0	30	726	970	1010	1029	1078	1120	1357	1372	1438	1454	1591	1681	1827	1832	1920	2122	2152	2160	2499	2801	2869	3290	3304	3408	3523	3574	3614	3829	4106	4120	4387	4775	4842	4960	4975	5464	5563	5580	5766	5771	6097	6179	6237	6268	6320	6330	6548	6887	7185	7221	7239	7312	7369	7543	7586	7597	7621	8049	8069	8235	8263	8359	8512	8868	8926	8994	9396	9456	9550	9670	9824	10033	10129	10569	10580	10914	10915	11052	11093	11128	11180	11510	11619	11926	12026	12055	12416
257	1.0	308	519	851	1520	2098	2471	2922	2935	2983	2991	3450	3475	3491	3495	3774	3948	4076	4111	4277	4356	4612	4873	5296	6379	7584	7967	7968	8343	8364	8694	9119	9502	10685	10938	11406	12075
258	1.0	538	558	626	899	1131	1561	2015	2430	3492	4312	4386	4389	4816	5267	5481	5801	6287	6323	6941	7192	7511	7735	7872	7919	8031	8875	9077	9706	10298	10339	10390	10534	10873	11028	11472	11479	11586	11809	12219	12309	12474	12555
259	1.0	170	306	601	644	918	1234	1589	2041	2578	2927	3002	3042	3199	3867	3884	3990	4057	4134	4177	4225	4296	4333	4345	4483	4741	4754	4839	4915	4947	4948	5203	5621	5692	5759	6094	6373	6427	6433	6939	7039	7219	7788	7888	7892	7955	8051	8112	8182	8255	8407	8452	8571	8634	8652	8656	8658	8936	9044	9050	9374	9846	9848	9952	10173	10233	10264	10404	10802	10810	10826	10830	10854	10905	10948	10972	11022	11644	11872	12238
260	1.0	251	580	658	1191	1500	1679	2274	2555	2908	2954	3726	3843	4743	4890	5433	5686	5870	6106	6365	6398	6575	6661	7734	8074	8827	8895	9080	9268	9403	9546	9605	9651	10073	10232	10310	10657	10712	11981	12198
261	1.0	8	39	52	213	240	301	642	838	917	975	1016	1117	1193	1242	1251	1667	1708	1748	1949	2311	2371	2381	2491	2749	2888	3039	3312	3463	3466	4313	4435	4737	4835	4894	5050	5123	5266	5846	5855	5868	5894	5997	6128	6202	7078	7140	7297	7451	7629	7747	8024	8134	8226	8402	8412	8524	8661	8778	9204	9306	9411	9566	9644	10182	10255	10263	10322	11168	11185	11193	11210	11444	11494	11527	11664	11695	11731	11828	11906	12539
262	1.0	310	363	777	801	827	1179	1321	1328	1350	1686	2158	2229	2468	2973	3184	3244	3419	3552	3994	4114	4205	4932	5166	5370	5422	5509	5567	5571	5638	5885	6308	6848	6998	7036	7271	7427	7566	7791	8157	8393	9304	9525	9567	9597	9657	10347	11047	11333	11395	11549	11598	11620	11704	12012	12155	12227	12574
263	1.0	3	341	800	1100	1166	1742	1763	1945	1948	2054	2652	2780	2975	3311	3326	3518	3625	3632	3748	4233	4617	4683	6248	6255	6634	6935	6965	7063	7152	7188	7233	7663	8034	8230	8519	8861	9130	9159	9180	9183	9515	9887	10061	10428	10456	10457	10863	11027	11116	11200	11267	11342	11422	11445	11920	12216	12223	12240	12251	12284	12421
264	1.0	126	237	637	711	887	960	1746	1765	1811	1813	1886	2199	2248	2349	2607	3161	3249	3382	3764	3856	4227	4623	4645	4832	4951	5357	5552	5589	5593	5645	6703	6730	6953	6985	7676	7709	7744	7844	7960	8038	8144	8459	8527	8575	8617	8770	9128	10063	11065	11442	11670	12171	12224	12363	12554
265	1.0	377	548	687	864	1329	1568	1656	1771	1973	2081	2149	2367	2589	2672	2718	2942	3464	3674	4154	4264	4400	4785	5092	5235	5414	5986	6009	6057	6506	6769	7183	7335	7337	8124	8703	8918	8969	9099	9186	9379	9443	9560	9850	10038	10476	10672	10765	11058	11366	11412	11589	11745	11951	12312	12512
266	1.0	269	663	740	836	908	926	1070	1173	1429	2531	2965	3278	3361	3392	3601	3621	3767	4182	4750	5140	5517	5980	6072	6203	6217	6582	6698	6728	6868	6930	7107	7563	7575	7765	7980	8329	8391	8597	8739	9149	9356	9561	9665	9937	10014	10113	10221	10557	10613	10658	10693	11158	11174	11235	11360	11863	11955	12046	12491
267	1.0	713	742	860	1022	1219	1276	1478	1573	1772	1935	1989	2115	2643	2833	3116	3255	3324	3404	3507	3617	3709	3965	4011	4073	4128	4456	5131	5162	5468	5845	5860	5920	6039	6116	6538	6729	6750	6919	7236	7483	7523	7585	7589	7717	7738	7778	7901	7935	8089	8287	8345	8581	8595	8680	8682	8935	9008	9043	9063	9227	9323	9395	9397	9401	9460	9618	9630	10174	10336	10506	10692	10818	11078	11245	11269	11385	11402	11408	11473	11836	11927	12130	12245	12316
268	1.0	101	315	609	646	712	772	794	839	855	1153	1324	1581	1778	1816	3085	3271	3776	3832	3891	4049	4283	4300	4306	4508	4596	4661	4768	4870	4885	5036	5764	5948	6360	6560	6732	6916	7255	7299	7764	7802	8070	8240	8568	8681	8857	8879	8997	8999	9373	9499	9569	9595	9634	9906	10042	10362	10400	10605	10851	10900	11096	11179	11279	12093	12290	12485	12508
269	1.0	236	528	724	994	1361	1576	1736	2018	2205	2460	2674	2677	2998	3309	3389	3588	4083	4602	4648	4831	5095	5128	5785	6591	6801	7162	7235	7705	8303	8826	8959	9129	9673	9704	9809	9945	10005	10240	10342	10411	10630	10921	10977	11109	11322	11324	11576	11834	12143	12377
270	1.0	257	296	435	499	604	804	834	980	1000	1132	1693	1792	1965	1975	2493	2506	2616	2706	2748	3000	3013	3033	3053	3194	3305	3524	3581	3584	3667	4089	4119	4149	4278	4520	4693	4720	4931	5071	5154	5343	5344	5423	5451	5498	5501	5562	5864	5906	6045	6177	6205	6212	6789	6808	6843	7024	7084	7090	7296	7324	7326	7330	7368	7686	7897	7924	7944	8079	8941	9342	9408	9641	10047	10052	10175	10247	10420	10668	10952	11229	11365	11380	11403	11572	11724	12030	12551
271	1.0	185	421	516	719	900	1607	1755	2202	2240	2368	2423	2727	3281	3327	3602	4091	4213	4249	4301	4702	4893	5130	5523	5533	5554	5987	6315	6401	6458	6559	6579	6870	7291	7435	7438	7525	7662	7692	7849	8007	8106	8322	8416	9104	9163	9286	9727	10089	10389	10583	10839	11120	11129	11608	11652	12496
272	1.0	171	571	703	1207	1521	1972	2023	2370	2459	2866	2898	3822	4434	4543	4956	5087	5326	5346	5458	5611	5706	5752	5979	5994	5998	6527	7300	7526	7761	8143	8156	8485	8860	9036	9300	9371	9414	9602	9725	9844	9909	10044	10338	10431	10499	10535	10587	10778	10825	11364	11377	11818	11936	12074	12424
273	1.0	130	427	709	795	883	1104	1160	1213	1249	1330	1426	1796	1950	1987	3330	3416	3421	3423	3512	3664	3690	3804	3918	3980	4170	4195	4380	4394	4533	4708	4812	5301	5584	5774	6022	6064	6652	6785	6841	6938	7032	7248	7346	7482	7610	7742	8388	8462	8639	8640	8838	9298	9352	9364	9446	9491	9519	9526	9535	9811	9843	10068	10696	10928	11056	11446	11823	12305
274	1.0	129	447	594	888	1344	1570	1654	2300	2726	3203	3356	4044	4298	4695	4974	5139	5751	6197	6209	6814	6899	6910	7109	7380	7420	7623	7866	8259	8646	8876	9391	9400	9444	9471	9506	9626	9785	9812	9837	10051	10288	11711	11728	11846	12536
275	1.0	119	309	574	586	1068	1183	1215	1284	1346	1541	1635	1961	2624	3032	3190	3371	3387	3660	4022	4155	4411	4521	4526	4647	4824	5318	5391	5408	5720	6086	6345	6405	6648	6705	7102	7180	7509	7536	7611	7626	7637	7642	7702	7821	8173	8506	9343	9412	9885	9939	10544	10598	10768	11044	11253	11363	11579	11648	11763	12062	12132	12152	12387	12587
276	1.0	17	229	323	408	515	1190	1472	1814	2086	2250	2642	2863	3548	4144	4259	4442	5206	5385	5495	5832	5872	5876	6109	6227	6385	7305	7542	7656	7877	8307	8385	8458	8872	9021	9092	9164	9244	9689	9962	10012	10130	10285	10845	11283	11600	11698	11840
277	1.0	184	396	451	525	551	607	691	797	912	1014	1075	1099	1119	1197	1440	1647	1713	2011	2123	2325	2467	2552	2629	2709	2822	2936	3186	3254	3522	3707	3898	3950	3987	4065	4158	4375	4446	4595	4836	4916	4936	5002	5018	5049	5179	5199	5904	5933	6348	6415	6511	6516	6557	6984	7199	7852	7880	8011	8493	8528	8574	8667	8854	9215	9288	9392	9518	9570	9611	9743	9774	9792	9830	10067	10093	10143	10241	10373	10503	11051	11277	11531	11668	11967	12002	12006	12097	12371	12426	12429
278	1.0	49	75	94	154	500	922	1288	1720	1770	1957	2000	2093	2228	2514	3534	3619	3682	3780	3785	4103	4324	4742	4773	4995	5555	5659	5822	5911	6068	6350	6465	8213	8475	8777	8822	8839	8938	8980	9202	9291	9496	9840	9974	10327	10525	11718
279	1.0	857	920	1108	1196	1489	1759	1843	1850	2114	2171	2256	2425	2504	3196	3345	3402	3428	3441	3896	4437	5178	5239	5490	5726	5973	6126	6328	7068	7080	8048	8598	8602	8610	9537	10016	10561	10797	11156	11169	11393	11487	12455	12549
280	1.0	858	1241	1411	1513	1550	1718	1723	1788	1834	1909	2107	2120	2151	2162	2268	2288	2472	2938	3272	3545	3656	3784	3866	4188	4443	4535	5177	5365	5369	5534	5718	5843	6110	6234	6358	6417	6991	7307	7726	7792	7970	8481	8596	8924	9014	9608	9913	10269	10523	10729	10964	10983	11519	11539	11540	11973	12067	12233
281	1.0	174	188	235	288	877	923	986	997	1064	1221	1313	1360	1414	1417	1437	1484	1510	1565	1680	1873	1888	1899	2119	2226	2405	2420	2435	2454	2803	2984	3113	3143	3207	3307	3476	3537	3796	4085	4417	4665	5028	5029	5085	5116	5227	5765	5956	6018	6584	6746	6813	6921	7249	7396	7404	7485	7513	7887	8025	8077	8261	8305	8397	8644	8747	8913	9035	9189	9262	9711	9829	9960	10413	10482	10644	10744	10910	10999	11465	11566	11580	11686	11857	12061	12293	12354
282	1.0	36	987	1339	1385	1499	1801	1910	2006	2153	2786	5294	5713	5767	6444	6907	7136	7302	7428	9194	9273	10219	10971	11012	11140	11326	11779	12110
283	1.0	1462	6378
284	1.0	66	178	502	517	715	1427	1601	1703	1866	2243	2777	3455	3551	3879	3959	4019	4397	4615	4724	4938	4989	5115	5157	5286	5735	5921	6081	6095	6182	6272	6762	7277	7447	7456	7484	7528	7596	7986	8119	8537	8561	9501	10002	11136	11195	11213	11631	11919	12432	12457	12538
285	1.0	183	1574	2108	2318	2330	2564	2638	2666	2814	2970	3026	3179	3262	3572	3591	3631	3910	4166	4829	4935	4980	5215	5338	5712	5780	6067	6157	6632	6647	6933	7057	7105	7123	7517	7752	8028	8671	8702	8764	8871	9057	9315	9542	10287	10621	10624	10637	10725	10849	11073	11173	11249	11337	11615	11895	12116	12253	12409	12541
286	1.0	263	321	412	482	518	562	620	736	744	1031	1623	1988	2227	2298	2488	2528	2693	3084	3308	3318	3698	3794	4516	4544	4991	5040	5053	5407	5687	5755	5770	6031	7145	7578	7767	7964	8056	8216	8434	8679	8714	8750	8963	9222	9241	9581	9660	10035	10273	10290	10391	10478	10559	10699	11016	11072	11145	11390	11873	11980	12221	12324	12331	12407	12479
287	1.0	89	267	362	498	821	1188	1273	1789	1819	2104	2261	2389	2618	2715	2773	2775	2806	2917	2943	3225	3274	3291	4026	4056	4253	4309	4393	4449	4547	5021	5037	5063	5217	5261	5384	5777	5854	6131	6139	6215	6261	6419	6489	6504	6742	6812	6946	6981	7077	7172	7301	7559	7851	7912	7914	8111	8181	8266	8324	8381	8946	8967	9002	9049	9308	9552	9573	9632	9650	9663	9821	10292	10740	10783	11146	11489	11515	11573	11798	11876	12080	12112	12225	12308	12397	12464
288	1.0	14	82	224	322	395	524	564	778	1148	1226	1292	1345	1490	1610	1781	1855	2540	2583	2724	3008	3140	3399	3425	4315	4349	4558	4569	4803	5175	5355	5477	5626	5636	5663	6021	6539	6576	6600	6982	7075	7283	7409	7855	8023	8293	8536	8565	8633	8754	9324	9398	9426	9652	9661	9724	9787	9899	10197	10343	10439	10510	10554	10860	11266	11804	12016	12300	12320
289	1.0	95	764	972	978	985	1370	1415	1434	1468	1649	1721	1817	1934	2286	3078	3191	3206	3253	3261	3661	3672	3779	4071	4247	4275	4588	4700	4807	5256	5566	5590	5769	5954	5996	6432	6820	6888	7093	7130	7157	7449	7604	7684	7837	8037	8071	8184	8281	8601	8785	8836	9031	9113	9289	9333	9423	9479	9571	9719	9794	9931	9950	10711	10949	11025	11097	11206	11232	11841	11893	11946	11971	11993	12142	12196	12382	12531
290	1.0	86	541	731	939	1081	1622	1672	1842	1895	2074	2236	2246	2263	2520	2662	2689	2772	3110	3198	3303	3540	3618	3676	4226	4279	4284	4493	4627	4652	4745	5003	5126	5470	5662	6171	6361	6443	6612	6788	6794	6849	7115	7150	7352	7457	7502	7908	8017	8117	8120	8576	9114	9122	9434	9555	9783	9891	9978	10296	10501	10664	11098	11125	11678	11710	11764	11879	11930	11942	12185	12370	12451
291	1.0	592	667	990	1456	1585	2001	2446	2557	2671	2900	3105	3111	3633	4143	4340	5532	5880	5960	5966	6191	6783	7002	7006	7412	7805	7859	8467	8648	9684	9716	9852	10433	11091	11978	12415
