1	1.0	366	461	848	1204	1217	1248	2352	3484	3506	4002	4038	4477	4834	5076	5393	5529	5988	6816	7267	7421	7465	7487	7590	10147	10212	10834	10859	10880	11033	12578	12585
2	1.0	533	702	1030	1262	1296	1339	1615	1897	2006	2016	2153	2192	2303	2786	3739	5459	6478	6697	6804	6942	7005	7542	7546	7820	8798	8893	9372	9718	9901	9949	10494	10627	11140	11635	12553
3	1.0	27	158	163	545	554	608	1023	1252	1374	1471	2729	2780	3319	3388	3487	3637	4073	4418	4422	4453	4553	4727	4954	5186	5251	5351	5413	5514	5541	5618	5633	5932	6152	6190	6264	6491	6653	6706	6749	7565	7681	7798	8188	8333	8436	8444	8456	8465	9008	9010	9603	9773	10111	10139	10533	10724	10762	10914	11024	11201	11450	11659	12026	12105	12130	12244	12297
4	1.0	82	606	889	1226	1253	2063	2146	2234	2301	2346	2504	2618	3104	3140	3153	4547	4966	4991	5181	5316	5857	6295	6632	6748	6826	6886	6905	7075	7222	8875	8915	8939	8984	9573	9821	10040	10279	10740	10783	11028	11037	11508	11850
5	1.0	1097	9016
6	1.0	212	10628
7	1.0	309	586	1100	1336	1359	2272	2279	2624	3898	4155	4647	4702	4806	5326	5523	5645	6910	7305	7611	7637	7784	8007	8523	9159	9187	9476	9526	9533	9909	9959	10044	10389	10768	11044	11106	11334	11351	11537	11788	12138	12152	12387	12536
8	1.0	1653	7156
9	1.0	1382	2760	7930	8086	8730	9069	9339	10396	10567	10719	11307	11506	11712
10	1.0	3394	5612	9001
11	1.0	4740
12	1.0	2529	4210
13	1.0	1930	3470	3728	4844	6298	6314	7600
14	1.0	1584	3974	4572	5579	9754
15	1.0	1200	8797
16	1.0	1195	3550	3757	4107	5455	6230	6426	7054	7670	8140	8382	9702	9940
17	1.0	517	776	1427	1866	2777	3551	4185	4615	4989	6081	6182	7456	7528	7986	8119	8537	8825	9501	10117	11136	11919	12432	12457
18	1.0	746	1610	1894	1947	2620	2629	2821	3518	3544	3582	3856	4595	4623	4836	4863	4920	5130	6231	6257	6345	6511	6527	6648	6922	7130	7197	7300	7536	8156	8201	8416	8617	8653	9333	9392	9494	9769	10687	11670	11769	11936	12053	12281	12424
19	1.0	3666
20	1.0	4749	6297
21	1.0	38	60	311	343	442	594	806	2842	3081	3460	3960	4166	4364	4525	4700	4747	4918	5302	5814	6251	6308	6352	6499	7422	7573	8446	8450	8458	8688	9113	9626	10063	10130	10611	10622	11815	12171	12298	12373	12392	12466
22	1.0	2414	3861
23	1.0	4143	5414
24	1.0	537	3516	3568	3998	6630	6656	8245	8973	12255
25	1.0	68	402	411	576	607	660	800	833	1038	1700	2002	2202	2423	2456	2481	2595	2872	2980	3019	3118	3226	3235	3376	3415	3515	3519	3578	3632	3748	4017	4416	4555	4564	4584	4777	5049	5069	6003	6036	6260	6348	6418	6516	6629	6913	7000	7022	7041	7174	7186	7242	7313	7417	7696	7727	8224	8236	8369	8457	8470	8631	8645	8689	8734	9570	9611	9615	9655	9703	9856	9893	10062	10191	10236	10345	10365	10419	10453	10457	10503	10804	11141	11673	11742	12071	12368	12378
26	1.0	3646	10227	11287
27	1.0	1032	6665
28	1.0	152	8368
29	1.0	480	1112	1914	4392	7691
30	1.0	90	7818
31	1.0	2102	6588	11340	11545
32	1.0	762	1492	7361	7776	10015
33	1.0	1003	9254
34	1.0	1126	3215	3775	4378	7950	10171	11172	11889
35	1.0	507	1250	1398	2328	3675	6601	7167	7433	7616	8155	8629	9475	9750	10898	11512
36	1.0	3727	5928
37	1.0	3541	4474	6309	7137	9669
38	1.0	1399	3259	4574	6008	9767
39	1.0	1704	9089
40	1.0	9416	10653
41	1.0	657	818	1702	1886	1892	2055	2105	2244	2501	2888	3115	3255	4672	4687	4906	5288	5944	6099	6137	6622	6720	7379	7738	7796	8014	8439	8484	8627	8859	9083	9234	9514	10718	10747	10899	11666	11845	11854	12100
42	1.0	3413	6940	7753
43	1.0	8445
44	1.0	7217
45	1.0	9247	9915	12202
46	1.0	3914	11088
47	1.0	1011	1041	1596	1613	1994	2268	2432	2584	2717	2785	2802	3537	3662	3756	4036	4761	5162	5791	6039	6140	7214	7382	7717	8089	9126	10157	11245	11544	11924	12398
48	1.0	738	2177	3908	6241
49	1.0	10073	12366
50	1.0	1	1751	2088	2517	3096	3294	4241	4892	8200	11995
51	1.0	421	487	539	662	664	739	860	962	1220	1478	1486	1628	2036	2046	2115	2219	2350	2616	2673	3145	3602	3891	4069	4291	4334	4489	4548	4856	5977	5987	6154	6919	7428	7458	7485	7491	7716	7819	7825	7943	8012	8015	8141	8319	8346	8581	9145	9227	9342	9395	9595	9907	10101	10645	10873	11269	11472	12119	12123	12148	12186
52	1.0	3514	8490
53	1.0	7614	9478
54	1.0	965	5102	7756	9464	9770
55	1.0	2469	2743	3942	4374	4717	5516	5835	8800
56	1.0	3213	6880
57	1.0	5034	9071
58	1.0	11593
59	1.0	2379	3391	6278	8930	10385
60	1.0	3915	4350	7841	8296	8513	8642	9987	10686	10868	12540
61	1.0	1052	9905	11594
62	1.0	34	5858	6189	8387
63	1.0	6042	8853
64	1.0	3375	3751	3826	4162	4455	4622	4723	5456	5828	6164	7730	10537	10969	11223	11656	12211	12577
65	1.0	10017	10531
66	1.0	6993	8762
67	1.0	245	521	1795	2336	2388	5760	7431	8340	11035
68	1.0	1835	5521
69	1.0	139	293	301	633	849	976	1531	1989	2240	2264	2266	2269	2560	2984	3350	3404	3617	3813	4375	5122	5238	5578	5728	6252	7218	7252	7764	8153	8667	8828	9172	9668	9869	10875	10963	11040	11604	11681	11794	11837	12246	12270	12371	12426
70	1.0	1876	2221	3073	4338	4933	6267	8700	9620	11997	12311
71	1.0	1233	3695	4355	10293	10991	11089
72	1.0	205	8864
73	1.0	2920	4774	5450	5542	8920	9543	10639	10806	11301
74	1.0	763	5270	5800	6719	8083	10103	11386	12446
75	1.0	2612	3735
76	1.0	2327	10135	10636	12114
77	1.0	1760	11309
78	1.0	5525	5978	6467	6534	7448	8486	10617
79	1.0	195	568
80	1.0	1462	6378
81	1.0	559	12145
82	1.0	4578	5729	6047	6316
83	1.0	2247	6332	7643	8979	9318
84	1.0	8769
85	1.0	6863	6964	7534	10217	10595
86	1.0	863	3276
87	1.0	1317	4763	11570
88	1.0	1636	2932	7265	11561
89	1.0	198	1931	3736
90	1.0	9662	12543
91	1.0	340	1757	6535
92	1.0	1493	2060	2262	5440	6872	7981	10125
93	1.0	570	4372
94	1.0	2876	12567
95	1.0	150	573	1369	2132	2348	2397	4235	5218	6501	6600	7348	8718	9246	10197	10977	11196	11303
96	1.0	674	2452	2694	9103	11418
97	1.0	131	977	1302	1669	2068	2365	3916	4435	4546	4591	4876	5473	5786	6363	6608	6666	6925	7126	7282	8320	9127	10082	10564	11374	12408
98	1.0	3062	8672
99	1.0	2411	6505	9896	12214
100	1.0	289	10594
101	1.0	613	9681	9986
102	1.0	2312	2392	2635	4268	5044	8733	9330	12192
103	1.0	1532	10720
104	1.0	1091	2630	2813	2904	4604	5742	6847	7400	8708	8993	10511	12113
105	1.0	2017	2387	10030
106	1.0	4959	11877
107	1.0	1014	1119	2206	2822	2938	3021	3522	3656	3988	4060	4103	4134	4580	4773	4936	5198	5718	5747	6990	7792	7907	7975	8185	8390	8542	9913	10368	10964	11051	11531	12170
108	1.0	7132	11568
109	1.0	1992	5993	11270
110	1.0	813	1528	2867	2948	5190	8242	11094
111	1.0	397	1157	1187	1329	2660	3364	3526	4709	4827	4837	4887	6009	6393	6423	7693	8124	8237	9324	10188	10860	11393	11871
112	1.0	317	5262	6071	6341	6926	11887
113	1.0	62	1147
114	1.0	4009	11341
115	1.0	2684	2849	9510	9536
116	1.0	1341	2252	5081	5515	5888	7899	10675	10939	11425	11548	11662
117	1.0	2072	5773
118	1.0	5438	7304
119	1.0	1181	2444	3374	4407	4686	4992	5151	6680	6726	7665	7909	9118	11463
120	1.0	985	1201	1223	1691	1956	2197	2323	2383	2550	3465	3527	3697	3742	3787	4148	4318	4789	4885	4928	5350	5363	5442	5472	5558	6093	6404	6618	6649	6676	7135	7159	7206	7577	7609	7645	8064	8356	8531	8687	8789	9141	9362	9380	9458	9592	9802	9903	9910	9963	10136	10141	10442	10466	10530	10816	10817	10896	11122	11230	11321	11402	12043	12193
121	1.0	406	2121	2486	3937	6587	10031
122	1.0	8676	9309
123	1.0	5195	11934
124	1.0	4099	6249
125	1.0	7153	7383	10202
126	1.0	779	6664
127	1.0	1498	11577
128	1.0	9123	9984
129	1.0	147	220	3233	3358	4941	5111	5825	9912	10006	10259
130	1.0	4784	5736	6722
131	1.0	2779	3217	3857	6477	8246	10282	11191	12174
132	1.0	5830	6871
133	1.0	5452	6014
134	1.0	556	7176	7803	8315	9807	10848	10878	11192
135	1.0	1402	1562	3216	6372	6891	7789	7790	10822	12410
136	1.0	998	5711
137	1.0	271	1673	4457	7195	9106	9432	9970	10060	11856	12323	12435
138	1.0	3015	3677
139	1.0	812	2157	4190	6065	7703	7794	8150	9367	10908	11633	11956
140	1.0	1497	2928	4478	7460	8433
141	1.0	281	1281	3655	6242	7488	7505	8247	10098	10735	11082
142	1.0	2508	5015	10505
143	1.0	2885	9505
144	1.0	3483	3598
145	1.0	111	630	1027	1442	1898	2862	4793	7011	8461	10877	11650
146	1.0	1446	1689	3691	4171	6771	7751
147	1.0	4710	6472	8052	11800
148	1.0	492	1062	3188	4482	5544	5817	6518	6524	11066
149	1.0	555	1874	5252	6174	7472	11176
150	1.0	495	527	5753	10178	12539
151	1.0	16	83	153	172	690	847	1311	1792	1879	2018	2659	2748	2918	3000	3084	3308	3322	3435	3581	3997	4027	4064	4149	4278	4657	5407	5502	5777	6031	6789	7090	7215	7296	7368	7759	7767	7914	8056	8586	8829	9116	9706	9809	10240	10243	10280	10336	10415	10695	10837	11275	11324	11412	11460	12143	12268	12301	12367
152	1.0	600	4764	5632	6078	8604	12525
153	1.0	5211	6474	7018	9443	11009	11081	11329
154	1.0	7061	11376
155	1.0	142	401	648	740	1059	2710	2713	3603	3825	3953	4252	4377	4646	4969	5104	5483	5602	6792	6927	7389	7475	8120	8473	8562	9235	9361	9917	10177	10800	10844	12028	12126	12425
156	1.0	869	914	3840	4034	4605	6572	6837	7094	9868	10556	11447	11543	12247
157	1.0	1305	11455
158	1.0	6062	12412
159	1.0	297	2334	5057	6023	9023	10826	10972	11388
160	1.0	141	1108	1167	2168	2718	4295	4780	5271	5654	5761	7297	10016	10765	11963	12018
161	1.0	96	2030	2253	4440	4849	5679	7377	7988	8404	10985	11606
162	1.0	7520
163	1.0	122	1084	1312	2190	2686	3028	3520	4028	4465	4877	4963	7630	8022	8136	8330	8425	9305	9414	9707	9736	11078	11205	11869	12095	12262
164	1.0	240	484	1780	2331	3466	5868	6134	6357	6868	6955	7337	7712	7747	8712	9080	9415	10128	10657	11235	11589	11745
165	1.0	3479	8887
166	1.0	283	326	663	697	1176	2677	2922	3309	4630	4648	5296	5651	6924	7483	8291	8343	9550	11180	11515	11950	12302
167	1.0	1081	2246	3198	9434	10296	11678
168	1.0	707	767	1932	2032	2464	4961	6496	6736	8238	8850	9835	10329	11178	12399
169	1.0	894	6436
170	1.0	605	7308
171	1.0	1968	3158	7538	9238
172	1.0	128	3160	5118	5494	7208	7260	9341	10990	11454
173	1.0	2843	4358	4701	4859	5242	5690	5741	6032	7719	9066	9676	9895
174	1.0	4347	10311
175	1.0	2212	2663	3907	7390	7548	8995	9382	9484	10884	11440
176	1.0	103	2333	3162	4469	4610	5212	6028	6634	6644	7063	7791	7879	7991	10164	10456	10863	10922	11233	11483
177	1.0	1358	5463
178	1.0	1237	2941	3904	4934	5547	8413	8583	9151	9955
179	1.0	8545	12122
180	1.0	5079	9902
181	1.0	618	2156	2640	3076	3094	4055	5867	7497	7682	10610	11153	11234
182	1.0	325	4186	8363	10275
183	1.0	1455	3844	4094	5702	6809	7748	11008
184	1.0	2138	3481	4258	4838	6150	6232	6639	6806	6881	9292	9951
185	1.0	11041	11816
186	1.0	699	6383	7945	9979
187	1.0	8131
188	1.0	5207	12556
189	1.0	2027	3098	3177	3459	3819	6585	7644	8630	9088	10527	11953
190	1.0	230	1495	4376	8243	8908	10507	11284
191	1.0	583	1433	1900	2573	3945	4907	4943	11478	11899	12081
192	1.0	705	1549	1740	2270	3615	7962	8415	8479	8575	11843	12321
193	1.0	4138	4985
194	1.0	671	1069	1283	1783	2441	3365	3895	4611	4691	6441	6840	8410	9653	9772	9934	11415	12259
195	1.0	766	12422
196	1.0	483	3323	4537	5305	11781
197	1.0	145	2539	3267	3719	4236	6947	6994	7641	7814	8538	9166	11273	12269
198	1.0	2787	4223	4556	6844	6846	7147	7203	9138
199	1.0	417	954	1257	1295	1858	2313	3917	5897	7745	9112	12376
200	1.0	76	428	1240	1447	1494	1523	1687	1712	1787	2089	2185	2402	2487	2601	2835	3701	3899	4310	4373	4673	4821	5208	5285	5576	5674	5879	5929	6046	6753	7016	7358	7426	8030	8398	9331	9460	9564	10053	10152	10328	10754	11405	11467
201	1.0	1309	6060
202	1.0	437	601	1033	2169	3285	5839	6054	6094	7101	7741	9146	9645	9791	11373	11770	12327
203	1.0	1316	2483	3077	4869	5246	5600	7089	7965	9357	12209	12500
204	1.0	6619	8909
205	1.0	348	2582	2778	5023	6773	7876	10081	10600	10966	11435
206	1.0	3280	8013
207	1.0	1335	3673	3773	4381	6166	11774
208	1.0	1408	2285	3182	4682	5914	9110	10043	10353	10981	11023	11578
209	1.0	890	6421	7953	8803	9085
210	1.0	3468	6107	11398	12419
211	1.0	4488	5624	7339	11874
212	1.0	1831	3634	4047	8848	9410	10185	10237	12582
213	1.0	2497	2924
214	1.0	991	1432	4074	4219	4802	5275	5789	7722	8257	10521	12107
215	1.0	4778	11987
216	1.0	3320	6663	9629	10555	10890
217	1.0	2844	3461	4260	4823	7613	8677	10689	11336
218	1.0	623	1805	2187	3038	3298	3803	4387	4664	7238	7381	8179	8215	9562	10245	11677	11985	12447
219	1.0	3086	7026	11199	11858
220	1.0	2296	2682	3546	5313	6002	6165	6245	7042	8252	9874	10749	11068	11294	11609
221	1.0	1320	1425	2395	3823	5047	5926	6377	6396
222	1.0	784	2007	2546	2957	3050	3493	5277	11293	11621
223	1.0	99	973	1048	1054	1481	1603	2981	5113	5490	5845	5846	5921	5990	6068	6266	6340	6397	7404	7523	7678	8137	8894	8982	9803	9808	9828	10509	10597	10736	10839	11105	11805	11928	11965	12136	12345
224	1.0	4263	4404	5798	7615	11135
225	1.0	1377	2878	3258	8668	9025	10472	11933
226	1.0	844	1228	1379	2110	4175	4786	7870	7915	9580	9753	11458
227	1.0	35	1727	2255	3733	3995	4165	4730	5084	5430	7782	8271	8665	10277	10566	10950	11588
228	1.0	856	9768
229	1.0	1165	1480	4240	4891	5664	6541	9133
230	1.0	1508	5412	8376	9125	10681
231	1.0	1459	5510	6481	6883
232	1.0	4534	5259
233	1.0	1696	3333
234	1.0	3650	6775	7161	8534	8977
235	1.0	134	2461	3175	4272	5952	6163	6934	7044	10704
236	1.0	6701	9329
237	1.0	290	700	1560	2738	3122	4204	4582	4720	5095	5319	5488	5809	5874	5906	6057	6191	6855	7078	7330	7830	7918	8145	8426	8666	9252	9682	9815	10023	10781	10801	10818	10907	11086	11243	11481	11559	11909
238	1.0	3480	4494	5841	9805
239	1.0	375	422	490	777	850	1045	1303	1781	1798	2013	2061	2137	2436	2513	2845	2890	3135	3607	4008	4040	4131	4169	4346	4721	5091	6374	6737	6756	7038	7437	7495	7857	8260	8706	8761	9165	9210	9504	10007	10105	10304	10374	10408	10616	10753	10764	11149	11267	11342	11452	11929	12223	12421	12562
240	1.0	1706	2474	3367	4566	7148	12391
241	1.0	1840	4127
242	1.0	3609	4399	4480	7489
243	1.0	376	747	3299	6892
244	1.0	5025	5331	6486	10808
245	1.0	1087	1349	1642	1705	6681	6745	7739	10090	11144
246	1.0	264	578	827	1086	1105	2151	2960	4063	4586	4736	5097	5166	5695	5756	5758	6492	6848	7027	7295	7503	7816	7948	8579	8715	8872	10833	10872	11067	11152	11534	11766	12002	12227
247	1.0	565	6578
248	1.0	300	2251	4499	8163	8335	9534	9638	10462	10727	12090	12519
249	1.0	69	6716
250	1.0	3063	3761	7320	9032	10775	11304
251	1.0	1609	1820	2431	2527	3457	4813	4895	6199	6997	8058	8507	9067	11271	12229	12576
252	1.0	1186	5950	6542	7072	7749	8873	10919	11092	11590
253	1.0	1851	8276
254	1.0	3494	4878	6724	8042
255	1.0	187	420	591	1241	1264	1479	1620	1716	1774	2123	2382	2679	2698	3089	3214	3338	3788	3950	3985	4023	4359	4467	4579	4670	4976	5083	5177	5522	5623	5657	6932	6937	7129	7188	7271	7852	8334	8492	8591	8622	8794	9344	9831	9900	10008	10143	10278	10376	10514	11126	11320	11355	11514	11557	11694	11752	12039	12460
256	1.0	3977	5653
257	1.0	335	732	829	2165	2929	3180	3747	4551	7138	8170	8503	8521	9477	11227
258	1.0	1502	3051	6124	6805	8888	10110
259	1.0	89	498	885	1342	2120	2715	2943	3164	3291	3939	4449	5021	5037	5545	5973	6110	6215	6234	6419	6812	7301	8181	8337	9308	9557	9663	10142	10398	11370	11657	11876	12397
260	1.0	927	3405	5135	5398	9420	11703
261	1.0	7989
262	1.0	318	612	915	1279	1473	1594	1703	2784	3228	3277	3464	3887	4397	4420	4867	5205	5278	5425	6380	6420	6582	6933	7104	7175	7288	7658	7942	7980	9064	9173	10693	11468	12206
263	1.0	2066	2571	2667	10163
264	1.0	1938	2605	3734	5834
265	1.0	1115	1362	5853	6875	7403	11160	11669	12339
266	1.0	880	4650	8674	8684
267	1.0	1605	3902	4192	6221	7619	7893	9622	10134	10382	10654	11319	11536	12241
268	1.0	1411	2108	2243	2318	2704	2970	3591	3784	3910	4019	4854	4980	5433	6067	6328	7123	7689	7726	8431	9014	9829	10637	10849	11173	11249	11615	11895	12116	12253	12541
269	1.0	602	4271	10867	11849
270	1.0	4316	6909	7654	10697
271	1.0	57	4468
272	1.0	215	462	5900	6183	6286	6610	12542
273	1.0	621	622	3377	3954	4616	8530	9169	10483
274	1.0	661	1162	4492	5901	6972	10179	10918
275	1.0	140	146	252	313	737	1701	1722	1869	2302	3325	3805	4043	4325	5746	5757	6136	8971	9387	10284	12517
276	1.0	1448	2003	2608	2880	4015	4342	4914	7522	8443	9582	9755	11056
277	1.0	1960	2245	2586	2600	3853	4302	6589	6761	9943
278	1.0	88	1137	1632	2305	4067	4341	5141	7279	8234	8474	8788	10513	11495	11595	11757
279	1.0	102	386	1009	1134	2087	2309	3766	3783	4738	5196	5643	6114	6522	7125	7205	7293	7524	7612	8533	8766	9438	9493	10484	12210
280	1.0	3248	3924	6307	8772	10210	12024
281	1.0	807	854	1833	3354	3693	4068	6324	7366	7755	8589	9086	9982	10763	10937	11364	11409
282	1.0	2962	3753	3847	5887	6412	7707	7842	8044	10676	11795	12443
283	1.0	5375	7896
284	1.0	359	1199	1234	1284	1439	1838	2438	2530	2621	3252	3469	3635	3968	4345	4383	4491	4754	5137	5276	5616	5692	6776	6856	7233	7461	8255	8792	8921	9044	9050	9480	9639	9701	10229	10404	10516	10705	10810	11237	11521	11994
285	1.0	100	2182
286	1.0	639	730	1764	2111	2195	2676	3152	4086	5144	5491	5617	5671	7062	7441	7593	10850	11194	12499
287	1.0	2434	3845	8647	8858	11257
288	1.0	377	458	866	959	1007	1016	2062	2733	4156	4729	4897	5261	5281	5345	5498	6159	6487	6683	6873	7052	7932	8821	9087	9186	9204	9222	9408	9593	9860	10574	10592	11489	11732	11999	12073
289	1.0	1581	4768	6560	7802	8999	10605	11239	12035
290	1.0	504	571	1114	2370	2459	2898	2963	3099	3103	3190	3387	4125	4329	4818	6569	6705	6864	7526	7626	8143	8254	8849	9437	10426	11367	11818
291	1.0	1539	5661	5745	6173	8447	8641	10827
292	1.0	522	1260	1451	3321	3744	3921	4102	6416	6657	6787	6903	7088	7311	9646	10086	11523	11626	12494
293	1.0	3071	6708	8551	10674	11413
294	1.0	28	557	996	3286	3717	4441	5287	5818	7476	10235	10260	10420	11747	11996	12178
295	1.0	52	75	235	1667	2193	2237	2405	2454	2859	3307	3312	3474	3873	3994	5028	5029	5085	5116	5123	5266	5294	5784	5894	6100	6202	6746	7513	7633	7887	8554	8922	9035	9597	9711	11278	11704	12489
296	1.0	2551	2857	3009	6627	7407	8018	9941	10565	10760	10978
297	1.0	2408	4850	4962	5171	5561	7569	8192	10205
298	1.0	193	582	1184	1782	2337	2570	2851	4636	5160	5484	6617	8091	9572	11315	11504	12527
299	1.0	1768	4550	7234	8292	9193	10976
300	1.0	167	349	547	919	2548	2747	5395	5940	6344	6860	7617	7649	8355	9175	9312	10024	10087	10549	11897	12252
301	1.0	947	2010	5265	5970	6390	8312	8738
302	1.0	1465	1826	2147	2178	2773	2947	3133	4208	4393	4472	5387	5400	6598	7559	7912	8679	9049	9216	10303	10551	10659	10892	10970	12473
303	1.0	108	389	2344	5444	6948	7329	10866	11220	11835	12181
304	1.0	1482	3101	3264	3720	4705	5145	7035	7916	12037
305	1.0	678	3430	5405	9784
306	1.0	21	24	982	1083	1118	1319	1804	1846	2945	3041	3052	4250	5158	5475	6155	6228	6329	7321	8463	8615	8944	10571	10596	11132	11384	11451	11550	11787	11921
307	1.0	6368	7537	7592
308	1.0	4527	5216	7193
309	1.0	72	262	448	887	1148	2277	2583	3121	3777	4301	5306	5636	5994	5998	6579	6730	7844	8359	8459	8770	9328	9398	9652	10093	10431	11804
310	1.0	231	379	1076	1326	2967	3543	5352	7554	7983	8203	8643	9051	9601	10552	11272
311	1.0	39	185	358	624	727	907	992	1095	1145	1267	1419	1586	1593	1747	1772	1912	2040	2049	2625	2727	2810	2925	3273	3346	3566	4126	4168	4255	4401	4563	4600	4644	4715	5000	5067	5250	5253	5554	5628	5781	5827	5884	6037	6104	6459	6734	6945	7095	7134	7596	7628	8053	8400	8476	8495	8609	8741	8779	8870	9243	9346	9388	9409	9483	9489	9541	9924	9972	10268	10301	10350	10435	10583	10776	11174	11254	11314	11360	11426	11446	11649	11799	12199	12355	12470	12480	12538
312	1.0	1024	1275	1978	2754	4281	4519	4626	5540	5546	5646	6528	6599	6784	7574	7801	8488
313	1.0	2884	5272	6800	7292	7556
314	1.0	357	491	575	893	967	1017	1034	1654	1717	2275	2308	2846	2879	2933	2969	3490	3681	3969	5322	5941	6010	6322	6446	6841	6907	7341	7651	8235	8619	8657	9699	9837	9867	10585	10916	10955	11445	11755	12089	12318
315	1.0	304	433	560	1206	1299	1310	1422	1753	2320	2462	2914	3327	3906	3952	3979	5031	5298	5415	6007	6069	6333	6605	6613	6700	6731	6732	8050	8371	8430	8836	8952	9479	9865	10242	10489	10803	10995	11097	11344	11500	11558	11748	11961	12076	12296
316	1.0	1046	6897	8212	12498
317	1.0	1013	7099
318	1.0	5120	5750	7354	10315
319	1.0	303	901	1164	2766	3982	6655	7545	8472	10589	12346
320	1.0	561	593	645	1210	2377	2759	2864	3031	3488	4283	4643	4830	5073	5149	5189	5356	5402	5689	5705	6430	6455	6593	7385	7455	7625	7809	7846	8851	9213	9558	9696	9723	9726	9737	10034	10097	10234	10777	10994	11034	11327	11391	11490	11683	11739	11772	11923	12213	12325
321	1.0	119	323	459	764	1190	1472	1808	1813	1814	1972	2199	2349	2368	2627	2644	2724	2808	2863	2944	3382	4116	4442	4521	4588	4656	4921	5409	5573	5832	5872	6636	6703	6870	6981	7866	8116	8385	8536	8740	8783	8865	9164	9244	9689	9792	10012	10390	10410	10499	10815	11065	11266	11283	11377	11617	11775	11941	12248	12271	12273	12335	12359	12506
322	1.0	431	899	1131	1273	1527	1877	2417	3106	3492	3839	4026	4386	4389	4429	5338	5355	5384	6287	6742	7093	7172	7192	7409	7511	7624	7851	8023	8031	8216	8691	8809	8904	10127	10339	10444	10876	11337	12146	12513
323	1.0	3384	5873	7384	7946	9081	11228	11325	11720
324	1.0	471	741	956	1298	1390	2399	2818	4322	4476	5225	5878	5937	7048	7257	7413	7454	7661	8282	9454	10140	10464	11032	11605	11696
325	1.0	3663	7856	11318	12453
326	1.0	339	5595	5605	5992	10230	11922
327	1.0	1047	10104	10340	11085	11310
328	1.0	380	832	1088	1650	3414	4042	4330	6015	10337	10702	11330	12358	12361	12547
329	1.0	615	1535	2019	2070	2556	2861	3549	3781	4135	4425	5125	5574	5642	6101	6213	6626	7459	8187	9257	10502	10809	11030	12031
330	1.0	186	255	1383	1872	1881	2719	2956	3772	4495	6877	7028	7315	8104	10540	11323	12390
331	1.0	1651	1891	2085	2500	3828	4030	4218	8517	10387	12523
332	1.0	689	1247	2475	3174	5797	6479	6581	6690	7281	8711	9065	11371	12140
333	1.0	181	855	1182	1225	1572	2931	3001	3087	5107	5457	5963	6243	6425	7638	7872	9043	9599	9717	9906	9975	10069	10088	10506	11692	12414
334	1.0	4903
335	1.0	603	1006	3684	3754	5005	7551	7977	9206	9818
336	1.0	1238	5431	5833	6169	6799	7164	9686	10887	11101
337	1.0	646	2079	2968	3295	3816	5194
338	1.0	6671	11832
339	1.0	3885	5170	9177	10650
340	1.0	804	986	1022	1417	1604	1899	1935	2119	2744	3476	3796	3972	4665	4901	5094	5142	5344	5423	5755	5765	5893	6808	6813	7017	7024	7831	8268	8935	8986	9453	9820	10219	10744	10971	11403	11465	11573	11616	11664	12354	12477
341	1.0	2893	6282
342	1.0	1784	2683	7951	9720	10602	11394	11449
343	1.0	2294	4692	5856	8128	8449	10454	12258	12357
344	1.0	2299	5820	5821	12008
345	1.0	1469	2028	2502	4675	5226	5372	5842	8275	8396	9207	11286	11522
346	1.0	177	635	835	1644	1678	2722	3486	3961	4110	4133	4536	4663	5730	6059	7506	7835	7959	8314	8422	9933	10364	10423	10524	10603	10912	11881
347	1.0	553	3594	4053	7378	9136	9274	9631	10959	12169
348	1.0	170	1969	2569	2578	2791	3042	3599	3926	3957	4296	4542	5896	6433	6590	9801	9952	11910	12545
349	1.0	2345	4109	4899	5129	6989	7647	9492	10198	10684	11165	11954
350	1.0	3991	4307	7666	10359	10496	11383
351	1.0	32	846	1376	1646	3002	4427	4518	4678	5092	5133	5708	6774	9004	10429	10854	11182
352	1.0	244	5683	5967	6876	7773	7889
353	1.0	2561	5096	5813	5815	8020	10942	11880
354	1.0	46	3436	6901
355	1.0	444	1420	2191	2961	3547	3723	4430	5585	8774	10728	12442
356	1.0	3023	3933	5420	5707	8193	9105	12581
357	1.0	449	872	1516	1600	1954	2226	2329	3075	3449	5591	6461	6929	9317	9508	11701
358	1.0	3795	5859	5972	7873	7884	8027	11482	11716
359	1.0	268	1209	2740	3849	5237	6686	7477	7567	8204	8970	9005	9698	10169	10270
360	1.0	2770	3705	4348	7371	8500	9072	10216	10486	11238
361	1.0	5371	12165	12417
362	1.0	858	1313	1360	1414	1440	1499	1510	1888	1910	2435	3113	4114	4246	5843	6018	7092	7307	7462	7867	8025	8197	8279	8644	8913	9262	9384	9920	10048	10413	10469	10523	10572	10655	11003	11580	12233
363	1.0	942	4800	8207	8756	9303	11298
364	1.0	1921	3471	3983	8429	9654	9983	10092	10370	10375	11767
365	1.0	112	563	875	920	1028	1662	2158	2276	2342	2691	3195	3665	3729	4385	4447	5260	5675	5749	6034	6211	6498	6998	7646	8048	8323	8747	8760	9391	9433	10761	11620	12129	12549
366	1.0	258	2768	3313	4396	4487	7535	7715	8328	8347	8958	10010	11862
367	1.0	4	4129	7289	7360	7710	10755
368	1.0	1043	1231	3533	4866	4957	5269	5635	7561	12282
369	1.0	2535	3010	3016	3210	4172	9441
370	1.0	4608	8151	10584
371	1.0	534	896	2332	3045	6092	6928	6950	8280	8906	11119	11729	11892	12334
372	1.0	1937	4925	8840	9600
373	1.0	1731	3403	5598	9019	10392
374	1.0	1381	1694	1741	2233	3951	4681	6480	7550	8223	8428	10096	12274	12418
375	1.0	2406	5093	6026	6637	7272	8464
376	1.0	194	2143	2258	4828	6247	6253	11017
377	1.0	3589	7515	12381
378	1.0	3149	4167	5850	5939	8816	9256	10070
379	1.0	221	1765	2224	2819	3512	3764	3946	4424	4958	5774	6628	8388	9491	9535	10137	10928	11261	11475	11598
380	1.0	1557	3981	4090	6476	7468	8767	10767	11974
381	1.0	629	1445	1640	2357	2641	4367	4796	6508	6827	8891	9938	10159	11875	12469
382	1.0	990	12063
383	1.0	1625	1633	1933	4201	4481	4628	7357	7512
384	1.0	1015	2826	5732	7392	10208	11831
385	1.0	2310
386	1.0	242	768	1079	4354	5257	5441	5565	6462	7698	8139	8162	8332	8784	9185	10841	11150	11882
387	1.0	451	535	926	1520	1656	1737	2148	2254	2471	3392	3814	4750	5593	5904	7105	7424	7492	7504	8602	8754	11043	11368	12075	12154
388	1.0	350	476	826	1963	2451	2769	4117	6113	9272	10071	10669	11038	11645	11990	12535
389	1.0	530	2751	8073	9448	10726	10758
390	1.0	13	382	447	472	1001	1099	1387	1464	1618	1829	2284	2651	2832	3011	3032	3205	3383	3641	4317	4942	5061	5099	5377	5496	5568	5577	5720	6273	6717	6885	6985	7102	7199	7220	7251	7450	7478	7580	7652	7757	8587	8991	9228	9385	9451	10321	10661	11116	11216	11353	11461	11497	12101	12134
391	1.0	581	1666	4287	5508	5905	8487	10532	12353
392	1.0	61	2117	2580	4815	6168	9413	10395
393	1.0	3628	5919	6408	7106
394	1.0	2702	9832
395	1.0	2476	5361	5468	6916	7402	8933	9063	9196	9499	9569	9714	10362	11473	11505
396	1.0	1293	2942	3194	3344	3668	4510	5174	6201	6969	8221	8539	8557	8624	9469	9838	10262	10630	10988	11322
397	1.0	67	680	2439	6158	6206	6537	7098	7498	9270	9348	9925	10286	11719
398	1.0	253	456	729	1124	1595	2599	3592	3608	4395	4825	4997	5152	5680	6411	7333	8338	8882	9880	9927	10856	11248	11904	12319	12362	12467
399	1.0	175	460	3269	4790	6180	6758	6845	6869	8881	9488	10201	10522	10714	11292	11602
400	1.0	306	1074	1244	2680	2708	2763	2836	3498	3530	3648	4084	4286	4771	5837	6127	6450	6571	6797	7166	7419	7635	8847	8961	10106	10779	10786	11231	12011	12287
401	1.0	1913	4753	7350	8177	9054	10332	10757	10924	11789	11855	11947
402	1.0	1120	2242	4290	5213	5512	6961	7229	7921	7929	9090	10885	11142
403	1.0	1924	2750	5390	5396	6175	8309	9236	9722	10517	12583
404	1.0	414	665	845	3623	4176	5187	5875	5924	6583	7049	7119	7714	8966
405	1.0	7096	8515
406	1.0	316	1590	2937	3136	3159	4631	5117	5231	5886	6087	7207	7937	8110	8208	8570	8886	9522	9524	11414	12058
407	1.0	761	6911	10667	10857
408	1.0	5660	7859	12183
409	1.0	1042	2231	4423	4783	4984	6402	7046	8806	8843	10224	10276	11890	12047	12586
410	1.0	1161	1852	3432	6339	6825	6957	7827	7931	8189	8566	10021	12222
411	1.0	2871	4463	6088	6449	6790	7473	8361	8896	11251	12385	12544
412	1.0	2355	2671	2900	3633	4950	5880	5960	6361	9122
413	1.0	207	470	631	682	3337	3437	4888	7259	7351	7553	7885	8482	8585	8698	9060	10123	11707
414	1.0	1243	1344	2566	3881	4752	4981	6207	6834	7168	8167	9326	12266
415	1.0	685	1077	2655	2792	3261	3421	3477	4079	4080	4161	5233	5385	5769	6513	6620	6729	7405	7521	7656	7758	7875	8259	8817	8953	9427	9950	10020	10288	10949	10956	12254
416	1.0	3708	5816	8580
417	1.0	165	369	859	1221	1333	1418	1484	1763	1799	1834	1847	1863	2011	2057	2131	2134	2171	2229	2588	2654	2688	2731	2912	3207	3287	3316	3621	3745	3860	3893	4051	4065	4221	4410	4683	4900	4987	5199	5240	5615	5631	5638	5725	5829	5840	5851	5854	6072	6095	6263	6301	6489	6549	6552	6659	7211	7335	7514	7629	7718	7817	8077	8190	8300	8381	8402	8509	8867	8941	8985	9059	9152	9301	9608	9659	9695	9749	9830	9961	10061	10072	10233	10814	10962	10983	11058	11109	11170	11210	11477	11637	11821	11920	12041	12155	12293	12328	12444	12483	12574
418	1.0	280	957	2407	5132	5293	5771	8149	10223	11018	12465
419	1.0	333	958	1185	1661	1848	2376	2985	2999	3558	3886	4230	4369	4668	5582	5696	6303	6343	7672	7721	7865
420	1.0	1364	1540	2606	4968	5627	7425	8147	8824	11313	11865
421	1.0	1025	2161	3768	4983	5134	5743	6236	7564	7952	10041	10512	12537
422	1.0	1556	1901	2008	4635	5291	6983	8925	9190	9878	10038	10118	10536	11148	12232
423	1.0	171	400	493	508	969	1286	1470	1875	2023	2404	3161	3627	4004	4500	4543	5249	5357	5739	5979	7821	8144	8565	8616	9271	9307	9365	9725	9844	9962	10624	10794	10825	11308	11628	11840	12074
424	1.0	132	351	481	876	3150	6967	9732	10446	12161	12205
425	1.0	808	2295	3040	3927	3978	5243	6119	6712	7340	8082	9263	11786	12054
426	1.0	716	1092	2894	2977	3141	4967	5173	5823	6839	7401	7519	8737	8916	12033
427	1.0	47	6289	6679	7780	8543	8964	9486	9710	10114	10570	11186	11556	11630	12495
428	1.0	85	324	1904	2448	2669	4940	6310	6796	7171	9179	9836
429	1.0	113	159	931	1198	3129	3315	3913	4674	4865	5279	5404	5966	6238	7908	8117	8344	8744	10625	12036	12120
430	1.0	5936	7113	7763	8793	11526
431	1.0	2362	3454	3905	4261	6836	7442	7631	7910	7976	8081	10708	12042
432	1.0	4048	9135
433	1.0	1239	1670	5163	5748	6000	6954	7998	8272	10399	10944
434	1.0	1371	2774	11535
435	1.0	2549	2875	4237	7547	10643	10871	10903
436	1.0	627	1058	1170	1870	1974	3048	4217	4299	5150	5366	6052	6117	6573	6842	7367	8063	8172	8437	8819	9771	10409	10558	10614	10662	11302	12166	12285
437	1.0	2373
438	1.0	3935	4592	4732	4990	6512	6715	7579	9890	11350	11943
439	1.0	1386	3909	4970	5608	9842	10417	10824	11296	11721	12082
440	1.0	654	7997	9996
441	1.0	51	410	1301	2051	3657	4142	4504	4517	6367	6684	8107	8992	9285	9876	10377	11528	12260
442	1.0	2324	3155	8373
443	1.0	1977	4769	7599	10000
444	1.0	3058	6833	8919	9531	10186
445	1.0	759	3587	7131
446	1.0	2765	3181	3749	4087	6044	6120	6818	7653	8466	8535	8790	8972	9056	10882	11083
447	1.0	3890	4575	6012	12051
448	1.0	717	1171	2681	3211	3877	4405	4731	4779	4880	5180	5329	6049	7800	8739	9034	9389	9684	11898	11978
449	1.0	77	772	2283	2545	2628	3790	4870	5634	5764	6360	8511	9630	11025	11553	11685	11893
450	1.0	1504	1554	1566	1567
451	1.0	477	670	2375	4130	5678	6019	9137	9551	9606	9692	10027	10968	11343	11744
452	1.0	2848	5009	7486	7743	11979
453	1.0	1853	3462	4151
454	1.0	465	617	1202	2024	2209	4303	4601	5467	7194	7737	7804	7840	7863	8709	8743	10739
455	1.0	265	329	825	2038	2479	3370	3868	6027	6494	6971	7708	8607	8696	9804	10190	10698	11328	11574	12364
456	1.0	906	1288	1815	3619	4722	5724	7249	8026	8980	9405	9596	9840	10525	11002	12396
457	1.0	37	728	3114	3573	3685	4719	5010	5114	5434	7900	8348	11430
458	1.0	805	911	3185
459	1.0	5056	9199	11280
460	1.0	218	1859	4874	6484	7700	8914	9511	11459
461	1.0	3679	5710	7097	8175
462	1.0	2689	4811	8862	9114	9657	9848	10264	11736	12312	12370
463	1.0	225	1995	3082	3725	5204	6250	7850	8094	8810	10498	11392
464	1.0	974	1927	2351	3332	3339	3700	4794	4948	6281	6306	10861	10960	11295	12518
465	1.0	441	933	995	1766	1867	2053	2184	2494	2594	2865	3282	3539	5011	6285	6452	6525	6821	7223	7312	7904	8062	8075	8160	8636	9741	10300	11317
466	1.0	6431	6685	11917
467	1.0	796	1622	2263	3110	4745	5003	5126	5202	6794	9783	9891	10501	11930	11942
468	1.0	1585	1944	3134	3368	3595
469	1.0	1699	2542	7607	8773	10004	11358
470	1.0	2222	2230	2889	3003	3068	3504	7345	7436	7507	7605	8567	9264
471	1.0	757	1050	1626	1773	2964	3172	3716	5065	6195	6239	7204	10836	11262	11714	12445
472	1.0	1711	5337	6939	7039	8087	9833	11022	11524	12584
473	1.0	1907	2113	2921	6336	6949	8411	8874	11493
474	1.0	2204	2422	5309	8902
475	1.0	1743	10124	10281
476	1.0	373	610	1431	2567	2897	3409	4212	4314	4624	5480	5799	7874	8339	8394	10358
477	1.0	118	203	394	1039	1807	2823	2923	5074	5794	7019	7056	7128	7142	9822	10865	11682
478	1.0	3912	11265
479	1.0	5041	5849	6384	8713	11859
480	1.0	22	1174	2412	2997	3288	4822	5397	7963	9548	10440	11470	11474	12228
481	1.0	1348	3242	6070	7015	7241	9793	9859	10384	11969
482	1.0	4421	9098	9325
483	1.0	15	274	1524	2298	2907	5078	6523	9182	9965	10529	11492
484	1.0	250	327	1942	2098	2430	2827	2840	2972	3139	3191	3605	3779	4071	4120	4402	4716	4816	5255	5267	5801	5909	6016	6366	6565	6975	7227	7572	7584	8293	8606	8782	9002	9321	9724	9862	9931	10450	10554	10846	11232	11722	11773	12142	12196
485	1.0	278	870	1235	1518	3447	3556	4545	4633	5143	5185	5462	6292	9640	10319	12286
486	1.0	3810	3843	6365	6661	8074	8827	9268	9651	11345	11349	12198
487	1.0	4860	9046	9462
488	1.0	263	518	736	857	1988	2081	2104	2528	4309	4516	5053	5063	8266	8750	8967	9650	9660	10035	10172	10478	10559	10699	11007	11072	11145	11390	11873	12064	12112	12221	12324	12331	12479
489	1.0	1229	1363	3020	3875	5127	5819	6536	7770	8675	10793
490	1.0	2994
491	1.0	1619	1786	2615	3209	5161	5401	6350	7118	8852	11967	12032
492	1.0	168	208	2130	3128	4243	6988	8174	8478	9283	10132	10563	11361	11491
493	1.0	743	1075	1509	1637	1742	2220	3625	3758	5159	5422	5538	5885	6673	6754	7427	7725	7742	8558	9045	11400	12251
494	1.0	1151	3970
495	1.0	497	714	852	1756	4123	5971	8990	10250	11622	12220	12456
496	1.0	494	3996	5701	5908	6394	7114	8000	9637
497	1.0	1655	1860	5383	8572	9195	9225	9604	11448	11689	11814
498	1.0	1259	6735	9788
499	1.0	2793	3525	5964	6091	6793	8194	8786	11100	11466	12121	12575
500	1.0	478	677	722	798	1889	2839	3597	4886	6029	7247	7310	7484	10218	10982	11005	11127	11195
501	1.0	9752	12307
502	1.0	5504	5655	10248	10249	10782
503	1.0	11	1378	1917	3292	3408	3616	4238	4733	5353	6977	7221	8710	8926	9070	12124
504	1.0	2737	4328	4382	5058	5089	8006	8270	8316	9359	10050	10889	11975	12333	12503
505	1.0	2762	3199	8948	10632	10640	11665	12379
506	1.0	450	769	1730	1812	4415	5232	5902	6696	6751	8380	9733	9954	11006
507	1.0	312	1424	2001	2367	4154	12185
508	1.0	1325	2319	2657	5656	7769	8302	10131
509	1.0	4308	6080	6568	6714	10099	12072
510	1.0	445	2289
511	1.0	45	211	1208	1307	7860	11306	11354	11734	12083
512	1.0	1503	1922	3014
513	1.0	2860	3130	4651	5443	5848	6597	9942	10211
514	1.0	3250	4618	5808	6318	6643	7287	7562	7966	8321	9028	11187	12329
515	1.0	1460	2083	2626	2988	4206	5677	6740	6884	6889	7415	8745	8943
516	1.0	1268	1916	6691	7144
517	1.0	2547	5289	5572	5733	8812
518	1.0	3341	5518
519	1.0	786	1337	2906	3022	3864	6514	8929	9237	9795
520	1.0	831	2410	7298	8392	9386
521	1.0	298	6850	6920	8628	8833	10722
522	1.0	454	966	1172	1203	2590	3379	6280	6635	9435	12017
523	1.0	3079	3385
524	1.0	4001	8452	11803
525	1.0	532	666	1057	1521	2037	2394	5611	5706	6122	6817	7245	7254	7663	8106	8485	8860	9457	9516	10158	10717	11250	11702
526	1.0	1031	1517	2347	7055	8227	8341	8678	8988	10888	11190	12200
527	1.0	941	999	1053	2188	3221	3395	3576	4782	4797	4973	6194	9619	10269	11908	11952	12007	12015	12337
528	1.0	92	254	4902	4937	6539	7079	9052	12109
529	1.0	479	1133	2809	8546	10075
530	1.0	528	968	994	3848	5128	6354	7108	7276	7828	9647	11576
531	1.0	649	723	1146	1242	2369	2532	3017	3782	4150	4195	5050	5224	5787	5860	5991	6208	6521	6652	6669	6814	6900	7032	8550	9242	9687	9904	10581	10615	10852	12395
532	1.0	1153	2652	3131	3326	3356	4233	4661	6248	7122	8584	8720	8861	10084	10504	10623	11046
533	1.0	2440	2661	2701	5121	5192	5658	8955	9007
534	1.0	9041	11860
535	1.0	5	213	1277	1331	1624	1823	2149	2781	2908	3521	3941	4098	4147	4266	4448	5182	5532	5650	5672	5691	5694	6102	6129	6196	6233	6609	6631	6968	7688	7822	7826	7969	8005	8183	8298	8524	8912	8956	8997	9566	9664	9680	10026	10366	10436	10463	10666	10987	11027	11179	11185	11629	11753	11888	11907	11939	12151	12486	12508	12563
536	1.0	367	971	1400	2656	3793	4688	10378	10495	11429	12450
537	1.0	1810	1887	2525	6338	6551	6575	7902	9609	11688	11913
538	1.0	2572	3232	6966	8003	8945	9319	9658	11013
539	1.0	50	73	2033	3824	4280	4632	5486	5776	5807	6279	7636	9691	9923	10054	11911	12127
540	1.0	4889	5492	12103
541	1.0	566	597	1294	1578	1745	3575	4370	5503	7501	8520	8608	8611	8692	11004	11509	11705	12276
542	1.0	20	1864	2490	4092	4445	4977	5428	5432	5783	5811	6304	6879	7074	7690	8548	9006	9953	10449	10520	10568	11029	11117	11260	11335	11567	11957	12404	12492
543	1.0	735	2116	3799	4020	4484	4649	4698	5258	7045	7058	10979	12452
544	1.0	419	1865	3243	4808	5379	6672	7787
545	1.0	109	5418	8299	8331	11297
546	1.0	720	1627	2097	2658	3444	3817	7187	7474	9124	9205	12115	12393
547	1.0	3100	6694	9781	10497
548	1.0	2071	2558	4054	4953	5955	9406
549	1.0	9157	12560
550	1.0	651	675	2014	2521	2703	4224	4413	5588	5913	7518	7793	9455	10228	11421	11730	12172
551	1.0	135	5200	6744	7064	7076	7082	7728	8682	9871	10271	10723	11215	11785	12207
552	1.0	149	879	1065	1189	1943	2208	2363	2831	3836	3922	4193	4602	4908	5709	6185	7141	7622	7883	8095	9055	9280	9378	9565	9584	9966	10028	10120	10222	10372	10491	10550	11197	11300	11407	11751	11829	12430	12565
553	1.0	4153	6395	10424
554	1.0	247	1332	1373	1665	4524	6677	8417	9744	10151	10438	10748	11723	12420	12526
555	1.0	1658	6262
556	1.0	4031	9512	12299
557	1.0	5898	6118	6448	8578	11894
558	1.0	1698	4461	5307	5497	10601	11431
559	1.0	346	694	862	4570	5290	6777
560	1.0	424	5072	7169	11901
561	1.0	3025	4097	6277	9290	10683
562	1.0	1018	8133	8928	9956	12050
563	1.0	378	443	937	1128	1343	2883	3219	3731	3967	4479	4712	5214	5303	5416	6256	7766	10716	11538	11717	11790
564	1.0	4669	5779	8497	12322
565	1.0	288	1064	1072	2420	2803	5713	5767	5956	6547	6921	7388	8261	8393	9574	9916	10644
566	1.0	416	529	1534	2281	3438	5325	12341
567	1.0	473	1096	2473	2721	2753	2993	3059	3306	3540	3618	3789	4077	4164	4787	4924	5108	5245	5986	6898	7262	7347	7699	8377	8693	8796	8815	8907	9349	9363	9577	9740	10220	10326	10383	10455	10473	10909	11154	11175	11518	12558
568	1.0	246	1941	5223	7334	7387	9115	10941	12278
569	1.0	9	256	463	1351	1461	2419	2685	2915	3453	4000	4746	5693	6077	9847	10195	10710	10951	10958	11188	11618	12340
570	1.0	946	1107	1597	1979	2290	2916	3178	5447	9436	9474	9875	12162
571	1.0	2664	3035	4965	6276	7303	7440	8123	8613	9217	9219	9248	9347	9921	12304
572	1.0	4798	4972	5507	5903	7213	8998	11211	12128	12571
573	1.0	261	750	1903	2858	4058	4567	8496	10743	11984	12164
574	1.0	2154	4050	6645	10247	11641	11959	11970
575	1.0	6387	6526	8493	10802	12180
576	1.0	360	512	1035	1830	3622	3855	4739	4964	5918	7323	7771	7869	9287	10488	11111	11691	12315	12454
577	1.0	8231	11114	12092
578	1.0	197	430	948	2159	3381	3557	4231	4265	7704	8352	11647
579	1.0	878	2398	2533	4311	5723	9167	9211	9335	10289	12303
580	1.0	1361	1736	2205	3389	4831	5785	6801	7162	7705	8303	8826	9129	10411	10742	11834
581	1.0	6170	8186	10618	11389	12096	12448
582	1.0	6020	8057	8869	10108
583	1.0	143	3037	7284	8274	11410	12086
584	1.0	3212	3835	3871	4390	8441	9053	10154	10323	11583	11625	11988	12009
585	1.0	1574	1884	2330	2638	2666	3179	3262	3572	3631	5780	7057	7813	8764	8871	9315	10287	10725
586	1.0	6710
587	1.0	191	1051	1080	3293	3445	4136	4251	4792	6482	8755	9989	10711	10975
588	1.0	1212	2067	3156	4785	5569	5910	6930	9588	11433	12177
589	1.0	1166	1213	1491	2044	2300	2314	3330	3585	3929	3934	4718	6064	6414	6650	6931	7318	7905	10109	11357	11776
590	1.0	196	659	1404	3791	4298	4911	5500	5526	7370	8152	9839	10348	10405	10508	11456	11658	12400
591	1.0	5899	8115	9381	9914	11420	11749
592	1.0	223	905	925	1152	4820	7445	9037	10911	12070
593	1.0	963	1089	3482	3489	5234	6515	7694	8612	9997	10149	10766
594	1.0	733	1453	1729	2238	2428	2518	2592	2633	3704	3903	3928	4270	4666	5925	6048	7687	7729	8132	8253	8438	9967	10437	11011	11225	11966	12415
595	1.0	2930	3005	3876	4614	4634	4857	5268	5641	6133	9360	9430	10192	11107	11511	12144
596	1.0	1211	1354	1466	1537	5048	5439	5460	6362	6623
597	1.0	362	626	3491	4511	6941	7906	8729	10290
598	1.0	344	4599	5169	6739	7810	8650	9503	11183
599	1.0	1450	1779	2557	3105	8648	9852	10433	10448	12272
600	1.0	1496	1928	2041	3760	6497	11825	12194
601	1.0	3726	5362	9539
602	1.0	426	1890	3559	5341	6270	7269	9998
603	1.0	314	322	884	2380	3604	3659	3829	4772	5282	5477	6958	6982	7406	7555	7620	7711	7894	8093	8108	8325	8514	8603	9302	10214	10915	11510	11993	12003	12084	12437
604	1.0	1056	3613	4101	4115	4225	4333	4915	5300	5759	6373	6823	6853	7219	7892	8112	8656	8658	9563	9911	10173	10357	10830	10905	11098	11226	11644	11989	12238	12451
605	1.0	305	1136	5782	8427	8529	11246
606	1.0	393	799	1990	3689	6510	7189	7216	7677	8879	9369	9897	10471	11240	12175
607	1.0	106	1548	1671	2094	2393	2896	3502	3565	4554	4846	5042	5060	6670	7085	9253	9267	10155	10799	10862	11363	11439	11503
608	1.0	469	590	910	1487	1911	2109	2207	3611	3713	5649	5796	6779	7701	9068	9120	10646	11263	11276
609	1.0	107	202	1394	2203	2522	3750	3973	4403	4577	4760	5726	5752	6123	6135	9099	9149	9356	10360	11158	11378
610	1.0	234	909	2356	3588	3596	4108	5403	5945	8138
611	1.0	9969	11462	11915	12249
612	1.0	98	136	287	877	934	988	1040	1236	2196	2381	2563	2632	2965	3263	3300	3467	3780	3932	4757	5215	5286	5370	5478	5583	6214	6355	6381	6399	6595	6859	7752	7781	7832	8157	8233	8357	9061	9304	9445	9513	9679	9926	10182	10631	11055	11062	11168	11333	11813	11820	11900	12049
613	1.0	1375	1794	3638
614	1.0	226	2752	3811	7862	11417
615	1.0	18	392	2458	8759	12133
616	1.0	260	2953	3818	6391	10115	11759
617	1.0	3108	3503	3931	5219	5985	6074	6546	6974	8210	9374	10934	11184
618	1.0	3369	6979	7779	8451	8900	10213	11118	11872
619	1.0	993	3433	3872	3993	4056	4819	5109	7173	7673	7993	10317	10590	10707	11326	12000
620	1.0	110	2374	4541	7552	8109	8440	9265	9870
621	1.0	125	1098	1258	1449	2194	2577	2670	2712	2877	3311	4609	4658	4912	5334	5373	5670	5686	6485	6530	7627	7744	7848	8061	8196	8555	9180	9498	9605	9776	10656	10897	11362	11457	11663	11762	11884
622	1.0	5557	7823	10993
623	1.0	1192	1357	1983	2801	3234	3253	3290	3302	3399	3923	3948	4679	5563	5838	6097	6432	8049	8069	8126	8512	9766	10129	11093	11406	11619
624	1.0	2353	6145	6764	10333	10713	12055
625	1.0	2604	3870	4506	6721	7399	10352	10913	11204	11623
626	1.0	1468	2078	3078	3324	4277	5175	5464	6548	6750	7919	8084	9289	10298	10534	11206	12156
627	1.0	272	321	821	2118	2389	3794	5445	6261	7183	7423	7927	8918	8969
628	1.0	1643	7516	8927
629	1.0	961	1776	4326	7606	9370	12184	12427
630	1.0	93	943	1769	7008	7023	7679	8239	8863	11039	12137
631	1.0	1839	4522	7349
632	1.0	1506	3639	8621	11020	11110	12173	12338	12439	12516
633	1.0	189	867	975	2223	2259	2959	3335	3524	3800	4089	4132	4180	4845	4852	5864	6045	6616	6866	7326	7911	8134	8420	8626	9401	9613	10256	10318	10670	10926	11443	11824
634	1.0	924	4337	5622
635	1.0	4905	5392	7549	8045	8802	8954	10538
636	1.0	6718	6917
637	1.0	4433
638	1.0	33	180	237	286	396	551	711	774	781	837	960	1197	1347	1713	1806	1997	2054	2248	2297	2343	2602	2697	2853	2975	2986	3707	3865	4213	4315	4726	4832	5090	5312	5552	5961	6132	6227	6327	6615	6815	7414	7509	7709	7960	8088	8125	8130	8171	8322	8454	8527	8785	9128	9158	9163	9215	9300	9538	9697	9873	9944	9968	9990	10116	10170	10312	10356	10732	11064	11074	11075	11124	11200	11217	11312	11486	11546	12062	12188	12224	12242	12401	12511	12554	12564
639	1.0	5731	8981	12264
640	1.0	1682
641	1.0	830	2974	4163	4497	5493	7258	8386	9261	10119	11095	11726
642	1.0	1276	1599	2360	3088	8568	10032	12485
643	1.0	285	1261	1845	2695	3090	3340	3532	3963	4639	4848	4994	5871	6246	6625	8418	9797	10095	10346	10539
644	1.0	296	1429	2358	4083	5071	6205	6212	8424	8776	8804	9721	10209	11365	12030	12377	12548
645	1.0	241	489	785	1428	5327	6109	6464	6675	7127	7149	8654	9021	10011	10621	10943	10996	11193
646	1.0	384	824	1021	1232	1256	1675	2537	2553	2614	3126	3247	3671	4152	4366	5013	6096	6291	6509	6678	6894	7059	7671	7843	8218	8421	8820	8950	9017	9310	9739	9777	9887	10460	11838	12019
647	1.0	123	496	903	3218	4363	5601	6772	8178	10066
648	1.0	577	719	900	1630	1755	1880	2457	2507	4091	4178	4249	4540	4893	5346	6315	6458	6559	7761	7849	8695	9104	9602	9756	10587	10642	10843
649	1.0	1384	1617	3142	4160	4483	6596	7280	7463	9097	9992	10421
650	1.0	1287	2699	3440	5793
651	1.0	2005	3279	6284	7795	12195	12436
652	1.0	219	1368	2340	2415	4728	5946	8211	8501	10434	10855	10891	11700	11817
653	1.0	676	6770	8905	9223	12239
654	1.0	3230	5321	5889	11198
655	1.0	2069	2492	2634	2927	3762	4659	5227	5304	5310	5844	6586	7331	7418	7648	7734	8264	10691	10940	11305
656	1.0	4409	5297
657	1.0	347	609	619	1415	1573	1579	1616	2047	2812	2833	2926	2939	3036	3759	5446	5499	6893	8432	10126	10680	11045	11108	11285	11444	11653
658	1.0	6674
659	1.0	192	588	758	843	865	1205	1430	1715	2442	2596	3393	3966	7655	7736	8947	10206	10475	10961	12256
660	1.0	383	782	1395	2101	3838	4124	4603	4776	9111
661	1.0	932	2746	2795	3171	3349	3485	3496	3536	4037	4207	4361	5476	5715	5916	6005	6200	6349	6918	7065	7209	7824	8791	9047	9709	10145	11709
662	1.0	1822	2413	2470	2581	3091	3528	5054	5059	7319	8765	12394	12458
663	1.0	12111
664	1.0	2142	3883	5668	6960	8054	9000	9377	10635	11219	11713	11932
665	1.0	5027	10221	12491
666	1.0	725	773	3976	4515	7103	8414	10694
667	1.0	543	989	1175	1856	2201	2989	3102	3696	3964	4607	5549	5802	6445	6453	6517	6529	7273	7309	7336	7808	7811	7829	8090	8704	10361	10819	11084	11113	11727	12283	12484
668	1.0	120	356	1352	1996	2361	3590	4894	5012	5907	6098	7657	8395	9685	11131
669	1.0	1141	1577	1824	3176	5115	11268	11484	12360
670	1.0	124	330	404	673	1649	2837	3187	3862	4323	4645	4946	5461	5934	6413	6558	8491	9102	10091	10207	10734	11151
671	1.0	752	1443	1588	4111	4356	4452	4454	4485	4882	5110	5330	5606	5948	7332	8097	9091	9282	9591	9758	9881	10401	10477	11380
672	1.0	408	574	795	1570	1961	2642	2995	3569	3660	3804	4144	4576	5751	6197	7001	7420	7642	7877	8098	8288	8307	8646	9400	9506	9527	9885	10696	10845	11579	11648	11711	11823	12587
673	1.0	162	523	1102	1908	2077	6563	7429	7539	9160
674	1.0	14	17	224	370	372	395	515	564	756	778	908	1292	1345	1490	1591	1817	2091	2145	2286	2325	2607	3008	3184	3425	3664	4293	4349	4558	4842	4935	5273	5311	5495	5517	5520	5663	5954	6006	6576	6698	7226	7250	7517	7543	7799	7837	7855	8038	8184	8281	8574	8601	8633	8661	8868	9423	9661	9762	9774	9899	10085	10343	10386	10439	10746	11348	11549	11698	11841	11944	11971	12016	12300	12314	12320	12501	12531
675	1.0	452	584	1811	2035	2050	2173	2720	2903	3351	3878	5474	5995	6149	6178	7020	7073	7411	7479	8442	8753	9082	9181	9249	9345	9586	10045	10418	11071	11754	12204	12363
676	1.0	129	669	748	964	1230	2004	2587	3097	3251	3497	3560	4306	4596	5139	5716	6359	6507	7050	7540	8159	8180	8285	8469	8975	9020	9789	9855	10181	10297	11139	11603	11699	11886	12139	12306
677	1.0	1300	1882	4121	4146	4321	6055	6187	7395	9042	9854	10252	10481	11244	12106
678	1.0	41	980	1055	1132	1219	2043	2515	3305	3310	3363	3446	3472	3553	3567	3858	3869	3889	4057	4552	4606	4655	4766	4809	4881	5471	5501	5673	5958	6128	7071	7452	7571	7585	8176	8526	8595	9226	9233	9250	9394	9428	9666	10194	10542	10582	10692	10821	11912	12022	12025	12190
679	1.0	248	7815	9964
680	1.0	137	1919	2603	5064	7558	9058
681	1.0	355	775	929	1693	1975	2493	2674	3571	4625	4693	8752	10671	11740	11793	11905
682	1.0	9919	11255	11684
683	1.0	2125	6317	7225	7639	8717	8808	8932	8957	9841	9864	10161
684	1.0	897	2031	2687	2758	2868	5524	7196	7386	8901	9700	11811
685	1.0	2576	4450	9038	9276	10055	10465	11642
686	1.0	160	1130	1280	3529	3852	5487	6564	7618	8113	10869	11416	12343	12411
687	1.0	40	130	917	1183	1365	1796	1948	2059	2366	2482	3231	3419	4062	4229	4259	4380	4526	4824	5876	5969	6148	6488	6980	7482	7685	8256	8878	9092	9214	9422	9515	9939	10487	10923	10935	11015	11600	11763	11903	12005	12057	12060	12267
688	1.0	365	793	1123	1194	1641	1674	1986	3283	4228	4744	4759	6912	7124	7510	7750	9079	9168	9336	11112	11614	12102	12316
689	1.0	655	1215	1746	2086	2416	2505	2807	3371	3636	3694	5167	5318	7034	7067	7328	8154	8173	9334	9412	9421	9497	10349
690	1.0	423	453	1138	1328	4029	4471	4507	5466	5620	5927	7021	7120	7256	7594	8832	9745	10231	10660	11530	12372
691	1.0	638	1750	2176	2966	5587	5965	9465	10461	10785	11428
692	1.0	712	794	1397	1563	1726	2026	2732	6888	7720	7913	8070	8690	9849	10313	10700	10927	11983	12201	12290
693	1.0	1026	4197	4523	4755	4923	6959	7014	8021	8582	8716	11516	12215
694	1.0	216	257	435	604	642	1000	1850	2506	2917	3033	3274	4400	4520	4835	4931	6272	6468	7077	7145	7686	8329	8590	9632	10014	10492	10706	10910	11519	11798	11927	12080	12179	12308	12464
695	1.0	1005	1101	1467	3400	5026	5754	7013	8353	9667	11031	11147
696	1.0	1998	4486	6288	7664	7836	8085	8910	11697
697	1.0	418	2767	5666	5803	12497
698	1.0	3702	7083	11708
699	1.0	105	455	788	913	2012	2619	2739	6017	6050	6878	7582	8974
700	1.0	4245	6024	6143	7496	8638	8807	10933
701	1.0	3442
702	1.0	354	1559	3452	4765	5154	5640	7355	7935	8273	8349	9296	11291	12091
703	1.0	873	5513	7397	8265	9316
704	1.0	342	895	1405	3451	3786	4762	6084	8001	9231	9279	10470	11746
705	1.0	819	1598	1738	2466	2700	5551	5613	6915	6936	7768	12317
706	1.0	415	760	1614	3245	3863	5228	5575	9798	9872	9908	10562
707	1.0	579	861	2855	2979	3143	3831	4993	5534	6275	6294	6798	6896	7051	7136	7327	7446	7760	7984	8727	8781	8917	9293	10330	10393	10578	11012	11289	11566	11765	12438
708	1.0	1315	1551	2830	3080	3508	3842	4437	4473	4847	5086	5427	6325	6326	6952	7115	7365	7774	7775	7982	8019	8455	8965	9889	10344	11103	11667
709	1.0	206	1094	1269	2241	2723	2771	2841	5082	6083	6435	6951	7435	7438	7610	7702	8225	8399	8660	8983	9170	9343	10526	10992	11076	11668
710	1.0	531
711	1.0	485	1037	7925	8768	10715	11496
712	1.0	2009	4013	10840
713	1.0	724	1116	2135	3018	5124	7490	9155	9417	10573
714	1.0	1775	3624	3833	4460	6061	7263	9929	12280	12510
715	1.0	249	5805	5881	5942	8370	10295	12507	12534
716	1.0	1396	2214	12566
717	1.0	1966	3331	3612	5778	7917	8468	9888	12160	12226
718	1.0	446	9806
719	1.0	595	1735	1965	1985	2775	3120	3584	4119	5343	5826	6386	6843	7084	7944	8569	9221	9587	10052	10175	10314	11655	11724	12551
720	1.0	291	1156	2575	3806	5264	6312	6760	7762	8409	9030	9635	11212
721	1.0	592	3111	6783	10253	11091	12509
722	1.0	4875	7081	8962	11050	11885
723	1.0	173	1353	2280	2639	3109	3373	3778	4621	4748	7182	7224	7342	10807	11822
724	1.0	1635	2099	2485	3056	3227	4032	4216	5033	5244	6025	6567	6723	7179	8059	8506	9297	9625	11236	11282	12117	12294
725	1.0	3061	4288
726	1.0	874	10078
727	1.0	1169	2141	4179	4202	4559	5419	9607	9648	11634
728	1.0	2179	4851	5045	5229	5647	6807	6835	7253	7650	8039	8498
729	1.0	320	2150	3801	4187	8923	9096	10560	11945	12029	12150
730	1.0	204	653	921	1061	1066	1413	1981	2163	2260	3501	4408	5001	5531	7941	8374	9553	10183	10651	10677	11830	12374
731	1.0	1109	1218	3984	4360	5847	9150	10036
732	1.0	19	1964	2579	3067	3703	6483	6633	7007	7121	7746	9528	11940
733	1.0	210	3043	3148	5536	6987
734	1.0	1558	7133	8635	9529	10076
735	1.0	12	3167	10291	10858
736	1.0	596	1111	1266	1290	1659	1893	1962	2042	2174	2544	2562	2637	3642	4362	5148	5191	5449	5506	6066	6439	6862	7200	7443	7967	8751	8903	9402	9407	9544	9683	10474	10510	10957	11121	11290	11571	11960	12292	12505
737	1.0	3193	4431	4743	5625	11411
738	1.0	2338	3154	3362	4671	7240	8749	9532	10792
739	1.0	3208	3730	4585	5378	5652	5930	6785	7583	7864	8146	8262	9358	9617	12461
740	1.0	1002	2946	5098	5883	8289	10954
741	1.0	2998	6334	8477	10309	11636
742	1.0	238	407	432	801	1793	1896	2445	2468	4680	4932	7040	8375	8600	9610	9857	10679	11562
743	1.0	2983	7968	9502	10685	10938
744	1.0	546	1019	2322	2477	4222	4629	5592	10160	10274	12040
745	1.0	587	2636	3127	3360	3755	3854	4292	5688	10870	12559
746	1.0	625	816	6828	11372
747	1.0	155	656	1565	1680	2559	2976	3270	3785	9156	9863	10482	11137
748	1.0	1629	1663	2496	3289	4075	4770	7268	8122	8599	9440	9853	10305	10320	10379	10690
749	1.0	1552	3513	4922	5354	6290	6531	7922	9730
750	1.0	295	1909	2271	2291	3296	3792	4872	4996	5637	5981	6382	6502	6646	6668	6992	7033	7439	8267	8403	9974	10805	11104	11488	12021	12048
751	1.0	514	1356	1668	1940	2463	6733	10122	10199	11839
752	1.0	506	916	1322	1843	1929	2022	2058	2714	2756	4025	4118	4191	4244	4336	4562	4711	5016	5349	6103	6392	6906	7316	10665	11938	12349
753	1.0	751	1008	4173	6075	8055	8148	8592	9759	10791
754	1.0	294	945	1533	1664	2565	2971	3039	3049	3092	6058	6259	6682	7043	7527	8284	8597	8845	9327	9585	9677	9883	10703	10929	11069	11408	11527	11690	11972
755	1.0	709	883	1249	6938	8639	9352	9364	9444	9811
756	1.0	0	169	199	572	809	1270	1569	1606	1631	1818	2730	2850	3070	3275	3426	3586	3859	4267	4871	5153	5241	5685	6181	6299	6305	6577	6603	7674	7833	8032	8406	8813	8846	10001	10064	10166	10745	11010	11053	11057	11133	11369	11382	11870	12099	12236	12429
757	1.0	36	6323	6822	7302	8758	9121	9194	9719	10100	10200	11586	11807	12555
758	1.0	2409	3343	7278
759	1.0	1589	4343	4839	6063	9846
760	1.0	86	1895	6788	11866
761	1.0	269	275	524	548	1207	1568	1748	1970	1973	2227	2335	2828	3223	3240	3281	3353	3822	4035	4199	4264	4569	4660	4829	4904	5157	5176	5179	5481	5614	5999	6217	6223	6353	6401	6506	6851	6973	7107	7244	7291	7447	7500	7662	8066	8142	8198	8453	8598	8664	8702	8841	9200	9426	9665	10162	10322	10334	10468	10476	10535	10561	10864	11120	11221	11366	11387	11951	12046	12326
762	1.0	127	1149	6611	7029	7154	11902
763	1.0	1758	1939	3029	3606	4082	4571	4699	6043	6996	8065	9027	10709
764	1.0	70	2934	3563	4137	4419	6258	9425	10254	10989
765	1.0	1841	4312	7735	8364	9077	9295	10416	11479	11809	11964	12225	12309	12474
766	1.0	104	1423	1828	2902	3456	3554	4254	5340	9015	12038
767	1.0	8405	12044
768	1.0	569	616	2949	3920	4438	5188	6112	8632	9322	10022	10784	12403
769	1.0	279	505	688	1071	2499	3574	6021	6995	9139	9232	9922	9946	10059	10380	10780	11801
770	1.0	541	667	1672	2074	2136	3676	3851	4627	5470	5662	5951	7150	7502	8576	9978	10664	11125	11710
771	1.0	270	585	2076	4371	6944	8318	10895	11547	11867
772	1.0	26	3505	3511	7464	9449	11339	11552
773	1.0	1063	1106	1410	1836	2385	2824	2882	3151	3348	3654	4544	5607	5700	5770	6438	6561	7266	7353	8317	8434	8460	8714	8963	9735	9898	10604	10738	11501	11806	12077	12375
774	1.0	116	475	2869	3458	5136	5381	9824	9918	10112	11520	11715
775	1.0	1519
776	1.0	466	511	1129	1308	1906	2278	2940	4215	4573	5119	7669	9674	11281
777	1.0	91	1144	1683	2433	4898	6570	6707	6963	9311	9882	10325	11674
778	1.0	731	771	2446	6004	6171	7006	7457	11879
779	1.0	2716	3166	4896	6001	6082	9999	10879	12020	12078	12471
780	1.0	6831
781	1.0	3765	6614	8249	8685	9780	9981	10204	11224	11639	11864
782	1.0	5629	8195	8423	12380
783	1.0	121	299	841	1611	3095	3422	5603	6198	9162	9390	9751	9991	11049
784	1.0	1416	3971	4432	7151	9779	11061	11733
785	1.0	519	851	2887	2991	3317	4076	4873	6379
786	1.0	345	3055	3499	4594	6240	6713	6778	8002	9485	10672	11019
787	1.0	1676	2080	6795	7037	10588	11299
788	1.0	4910	6188	9313	11976
789	1.0	273	332	371	713	817	1476	1816	2103	2386	2484	2646	2796	2799	3197	3418	3538	3682	3808	3958	4012	4209	4508	4597	5210	5367	5570	6210	6371	6403	6660	6704	7025	7632	7999	8127	8202	8209	8310	8556	8823	9239	10351	10373	10432	10599	10619	10620	10812	10930	11048	11381	11502	11565	11676	11738	12197	12245	12365	12515
790	1.0	65	4159	7230
791	1.0	4841	4926	5389	6621	7812	8009	8748	9197	9521	11968
792	1.0	644	1732	5039	7973	12356
793	1.0	467	820	1790	2084	2095	2096	4088	4833	6076	7432	9275	9763	10652	12289
794	1.0	236	328	549	1862	2820	3222	3380	3406	3411	3601	3630	4593	4642	4795	4840	5006	6422	6591	7987	9074	9188	9191	9704	9748	9945	10342	10629	10658	11077	11660
795	1.0	1529	7002	9266	9627	10452	10577	11851
796	1.0	425	1803	2870	4862	5947	7398	8541	8835	10148	10648
797	1.0	970	1029	1553	1832	2239	3620	4775	4960	6192	6268	6337	7597	7926	8244	8366	8510	10945
798	1.0	687	811	1708	1902	2065	2741	2909	2913	3065	3463	3882	4689	6375	7190	8703	8949	9379	9549	9850	9858	10238	10673	10729	12088	12277
799	1.0	1821	3004	3649	4531	12386
800	1.0	468	599	691	797	836	923	1196	1607	2425	3053	3509	3965	3987	4182	4257	4938	5002	5103	5178	5766	6415	7924	8839	9040	9323	9727	9884	10113	10797	10973	11129	11652	12153	12476	12496	12557
801	1.0	1306	1800	2516	3254	3366	5038	5721	5922	6335	6406	6747	7839	9176	9554	11914	12288
802	1.0	436	1441	2449	3163	3238	3579	3643	4005	4804	5386	5429	5866	6331	6895	8102	9810	10893	11036	11533	12336	12490
803	1.0	25	1158	1621	2249	2315	2692	2734	2866	3834	3846	3986	4006	4174	4411	4434	4956	5458	5533	6011	6022	6086	6160	6222	6405	6442	6838	6867	7180	7285	7525	7692	7954	8099	8326	8605	9286	9393	9616	9742	9892	10089	10548	10598	10778	11167	11419	11608	12235
804	1.0	1154	1721	2645	3074	3593	4007	5465	5775	6121	6142	6225	8763	9075	9107	9131	9198	9765	9866	9886	10168	10187	10447
805	1.0	1608	1695	4181	4641	4697	6030	6469	8787	8897	10774
806	1.0	148	868	2082	2495	2910	5022	5359	5659	6033	6465	6999	7957	8016	8166	8471	8822	10267	10515	10586	12085
807	1.0	1797	9988	12056	12158
808	1.0	138	701	1323	2829	3266	3510	4289	4799	5068	7992	9132	11163	11404
809	1.0	598	940	5984	6592	7237	10853	12250
810	1.0	1393	2421	3268	4232	5100	5962	7444	7601	8552	9220	11646
811	1.0	1227	3680	4183	9688	11848
812	1.0	178	2564	2648	2892	3069	4590	4884	5669	5712	5735	5890	6762	8671	9057	10790	12409
813	1.0	80	319	987	1385	1406	1801	2039	2306	2568	3940	6819	8522	9273	11779	11792	12110
814	1.0	4810	6604	6638	8697	12257
815	1.0	790	802	1688	1971	2112	2198	2455	2891	3220	3378	3517	4078	4514	4676	5222	5358	5581	6226	6460	6574	6741	6882	7139	7274	7373	7374	7878	8199	8378	9153	9431	9621	10215	11247	11436	11554	11564	11842	12104	12187	12550
816	1.0	1391	6364	6428	8008	9178	12234	12529
817	1.0	814	1121	1692	2465	2952	3066	3561	3938	5193	5975	7047	7066	7683	8502	9229	9354	10965	11833	12493
818	1.0	692	3060	5088	6802	8297	8342	8931	11434
819	1.0	31	672	681	1592	2311	2593	4203	4239	4256	4305	4475	6162	6235	6447	6471	6810	7499	8345	8818	9171	9429	9487	10721	11352	11569	11827	12502	12504
820	1.0	5019	5530	6503	6786	8379
821	1.0	1412	2757	12275
822	1.0	1483	3821	4707	8968	9948	9994	11241	11575
823	1.0	385	718	9775
824	1.0	10039
825	1.0	2	374	542	734	1140	2257	2450	2899	3030	3146	3427	4070	4388	5596	5923	6641	7920	7971	8701	9062	9094	9642	10771	11214	11555	11998
826	1.0	79	1135	2064	2745	4568	5564	6376	7956	10576	10901	11099	12013	12568
827	1.0	628	780	783	1458	1677	1777	4066	4353	4560	7393	8795	8805	8831	9224	9404	11661	12570
828	1.0	133	1355	2189	2321	3352	4677	9468	10612
829	1.0	200	1020	1082	1538	2401	4456	4490	5217	5280	8313	10272	11812	11857
830	1.0	589	853	2273	5740	5935	6473	6970	7544	8304	8350	10904	11861
831	1.0	3	56	668	1999	2317	2480	3423	4170	4708	6566	7346	7723	8889	9298	9729	9843	10107
832	1.0	440	2218	4539	4654	7235	9958	11611	11771	11991	12580
833	1.0	1168	2025	2783	3880	4690	8105	9861
834	1.0	2815	6463	8659	11585
835	1.0	984	1085	1967	4276	6115	6255	6607	6956	8573	8726	8735	9281	10083	10261	10831	11087	11130	11161	11802
836	1.0	217	611	1246	2400	3398	4052	5017	5070	5164	5528	6224	6554	6780	7783	7928	8101	9026	10251	10997	12284	12561
837	1.0	1714	5209	5519	7408	7493	7854	8047	8448	8483	8547	9495	9877	10381	10406	11162	11737	11808	12157
838	1.0	1282	1340	1485	2541	2613	3570	4024	4039	5052	5320	5553	6451	6562	7184	9715	9799	10369	10820	11485	11777
839	1.0	81	647	1684	3044	3085	3412	3752	3776	3936	5036	5335	7157	8857	10042	10633	11096	12098
840	1.0	979	2164	2443	3229	4929	6216	6457	7890	7978	10403	12230
841	1.0	2510	2534	3284	3583	3771	4817	5959	8544	9095	9337	12459
842	1.0	3417	4352	6904	9523
843	1.0	29	686	1612	1724	1728	2292	3165	3809	4805	4927	4979	7198	8637	9481	10688	11331	11581	12163
844	1.0	282	703	2372	2489	3947	4145	5197	6434	6437	7314	9036	9350	9624	10094	10144	10338	10397	11000	11375	11499	12034
845	1.0	1324	3359	5087	9628	11347
846	1.0	902	1785	3746	10678	10980	12350
847	1.0	684	4982	10363
848	1.0	1222	3743	4014	4021	5681	6743	7881	8164	10569	11469
849	1.0	30	308	1078	1372	1545	1791	1920	1934	2122	2160	3169	3304	3495	4975	4999	6146	6320	6351	6820	7239	7449	7586	8037	8071	8263	9456	9670	10033	10575	10580	11052	12416
850	1.0	364	405	438	696	1734	1923	2536	2776	3647	3667	3715	3740	4685	5299	5364	5610	6553	6687	6767	7362	10490	10545	11155
851	1.0	43	5055	5360	6667	6852	8625	10266	10283	11026
852	1.0	1044	1254	2429	2919	3083	3189	3812	4724	4883	6757	6759	7740	8121	8564	8594	9547	9693	10663	10737	11640	11796	11844	12463
853	1.0	5342	8989	11883	12135
854	1.0	4509	6079	8775
855	1.0	614	3580	3802	3807	6388	6832	11627
856	1.0	2052	3034	3117	4059	4986	5895	8401	8940	9643	9796	10638	10769	11868	12482
857	1.0	368	840	1536	2092	2384	3555	4104	4368	6283	7858	8206	8248	9473	9932	9993	10049	10153	11638	12094
858	1.0	292	1454	1754	1802	2391	2761	2935	3012	3523	4436	4466	4532	4704	4803	4939	5014	5020	5426	5763	6089	6179	6356	7155	8694	9101	9147	9269	10029	11507	11926	12330
859	1.0	154	174	188	997	1718	1873	3137	3769	4085	4319	4995	8213	8305	9472	9960	10999	11686	11718	12455
860	1.0	251	1679	2728	6347
861	1.0	2133	4194	5347	6702	8540	11471
862	1.0	708	1304	7797
863	1.0	1474	1601	3297	3455	4470	5183	6543	7294	7871	8623	9778	10388	10451	10634	10813	11432	12569
864	1.0	641	2611	3837	5147	5717	5877	6172	6218	6923	7031	7163	8771	9764	12388
865	1.0	59	886	5254	6824	6908	12413
866	1.0	1690	3007	3147	8060	11741	12423
867	1.0	2426	2668	3721	9930
868	1.0	643	1915	2339	4868	4917	5315	5644	6424	6763	8290	8588	9029	9332	9450	9675	10544	10741	10750	11937
869	1.0	429	745	1955	4767	4861	5938	7343	8191	11931	12291
870	1.0	500	536	1245	1380	1686	1720	1723	1788	1957	1959	2000	2162	2514	2736	3170	3434	3687	4916	5482	5567	6085	6106	6144	6557	6606	6829	6991	7563	8010	8040	8051	8358	8475	8652	8707	8895	8938	9452	9845	10067	10327	11560	11680	11925	11935	12440	12530
871	1.0	1067	3645	3894	5862	5949	7317	7394	7949	8033	9148	10553	12014
872	1.0	1113	1707	1761	2140	3688	4041	4528	4529	4735	4913	4945	5648	5665	7995	8277	8283	8780	9466	10003	10051	10579	11159	11274	11587	12369
873	1.0	48	3949	4426	5865	6580	7469	7560	7598	8959	9192	10225	10609	10946
874	1.0	54	398	1271	2170	2478	3450	3712	5112	5580	5762	5974	6493	7116	7533	8494	11042	11063	11208	11288	12237	12352
875	1.0	3064	6466	8651
876	1.0	810	2100	2144	3329	4248	6545	9461	9980
877	1.0	1639	5333	7886	8663	9470	9728	10441	12149
878	1.0	4284	10480
879	1.0	95	182	337	412	482	1918	2114	2488	2693	2711	2834	2838	4262	5836	6138	6400	7964	9590	9813	11379	11906	11980	12407
880	1.0	1127	9826
881	1.0	1318	2265	2816	8367	8880	9760	10649	11878	12208	12344	12402
882	1.0	2647	2825	2874	3328	3334	3386	5024	5727	6490	7356	7588	8801	9240	10519	12191
883	1.0	228	1752	3930	4756	5324	5892	5982	6184	7178	8834	9012	11258
884	1.0	64	1173	2172	2437	2782	2895	3237	4439	4788	5030	5559	7602	7603	7939	7947	8372	9937	10543	12052	12383	12449
885	1.0	3672	3832	4275	4751	5590	7466	7621	8994	9314
886	1.0	3475	5235	6519	7557	7587	10459	10829
887	1.0	949	2090	2181	3347	3678	10025	12528
888	1.0	1477	1505	1883	1936	4505	5295	7838	8435	8563	9245	10443	11916
889	1.0	7	1093	1278	2128	3718	4184	5435	5744	7364	7785	7845	8354	10335	10838	10953	11054	11675	12131
890	1.0	259	331	742	787	834	1530	1789	1849	2706	3246	3507	3815	4282	4357	5168	5869	6177	6219	6803	7934	8278	8311	8324	8669	9018	9552	9594	9641	9976	10668	11143	11572	12001	12066
891	1.0	399	1762	1854	2789	5599	10046
892	1.0	4684	7936	10371	11264	11847
893	1.0	2021	2886	3542	4139	4502	5308	6186	6229	7012	8559	9212	9467	10121	11624	11819
894	1.0	58	4879	8662
895	1.0	1861	5008	5722	6857	7713	8092	8229	9712	12004
896	1.0	693	1090	1103	1739	2216	2873	3006	6105	6556	6654	7277	7591	9284	11059	11582
897	1.0	49	353	1350	1550	1984	3407	4443	5365	5704	5788	6038	6584	7086	7566	8481	9576	10019	10203	10546	10796	11102	11209	11222	12313
898	1.0	3925	12168
899	1.0	55	403	409	1857	2034	2073	2139	3610	3959	4016	6293	7581	8362	8722	9507	9614	11441
900	1.0	78	307	427	1327	1334	1541	1749	1949	1987	1993	2326	3057	3203	3552	3629	3652	3706	4513	4561	4695	4974	5301	5509	5560	5806	6533	6861	6899	7003	7060	7109	7248	7325	7380	7623	7675	8327	8699	8778	9446	9471	9649	9713	9785	9817	10239	10246	10547	10607	11060	11442	11671	11728	11828	12012	12059	12406
901	1.0	6769	7036	8519
902	1.0	3448	6532	12384
903	1.0	1475	1958	2650	4694	5548	5861	6658	7160	8736	8814	10947	10986	11138
904	1.0	2951	3651	5247	7359	9230	9459
905	1.0	1297	2622	3401	4242	5527	6193	7467	8161	8499	9009	9851	12279
906	1.0	823	1392	1436	1634	1767	2958	3396	3709	4100	4327	5394	5417	6689	6709	7243	9800	10080	10798	11982	12347
907	1.0	1012	1526	1685	1733	2811	3711	4640	5703	5917	6711	10058	10528	11613	11918
908	1.0	6370	9011	11949
909	1.0	3420	6090	8525
910	1.0	71	439	6624	7434	10485	12218
911	1.0	157	161	634	710	839	1370	1434	1561	1602	1681	1778	1855	1868	2288	2591	2643	2817	3138	3271	3410	3424	3429	3661	3900	4049	4122	4335	4549	4589	4696	4725	4807	4951	5256	5566	6116	6475	7255	7299	7508	7777	8080	8217	8240	8294	8504	8681	8746	8855	9142	9397	9634	9738	9794	9879	9894	9985	10851	10874	10900	10931	10998	11146	11166	11181	11279	11359	11437	11596	11946	12093	12382	12468	12533
912	1.0	156	721	951	981	1511	1564	4557	6176	6300	9928	11001	11541
913	1.0	620	1555	1623	2512	4253	5451	5562	6369	6693	7146	7897	8946	10292
914	1.0	509	520	1514	2509	2675	3173	3830	4384	4791	4930	5032	5594	6265	7232	7697	8028	8560	8731	8830	8996	9578	11213	11513	12212
915	1.0	3249	4365	6254
916	1.0	10	1657	2210	2215	2794	3738	4501	5332	5738	6153	6540	7009	7286	7338	8103	8222	8258	8610	9787
917	1.0	1512	3669	3797	4781	8308	8389	11853
918	1.0	1925	2127	2175	2742	4072	4459	5368	6695
919	1.0	1010	1274	1660	2597	2735	3710	5915	6858	7376	7898	7979	8165	8618	8934	9396	10770	10795	10984	12487
920	1.0	803	1652	2520	2881	3123	4096	4462	5604	5882	8017	8251	8577	10925	11189
921	1.0	2152	2307	3314	4344	5639	7667	9825	9936
922	1.0	3093	3132	3200	4285	5976	7290	10013
923	1.0	23	338	770	3962	5421	5714	6692	6782	9184	9814	10974	11532
924	1.0	1547	2341	5511
925	1.0	1580	2617	4414	9368
926	1.0	361	513	1946	3046
927	1.0	1004	1582	5155	5388	5719	6651	8241	8336	8384	9073	9134
928	1.0	501	637	891	1060	1507	2453	4033	4565	5410	7010	7731	8724	8811	11356	11480	12182
929	1.0	822	1110	1389	4140	4351	9076	10541
930	1.0	1809	2075	4046	4095	6662	7112	7938	8035	10146
931	1.0	457	503	2996	3372	7882	8670	9084	9143	9947	11632	11761	11778	12472
932	1.0	115	352	413	683	792	881	1049	1489	1522	1819	1926	2020	2256	2261	2364	2543	2574	2649	2696	2798	3196	3318	3428	3441	3545	3770	3896	3955	3975	4018	4157	4332	4620	4714	5239	5369	5682	5768	5795	5931	6125	6346	6358	6504	6594	6890	6914	7068	7080	7416	7595	7772	7834	7853	7895	7970	8036	8100	8129	8220	8885	9537	9731	9734	9816	10730	11080	11164	11169	11346	11498	11540	11651	11758	11780	12068	12524
933	1.0	3054	9672	12065	12261
934	1.0	936	5953	7576	9144	10258
935	1.0	183	502	1905	3026	5066	9542	10310	11073
936	1.0	6	650	1871	2056	2764	4971	5101	6555	6943	8306	8723	8837	10189	10751	12167
937	1.0	1501	2213	3241	3683	4061	7996	8158	8408	9078	9708
938	1.0	1142	1837	3714	8383	8593	8721	8732	10493	12428
939	1.0	636	1155	1188	1409	1980	2403	2598	2806	4279	4331	4391	4598	5399	6131	6456	6612	7246	7578	8111	9277	9555	9581	10430	11438	11476	11992	12481	12512
940	1.0	9100
941	1.0	1163	1216	1272	6311	6550	8067	8549	9208	10226	11612	12351
942	1.0	7994
943	1.0	1214	4944	6161	6220	7640	7985	9294	10150	12176
944	1.0	94	184	525	912	1647	1770	2093	2107	2467	2472	2552	2709	2936	3186	3402	3866	4158	4188	4446	5018	6984	7410	8011	8528	8596	8854	8924	9288	9518	9743	10842	11277	11539	11973	12006	12067	12097
945	1.0	978	1125	2705	3999	7236	7261	8553	9031	9540	10133	10184	10731	11551	11756	12573
946	1.0	390	567	2282	2690	2978	4496	4855	5201	6602	8620	8655	9340	9589	10079	10425	10835	12045	12348	12478
947	1.0	144	151	176	1403	1844	2217	2511	3047	4662	5348	9109	10341	10894
948	1.0	3874	11259	11397
949	1.0	3888	4113	4843	5537	7143	9278	10402	11610	12389
950	1.0	1638	2418	2554	3732	5138	5172	5454	6978	7070	7231	7695	8168	10773	12231
951	1.0	2950	5437	8866	10394	11316
952	1.0	695	10414
953	1.0	744	1180	1224	2755	3698	4294	4814	5810	6041	6321	7352	8634	8705	8877	8890	8987	9241	9598	9656	10074	10733	10788
954	1.0	227	552	632	753	1178	1255	1457	1710	1725	2029	2538	3112	3390	3699	4081	5220	5436	5543	6157	7053	7191	7529	8516	9747	10316	11242	11706	11750	11768	12488
955	1.0	2106	2503	2725	2911	3653	3692	3901	5790	6500	9583	10299	10886	11797	12462
956	1.0	1952	9579	11385
957	1.0	2396	3202	5697	6274	7806	8076	8614	10500	11601	12532
958	1.0	1068	4412	6725	7270	8683	10009	10306
959	1.0	944	2427	2987	3072	5983	6073	6854	10445	10752	11123	11599
960	1.0	5075
961	1.0	464	1291	1452	3535	4189	7634	10367	11948
962	1.0	126	243	302	1104	1160	1321	1426	3690	3918	4512	4812	5584	6755	9671	10068	11401	12305
963	1.0	233	526	2232	2359	3124	3236	3239	3443	4010	4045	4340	5453	5539	5698	5852	6640	6766	7344	7453	7530	7568	7570	8004	8072	8219	8673	8719	8884	9376	9447	9746	9834	10608	11525	11597	11607	11764	11783
964	1.0	953	2800	2805	5043	5374	6699	7210	8899	11014	12159
965	1.0	544	1953	3119	4220	4451	4581	4734	4858	4978	5535	6768	6781	7412	8365	9353	10932	11021
966	1.0	1401	1885	2304	3157	4406	5863	5996	6642	9093	12118
967	1.0	765	1543	1645	1982	2235	2524	3640	4141	5556	5734	7430	8286	8799	9024	11177	12087
968	1.0	2267	5203	8301	8936	9251	9935	11427
969	1.0	486	791	882	1263	1435	1463	1719	2982	3820	3850	4273	5105	5411	5479	5804	5968	6056	6269	8883	9419	10077	10167	10701	11070	11311	11396
970	1.0	1073	1122	2447	3125	3201	3674	3767	3992	5284	5323	5676	6203	6244	6728	6752	6865	7391	7531	9174	9383	10057	10302	10324	10647	11079	11115	11338	11782	11863	12433
971	1.0	53	755	1159	1878	2180	3192	3336	3724	4853	5051	5336	5831	7264	7283	9201	9678	10307	10412	10759	11743	12332	12579
972	1.0	1648	5131	5485	6051	7589	7901	8725	9351	10920
973	1.0	44	391	892	1285	4234	5619	6443	7805	8068	8976	9418	9977	10065
974	1.0	179	381	540	3564	5007	7923	8269	9375	9399	9973	11157
975	1.0	842	3737	5376	6156	8686	9355	9633	10196	11810	12431
976	1.0	3944	4667	4703
977	1.0	42	704	828	2186	2788	3741	5283	5382	5912	6410	9259	11760
978	1.0	2378	4398	4638	5792	8043	8951	9439
979	1.0	117	1367	1951	3256	4444	5314	5380	5424	7111	7608	7724
980	1.0	166	3763	4304	9003
981	1.0	66	474	3879	8561	11631
982	1.0	6141	7706	8571	8649	9320	12108
983	1.0	209	640	789	2200	2354	2797	2804	3260	4093	4320	5737	7158	7201	9048	9705	9761	10593	10847	11679	11962
984	1.0	84	387	434	1289	1525	2124	2287	2316	2631	3478	6495	6830	9117	9636	10606	11424	12295
985	1.0	2166	2211	2424	2856	6237	7165	7185	9575	11128	11207	11826	11896
986	1.0	580	658	1191	1500	2555	3867	3884	4177	4741	5621	5870	6398	6765	7955	9403	9546	10165	10232	10948	11981
987	1.0	222	1842	3144	5292	5891	7765	8029	9545
988	1.0	1587	3107	3686	3911	4300	6319	9299	10138	10400
989	1.0	922	1421	1437	1513	2228	2491	3534	4324	4417	4742	5822	5911	6874	7660	8777	9108	9260	9291	9496	10682	10832	11422	11687
990	1.0	2045	2901	2990	5586	5609	6167	6440	8232	8505	12147
991	1.0	3355
992	1.0	2183	5406	5448	8135	11592
993	1.0	239	950	2498	2992	4196	4498	5248	6108	7181	8295	9623	9690	9971	10591
994	1.0	939	955	1139	2236	2662	2772	3303	4003	4226	4493	4652	6849	7891	9716
995	1.0	930	7091	7733	9161	9517	12546
996	1.0	2523	2653	5004	5505	8041	10056	10881	11591	12203
997	1.0	164	550	1346	1444	1488	3658	3798	4919	5236	5391	5597	6111	6454	6738	8114	10626	11203	11791	11891	12079	12342
998	1.0	4428	5684	6035	7903	8742	10308	11171	11584
999	1.0	1744	2155	2609	3943	4587	7972	8419	10787	11735
1000	1.0	63	201	499	679	715	749	815	864	918	952	983	1070	1265	1314	1338	1366	1456	1771	2015	2048	2126	2167	2274	2526	2531	2589	2672	2678	2954	2955	3342	3357	3361	3897	3919	4112	4653	4864	4909	4947	5035	5040	5106	5140	5328	5667	5943	5980	6040	6126	6427	6647	6727	6811	7100	7306	7369	7470	7575	7668	7847	7974	7990	8169	8182	8214	8407	8467	8480	8532	8844	9154	9209	9520	9560	9561	9827	10002	10176	10244	10294	10331	10458	10518	10613	10712	10772	10917	11090	11464	11529	11542	11784	11852	11955	12069	12572
1001	1.0	336	510	928	1825	2225	2790	2905	3257	3827	4612	4713	4998	5221	5274	5957	6296	6902	7030	7322	7363	7471	7786	7788	7888	7933	8228	8250	8937	9442	9819	9957	10828	10906	10936	11517	11643
1002	1.0	190	229	232	652	871	888	938	1330	1544	1945	1950	2726	3301	3416	3531	3548	3892	3980	4022	4044	4214	4227	4269	4339	4394	4533	4617	4826	4988	5046	5080	5146	5206	5408	5469	5571	5772	5824	5855	6053	6209	6385	6953	6986	7004	7069	7087	7152	7228	7372	7494	7732	7861	7940	8046	8462	8518	8640	8757	8838	8876	8898	8942	9130	9183	9203	9519	9556	9790	9812	10037	10285	10354	10428	10789	10811	11202	11253	11846	12023	12125	12132	12216	12310	12405	12441	12475	12520	12522
1003	1.0	266	1036	1150	1177	1179	1542	2293	2519	3397	3500	3600	3626	4211	4955	5062	5156	5339	5589	5630	6409	6965	7375	7541	7676	7754	7880	8034	8230	8391	8508	8856	9039	9366	9371	9823	10018	10193	10265	10902	11395	12240	12521
1004	1.0	334	538	558	698	706	726	754	1388	1571	1576	2460	2585	2610	2665	3439	3562	3614	3774	3989	4011	4106	4464	4530	4706	5263	5317	5920	5989	6204	6302	6330	6544	6887	7170	7659	7684	8351	8680	8728	9013	9119	9255	9463	9482	9500	9568	9618	9673	9782	10005	10102	10407	10467	10479	10557	10641	10921	11693	11986	12010	12219	12434
1005	1.0	87	101	114	214	315	516	898	972	1143	1438	1515	1575	1827	1976	1991	2623	3027	3116	3168	3204	3206	3224	3265	3473	3841	3956	4198	4200	4458	4538	4613	4801	5077	5230	5550	5626	5699	6271	6342	6429	6538	6688	6791	6976	7110	7117	7177	7212	7680	7807	7868	7958	8360	8842	8892	8978	9022	9033	9258	9338	9373	9530	9571	9612	9694	10156	10174	10180	10257	10355	10422	10756	10883	11134	11218	11256	11423	11563	11654	11836	12189	12217	12243	12552
1006	1.0	97	267	277	341	562	838	904	1407	1697	1709	1759	2250	2540	2749	2814	2847	2852	3013	3024	3225	3345	3577	3670	3990	4128	4247	4274	4379	4619	4758	4952	5184	5687	5812	5997	6130	6139	6389	6417	6444	6470	6935	6946	7140	7202	7324	7396	7451	7480	7481	7532	7604	7778	7961	8078	8079	8096	8205	8287	8489	8960	9189	9424	9644	9786	10047	10273	10391	10823	10952	10967	11016	11156	11229	11332	11487	11725	11958	11977	12027
1007	1.0	8	74	276	284	310	363	388	488	935	1117	1193	1251	1546	1583	2129	2371	2390	2707	2854	2973	3183	3244	3272	3278	3431	3644	3722	4105	4205	4297	4313	4503	4535	4583	4637	4737	4890	4949	5165	5489	5555	5933	6013	6147	6151	6313	6407	6520	6962	7275	8024	8118	8226	8397	8412	8911	9140	9202	9218	9306	9411	9490	9509	9525	9559	9567	9757	9995	10241	10255	10263	10347	10427	11047	11252	11399	11453	11494	11672	11695	11731	12061	12141	12263	12265	12514
