1	1.0	285	577	614	979	1216	1880	2457	2496	3580	3802	6311	6388	6550	8067	8549	10226	11612	11627	11661	12351	12570
2	1.0	291	649	723	850	1156	1177	1240	1336	1346	1543	2317	2369	2532	2819	3017	3782	3798	4150	4195	5050	5224	5391	5787	5860	6208	6652	6669	6760	6814	6900	8152	8409	8550	9035	9242	9597	9635	9687	9904	10018	10405	10581	11261	11445	11823	12079	12395
3	1.0	476	826	955	1059	1376	1858	1963	2451	2713	2753	2769	2951	3953	3954	4051	4117	4391	4410	4998	5133	5399	5763	6113	6568	6659	7154	7210	7359	7475	8120	8693	8899	9004	9235	9266	9272	9459	9749	9917	10071	10455	10513	10669	11038	11182	11645	11725	11990	12126
4	1.0	89	153	216	257	272	334	435	498	787	1000	1311	1383	1441	1735	1789	1850	2063	2120	2301	2364	2512	2696	2775	2798	2917	2943	2956	3274	3291	3308	3318	4027	4235	4253	4278	4309	4334	4379	4856	5021	5037	5451	5777	5852	5869	6219	6369	6419	6803	6812	6826	6946	7077	7262	7511	7530	7819	7914	8181	8219	8266	8324	8606	8946	8967	9447	9594	9632	9650	9821	10014	10101	10220	10398	10492	10540	10645	10706	10783	10823	11028	11515	11798	11964	12080	12112	12179	12225	12308	12390	12397	12464	12474
5	1.0	49	75	94	154	174	188	235	500	525	877	906	997	1288	1313	1411	1550	1647	1718	1759	1770	1873	1888	1899	1957	2093	2228	2237	2454	2495	2514	2984	3534	3619	3784	4103	4324	4443	4742	4773	4995	5085	5215	5365	5659	5822	5911	6068	6417	6465	6584	6813	7249	7404	7726	8026	8213	8305	8475	8596	8777	8894	8924	8980	9202	9405	9472	9496	9596	9743	9840	9960	10515	10525	10999	11519	11539	11686	11718	11973	12396
6	1.0	965	5102	7756	9464	9770
7	1.0	5830	6871
8	1.0	7132	11568
9	1.0	2312	2392	2635	4268	5044	8733	9330	12192
10	1.0	5207	12556
11	1.0	3646	10227	11287
12	1.0	317	5262	6071	6341	6926	11190	11887
13	1.0	1115	1167	1233	1287	1362	2409	2699	3440	3695	4355	4780	5793	5853	6875	7278	7403	9823	10293	10991	11073	11089	11160	11252	11669	11963	12339
14	1.0	1200	8797
15	1.0	4031	4740	9512	12299
16	1.0	212	10628
17	1.0	3483	3598
18	1.0	10017	10531
19	1.0	2204	2422	4760	5309	8320	8902
20	1.0	766	4959	12422
21	1.0	863	3276
22	1.0	1797	1810	6338	6993	8762	9609	11913	12158
23	1.0	1566	3215	3775	4378	10171	11172
24	1.0	177	635	713	835	1644	1678	2623	2722	3115	3486	3961	4110	4133	4508	4536	4663	5333	5730	6059	7345	7379	7506	7633	7807	7835	7959	8314	8347	8422	9296	9470	9728	9933	10364	10423	10524	10603	10620	10912	11862	11881
25	1.0	2414	3861
26	1.0	1047	1375	1794	10104	10340	11085	11310
27	1.0	1462	6378
28	1.0	1930	3728	4844	6298	6314	7600
29	1.0	171	451	532	551	586	666	703	1057	1163	1197	1207	1472	1521	1875	2023	2272	2370	2372	2624	2629	2709	3030	3208	3281	3822	3865	4145	4500	4521	4540	4543	4585	4818	4863	5018	5326	5357	5611	5706	5752	6123	6370	6527	7186	7254	7300	7509	7583	7637	7663	7761	7783	7821	7864	8101	8106	8143	8254	8262	8485	8860	9011	9062	9371	9392	9414	9457	9476	9533	9538	9602	9725	9844	9909	9939	10158	10162	10265	10338	10535	10544	10717	10778	10794	10825	10997	11065	11375	11378	11537	11702	12034	12074	12224	12368	12424
30	1.0	556	3175	5557	7803	7823	8315	10848	10878	10993	11192
31	1.0	1399
32	1.0	4599	6739
33	1.0	3355	5195	11934
34	1.0	323	558	639	899	978	1078	1080	1131	1372	1681	1721	1841	1934	2187	2430	3261	3293	3298	3542	3604	3610	3774	3829	4136	4139	4251	4312	4386	4588	4792	4816	5188	5464	5541	5566	5769	5954	6186	6323	7239	7581	7735	7872	8023	8071	8601	8758	8785	9077	9113	9212	9295	9333	9699	9894	9976	10121	10133	10339	10416	10711	10873	11437	11479	11586	11677	11809	11993	12309	12555
35	1.0	674	805	911	2452	2694	3185	9103	11418
36	1.0	5034	9071
37	1.0	3413	6940	7753
38	1.0	6062	12412
39	1.0	6831	8769
40	1.0	1760	11309
41	1.0	831	2410	3541	7137	7298	8392	9386
42	1.0	3037	4578	6047	6316	7284	8274	9462	11410	12086
43	1.0	842	1041	1530	1805	2375	2611	2886	3027	3737	3837	4130	4318	4725	5147	5230	5791	5856	5877	5946	6019	6140	6156	6218	6475	7135	7577	7758	8128	8449	8686	9137	9355	9551	9633	9692	9910	10027	10196	10454	10466	10968	11343	11744	11810	12258	12357	12431
44	1.0	1097	9016
45	1.0	102	386	623	1009	1134	2087	2309	3637	3766	3783	4422	4664	4738	5196	5295	5643	6114	6522	7125	7205	7293	7524	7612	8215	8533	8766	9438	9493	9562	9963	10141	10245	10443	10484	10762	11924	11985	12193	12210	12447
46	1.0	2327	4494	10636	12114
47	1.0	90	7818
48	1.0	1653	7156
49	1.0	1364	1540	3760	4968	5627	6141	6347	7244	7425	8147	8824	11634
50	1.0	2133	4194	5347	5978	6467	6534	6702	7448	8486	10617
51	1.0	3213	6880
52	1.0	2876	12567
53	1.0	7776	10015
54	1.0	699	7945	9979
55	1.0	1396	2214	12566
56	1.0	45	211	354	1208	1307	1518	2742	2976	3422	3556	4545	5288	5640	6440	9863	9884	11137	11306	11354	12083	12091
57	1.0	218	1853	1859	3462	4151	4527	4874	5216	6484	7193
58	1.0	779	6004	6664
59	1.0	4534	5259
60	1.0	9157	12560
61	1.0	2017	2387	10030
62	1.0	5452	6014
63	1.0	4409	5297	6701	9329	10039
64	1.0	2885	9505
65	1.0	62	1147	12366
66	1.0	289	10594
67	1.0	65	1704	4159	6828	7230	9089
68	1.0	55	253	403	409	456	729	846	1101	1124	1533	1595	1857	2034	2073	2139	2219	2545	2599	2628	2852	3544	3592	3608	4395	4427	4825	4997	5152	5282	5680	6293	6411	6468	6774	7333	7555	8338	8353	8362	8430	8590	8722	8882	9424	9507	9614	9880	9927	10856	10909	11248	11441	11904	12265	12319	12362	12467
69	1.0	1032	2299	3890	4575	5820	5821	6012	6665	8115	9381	9914	12051
70	1.0	3015	3677
71	1.0	11041	11816
72	1.0	1358	5463
73	1.0	9416	10653
74	1.0	9247	9915	12202
75	1.0	3479	8887
76	1.0	2930	3005	3691	9160	9430
77	1.0	1317	4763	11570
78	1.0	2994
79	1.0	4749	6297
80	1.0	705	1549	1740	2270	3615	8415	8479	8543	9486	11843
81	1.0	9662	12543
82	1.0	4143	5414
83	1.0	605	7308
84	1.0	1840	4127
85	1.0	738	2177	3908	4099	5492	6241	6249	12103
86	1.0	2884	5272	6642	6800	7292	7556
87	1.0	203	406	1239	1547	2121	2486	3937	5163	5511	5748	6000	6954	7564	7998	8272	10399
88	1.0	684	880	4509	4650	4982	8674	8684	10363	12380
89	1.0	2561	5096	5813	5815	8020	10942	11880
90	1.0	3320	4608	6663	8151	9629	10555	10890
91	1.0	205	8864
92	1.0	1227	1876	3073	4183	4338	4933	6267	8700	9620	9688	11848	11997	12311
93	1.0	250	457	503	2871	2996	3372	3511	3983	4463	5673	6088	6449	6790	7473	7882	8053	8361	8670	8896	9143	9947	11251	11632	11761	11767	12001	12385	12430	12472	12544
94	1.0	3248	3924	6307	8772	10210	12024
95	1.0	3663	7856	9826	11318	12453
96	1.0	1003	9254
97	1.0	3060	5513	7397	8265	9316	9866
98	1.0	383	1382	2760	5569	6120	6204	7930	8086	8730	8956	12517
99	1.0	239	380	511	832	950	1556	1650	1906	2498	4042	4196	4498	4635	5200	5248	5737	6108	6321	6562	6744	7064	7076	7082	7181	8295	8299	8331	9623	9690	10360	10591	10702	10723	11330	11492	11785	12207	12326	12547
100	1.0	4138	4985
101	1.0	602	4271	4308	5497	6080	10099	10867	11431	11849	12072
102	1.0	2893	6282
103	1.0	1149	2413	2434	2581	3091	3528	3845	4732	4990	5054	7029	8647	8765	8858	11257	11350	12394	12458
104	1.0	1585	1944	3134	3368	3595	9957	10549
105	1.0	1237	2941	3329	3904	4934	5547	8413	8583	9151	9955
106	1.0	1775	3063	3624	3761	3833	4460	6061	7263	7320	9032	9929	10775	11304	12280	12510
107	1.0	1699	1780	2542	3666	3736	7260	7599	7607	10004	11358
108	1.0	69	6716
109	1.0	1992	3638	5993	6610	11270
110	1.0	242	745	768	1079	4354	5257	5441	5565	5938	6462	7698	7962	8139	8162	8332	8784	9185	10841	11150	11882
111	1.0	1052	4810	6638	6948	8697	9905	11220	11594	12257
112	1.0	3062	8672
113	1.0	1508	2829	3266	4289	4590	4799	5068	5412	8376	9125	9132	10388	10681	11163	12569
114	1.0	1455	3844	4094	5702	6809	7748	11008
115	1.0	941	999	2188	3221	3576	3799	4020	4484	4698	4782	4797	6194	9619	10979	11952	12007	12015	12337	12452
116	1.0	531	2247	6332	7643	8979	9318
117	1.0	260	1302	1503	1922	4627	5662	6057	8242
118	1.0	998	5711
119	1.0	7614	9478
120	1.0	570	4372
121	1.0	6042	8853
122	1.0	600	1854	4764	5599	5632	5936	6078	8604	10046	12525
123	1.0	2529	4210
124	1.0	2843	4358	4701	4859	5242	5690	5741	6032	7719	9066	9676	9895
125	1.0	780	1777	2060	3100	4459	5019	5732	6694	6695	7392	7981	8445	9781	10497	11831
126	1.0	1696	3333
127	1.0	7097	8175	9100
128	1.0	2010	5265	5970	6390	8312	8738
129	1.0	4	1613	2645	4129	5707	6142	6225	7121	7289	7360	7710	8193	9680	10755	12581
130	1.0	8231	11114	12092
131	1.0	1087	1349	1497	1642	1705	2928	4478	6681	6745	7460	7739	8433	10090	11144
132	1.0	2072	5773
133	1.0	2770	3705	3915	4348	4350	7371	7841	8296	8513	8642	9072	9987	10216	10686	10868	11238	12540
134	1.0	5079	9902
135	1.0	1519	3442	7217
136	1.0	1402	3216	5951	6372	6542	7072	7264	7700	7749	7789	7790	8873	8914	9511	10824	10919	11092	11590	11721
137	1.0	131	215	462	1640	2168	3343	4295	4969	5271	5670	5761	5900	6183	6286	12542
138	1.0	762	1492	7153	7361	7383	10202
139	1.0	193	582	1184	1501	1782	2213	2337	2883	3219	3241	3683	4568	4636	4712	4965	5160	5484	6256	6617	7231	7996	8091	8158	8408	8814	9078	10901	10947	11315	11504	11790
140	1.0	6619	8909
141	1.0	761	3874	6079	6911	10857	11198	11397
142	1.0	1851	2179	4068	4851	5045	5229	5647	6614	6807	6835	7650	8039	8276	8498	9086	9984	10088
143	1.0	4347	10311
144	1.0	1924	2750	5390	5396	6175	6671	8309	9236	9722	10429	10517	11832	12583
145	1.0	8676	9309
146	1.0	42	704	828	1750	1791	2186	2788	3741	3753	4454	5283	5382	5912	6410	6412	7707	7842	9259	9269	9465	9758	10676	11187	11428	11760	11795
147	1.0	492	2066	2571	2667	3046	5056	5544	5817	5863	6518	6524	8551	8745	9199	10163	10674	11413
148	1.0	2787	4556	6844	7147	7203	9138	9919	11255	11684
149	1.0	137	555	1874	1919	5252	6174	7472	11176	12381
150	1.0	429	1955	3358	4717	4767	4861	6278	6679	7343	7780	8191	8880	9710	10248	11931	12291	12344
151	1.0	222	1842	2671	2900	2920	3144	4684	4710	4774	4889	5292	5450	5470	5542	5880	5960	6361	6472	7765	7936	7955	8029	8052	8920	9122	9543	10639	10806	11264	11301	11800	11847
152	1.0	210	1449	2577	3043	3148	4703	5135	6987	8196	9605	11703
153	1.0	178	454	509	693	966	1090	1103	1172	1203	1731	1739	2216	2590	2648	2873	3006	3117	3379	3403	5032	6105	6280	6556	6635	6654	7591	8119	8500	9019	9435	10117	10486	11059	11582	12017	12042	12432
154	1.0	553	3594	3821	4053	4707	8848	9136	9274	9631	9948	10185	10959	11241	11575
155	1.0	1459	5510	5731	6481	6883	7037	8981	10588	11299	12264
156	1.0	894	6436
157	1.0	426	1890	3559	5341	6270	7269	9998
158	1.0	3914	11088
159	1.0	9041	11860
160	1.0	2221	2408	4850	4962	5171	5561	7569	8192	10205
161	1.0	1305	1732	2009	2267	2396	2497	4013	4688	5039	5203	6274	6611	7706	7888	7973	8076	8936	9320	9935	10378	10500	11388	11427	11429	11601	12108	12356	12450
162	1.0	379	1076	2411	5352	6505	7983	8643	9051	9601	9896	12214
163	1.0	71	465	617	1202	2024	2209	4303	4601	5467	7194	7434	7737	7840	7863	8709	10485	10739	12218
164	1.0	3583	3650	4412	4828	5736	5959	6725	6775	6822	7161	7270	8534	8977	10009	10306	12254
165	1.0	132	351	481	876	2523	2653	3038	4692	4756	5004	5505	6912	6967	8041	8302	9732	10056	10446	10881	11591	11778	12161	12203
166	1.0	342	757	1050	1272	1626	1773	2964	3172	3451	5065	5644	5871	6195	6239	6246	6625	7204	9026	9165	9208	10836	11262	11714	12445
167	1.0	3149	4167	5850	5939	6891	8816	9256	10070	11478
168	1.0	2953	3818	4488	5624	6391	7339	10115	11759	11874
169	1.0	869	914	3028	3840	4034	4605	6572	6837	7094	9868	10556	11447	11543	12247
170	1.0	1046	2304	6708	6897	8008	8212	9093	9178	12498
171	1.0	32	63	484	1056	1136	1366	2126	2149	2526	2689	2954	2955	3002	3726	4047	4077	4160	4333	4678	4864	4915	5300	5759	6368	6373	6823	6939	7219	7788	7892	7902	8112	8480	8571	8649	8656	8658	9539	9563	9848	9911	9971	10173	10244	10264	10357	10458	10518	10830	10854	10905	11098	11226	11481	11644	11932	12238	12327	12370	12451	12545
172	1.0	759	1682	3587	7131	12111
173	1.0	393	799	897	1990	2031	2687	2754	2758	2868	4048	4430	5524	5546	6784	7189	7196	7216	7386	7677	8901	9135	9275	9369	9700	9897	11811
174	1.0	195	568
175	1.0	111	630	1027	1442	1898	2862	4793	7011	8461	10877	11650
176	1.0	1081	2236	2246	2662	2772	3198	4226	4493	6849	7002	9434	9716	10296	10793	11678
177	1.0	1938	2605	3734	4784	5834	6408	6722
178	1.0	12	2144	3167	3712	10291	10858
179	1.0	446	795	964	1259	1277	1341	2091	2252	2438	2792	2973	4846	5080	5081	5276	5515	5888	6521	6735	7004	7899	8288	9616	9788	9806	10427	10453	10516	10675	10939	10956	11202	11425	11439	11548	11662	12125
180	1.0	54	373	398	851	1271	1727	2170	2244	2478	3309	3317	3450	4076	4510	4648	4873	5112	5974	6379	6493	6971	7116	7533	7584	8364	8444	8494	10479	10921	11042	11063	11180	11208	11288	11616	11855	11912	12237	12352
181	1.0	194	418	661	807	1162	1389	2143	2258	4492	5901	6253	6972	10179	10918	11017
182	1.0	678	3430	5405	9784
183	1.0	844	1228	1379	1512	2110	2517	3669	4781	4786	7436	7870	7886	7915	8308	9580	9753	10441	11458	11853
184	1.0	3468	4153	6107	6395	10424	11398
185	1.0	6431	6685	8742	11171	11901
186	1.0	304	337	471	741	789	956	959	1007	1129	1180	1298	1308	1918	2062	2215	2711	2755	2797	2818	2834	2838	2944	3738	4064	4156	4215	4294	4320	4322	4814	5225	5332	5836	5878	5937	6041	6400	7048	7201	7316	7413	7454	7661	7932	8282	8821	9087	9454	9590	9705	9813	9871	10140	10464	10574	10733	11032	11215	11605	11696	11962	12073
187	1.0	4778	11987
188	1.0	202	1043	1231	2853	3533	4866	4957	5269	5635	7561	7978	8382	11781	12282
189	1.0	3494	4878	6724	8042
190	1.0	598	1539	2130	5661	5745	6173	8174	8447	8641	10827
191	1.0	81	609	647	1460	1684	2988	3044	3085	3412	3752	3776	3936	4206	5036	5335	5677	6740	6884	7157	7415	7449	8240	8857	10042	11096	12098
192	1.0	814	1121	1692	2191	2465	2952	3066	3547	3566	3689	3723	3938	4131	4257	4281	4519	4626	5000	5193	5646	6528	7066	7574	7683	8488	8502	8774	9229	9354	10257	10268	10634	10813	10965	11833	12493
193	1.0	51	410	1301	2051	3177	3657	4142	4504	4517	4653	4820	4865	5604	5980	6040	6223	6367	6684	6851	8992	9037	9285	9876	10302	10377	10879	11387	11420	11528	11951	11999
194	1.0	73	88	751	1008	1137	2421	3369	3824	4067	4173	4341	5141	5807	6075	6441	6979	7779	8055	8148	8451	8592	8900	8937	9759	10791	11118
195	1.0	2	542	711	734	1548	1621	1635	2099	2257	2485	2627	2734	2899	2995	3056	3099	3146	3227	3427	3585	3934	4032	4216	4506	4529	5060	5244	5923	6022	6025	6405	6567	6718	6723	6917	7179	7318	7630	7920	7954	7971	8059	8098	8326	8506	8783	9094	9297	9393	9625	10771	11159	11214	11236	11282	11503	11555	11587	11623	11663	11998	12117	12235	12294	12342	12359
196	1.0	1229	1363	2470	2535	2656	3020	3875	4592	4867	5127	5819	6536	6715	7319	7770	8662	8675	9890
197	1.0	61	416	529	1222	1534	2117	2378	3438	4014	4021	4815	5325	6168	6170	6743	8186	8951	9413	9439	10395	11389	12096	12341	12448
198	1.0	96	2030	2253	4440	4849	5679	6545	7377	7988	8404	10985	11606
199	1.0	339	376	629	747	1445	2067	2357	2641	3299	4367	4796	5595	5605	5992	6508	8891	9938	10230	11875	11922	12260	12469
200	1.0	144	234	944	1403	1844	2217	2427	2511	2987	3047	3072	3668	4662	5348	5983	6073	6854	6969	8221	8557	10341	10445	10630	10752	10894	11123	11660
201	1.0	399	417	1762	2549	2789	2875	4237	4879	7113	7547	8793	10213	10643	10871	10903	11526
202	1.0	355	775	1996	2737	3571	4200	4328	4382	4625	5089	8006	8270	8316	8752	9359	10050	10889	11793	11975	12105	12333	12503
203	1.0	206	571	655	1190	1269	1464	1544	1618	1746	1808	1972	2692	2723	2771	2841	2866	3032	3190	3371	3387	3641	4125	4317	5033	5062	5082	5312	5409	5720	6273	6435	6705	6951	6985	7102	7438	7450	7478	7580	7610	7626	7652	7709	8125	8173	8225	8399	8886	8983	9170	9343	9451	9497	9615	9742	9774	9792	10349	10526	10548	10598	10992	11000	11075	11116	11124	11216	11217	11353	11377	11461	11668	12587
204	1.0	946	1107	1448	1597	1979	2290	2916	3178	4342	4911	5447	5526	9436	9582	9875	12162
205	1.0	3609	4399	4480	7489
206	1.0	191	3025	4097	5308	5666	5803	6277	6482	8755	9290	9303	9989	10683	10975	11298	12465
207	1.0	763	2083	2781	4098	5270	5800	6719	8083	10103	11386	12446
208	1.0	1293	1953	3119	4451	4734	4875	4978	5535	6710	6781	7081	8962	9000	11021	11050	11885	12165
209	1.0	142	401	1636	3603	4377	4646	5380	5779	6792	6927	7608	8497	10800	11561	12322
210	1.0	134	2461	4272	5952	6163	6934	7044	10704	12321
211	1.0	151	707	767	1932	2032	2464	4961	5681	6354	6496	6736	8164	8238	8850	9109	9835	10329	11077	11178	12399
212	1.0	67	651	675	840	2014	2092	2313	2403	2521	2703	3239	3268	3651	4163	4224	4232	4413	4497	4811	5374	5588	5913	5962	6699	7518	7636	7763	7793	8788	9112	9261	9348	9455	9544	10228	10564	11421	11730	12172
213	1.0	479	507	1091	1133	1194	1250	1398	2319	2328	2657	3150	3265	3283	3675	4744	4759	5656	6172	6601	7167	7433	7616	7769	8155	8546	8629	9475	9750	10131	10898	11512
214	1.0	3751	3826	4162	4455	4622	4723	5232	5456	5828	6164	7235	7730	9074	10537	10969	11223	11656	12211	12577
215	1.0	3991	4307	7666	10359	10496	11383
216	1.0	1557	1571	3981	4090	6476	6604	7468	7496	8638	8767	10767	10933	11974
217	1.0	116	475	902	1785	2353	3746	6145	6764	9824	10678	10713	10980	11715	12174	12350
218	1.0	296	752	929	980	1361	1576	1693	1736	1792	1975	2018	2205	2361	2493	2506	2674	2706	2749	3194	3305	3389	3507	3524	3584	3815	3889	4119	4520	4831	5071	5095	5344	5471	5498	5501	5785	5874	5906	6205	6801	7071	7090	7296	7368	7705	7911	7918	8303	8624	8826	9129	9641	9682	9815	9945	10005	10240	10262	10411	10668	11086	11243	11322	11365	11559	11572	11740	11834	11905	12030	12143
219	1.0	1651	1891	2085	2500	3828	4218	9795	10387	12523
220	1.0	198	1931	1977	4769	10000
221	1.0	534	896	1452	1652	2172	2332	2660	2992	3045	3526	4093	4096	4462	4652	4788	5290	5768	5810	5882	6092	6153	6928	6950	7352	7669	7693	8280	8473	8577	8705	8906	8929	8965	9656	10074	10925	11119	11221	11379	11529	11729	11871	11892	12334
222	1.0	28	278	557	996	1683	1939	2138	3083	3286	3481	3769	4000	4258	4441	4490	4746	4838	4883	5109	5287	5693	5818	5893	6043	6150	6639	6806	6881	7476	7831	8065	8121	9027	9292	9951	10235	10260	10317	10707	10709	10737	11640	12000	12178	12345
223	1.0	325	1658	4186	6262	8363	10275
224	1.0	281	622	1281	1416	2351	3754	3971	4432	6242	7151	7488	7551	8247	9779	9818	9870	10098	10735	11061	11082	11449	11733
225	1.0	3079	3385	4616	8530	8540	11471
226	1.0	597	1294	1331	3029	3068	3138	3429	3606	4316	5503	6909	6996	7654	7680	8520	8608	8611	9142	10697	10987	11004
227	1.0	1309	6060
228	1.0	5075	11593
229	1.0	1211	1354	1466	1537	1608	1695	2809	4181	4697	5048	5439	5460	6030	6362	6623	8787	10075	12205
230	1.0	7061	11376
231	1.0	163	742	793	1368	1674	2212	2663	3907	4073	7390	7548	7750	8211	8278	8734	8995	9382	9484	10774	10884	11440	11614	11700	11817	12316
232	1.0	147	220	1214	1725	2815	4923	4941	4944	5824	6161	6220	6463	7191	7640	7985	9294	9912	10150	11585	12176
233	1.0	2684	2849	3765	9510	9536
234	1.0	961	1895	1980	3676	4279	4841	4926	5389	6621	6788	7023	7606	7812	8009	8748	8862	9197	9521	10608	11866	11968	12184
235	1.0	189	200	575	595	834	867	885	975	1020	1082	1144	1538	1555	1965	2208	2223	2259	2401	2673	3013	3120	3439	3667	3715	3789	3800	3838	4089	4122	4132	4149	4180	4456	4693	4845	4852	5142	5168	5217	5343	5562	5826	5864	6045	6177	6386	6570	6677	6693	6843	6866	6963	7084	7146	7382	7897	7944	8078	8079	8313	8569	8626	8669	9018	9221	9380	9401	9552	9587	10047	10052	10175	10247	10272	10292	10314	10420	10671	10977	11155	11229	11655	11724	11812	11857	11970	12551
236	1.0	813	1528	2867	2948
237	1.0	123	496	581	830	903	1766	1864	2012	2042	2106	2503	2594	2725	2911	3218	3653	3692	3901	4363	5432	5493	5601	5790	6500	6537	6821	6879	8178	8636	9006	9206	9583	10066	10119	10299	10886	11797
238	1.0	41	121	223	890	905	907	925	930	1152	1242	1267	1355	1359	1589	1593	1708	2173	2189	2321	2720	3335	3352	3472	4057	4168	4552	4677	4715	4766	4790	4839	5103	5564	5781	6063	6104	6128	6180	7190	7445	7571	7585	8369	8813	9161	9468	9488	9517	9751	9846	10105	10194	10612	10776	10803	10911	10926	11360	11453	11602	12025	12070	12206
239	1.0	480	1914	4392	7691	7743
240	1.0	467	486	791	820	1263	1435	1443	1473	1523	1790	1802	2084	2095	2096	2184	2402	2483	2567	2729	2897	2961	2982	3487	3642	3820	3850	3956	4088	4273	4314	4420	4624	4833	5105	5330	5411	5479	5480	5618	5804	5879	5887	5932	5958	6056	6076	6269	6343	6351	7426	7432	7721	7874	8394	8883	9173	9419	9763	10111	10167	10401	10533	10652	10701	10728	11070	11396	12124	12289	12442
241	1.0	100	245	521	1676	1795	1952	2080	2182	2336	2388	5760	6795	7431	8340	9579	11035	11385
242	1.0	2324	3155	8373
243	1.0	7096	8515
244	1.0	613	1558	7133	7144	8635	9529	9681	9986	10076
245	1.0	523	1690	2077	5794	6587	7539	10472	11741
246	1.0	1320	1425	1968	2395	3022	3158	3823	5660	5926	6377	9238
247	1.0	6	64	650	1871	2037	2056	2296	2682	2764	3546	3730	4971	5313	5378	5652	6002	6122	6165	6245	6555	7042	7245	7947	8252	8306	8723	9516	9617	9874	9924	10189	10749	10751	11068	11250	11294	11609	12052	12167
248	1.0	2373
249	1.0	3259	4574	6008	9767
250	1.0	303	485	1037	1469	1786	2028	2502	3410	4266	4675	5226	5372	5401	5461	5842	7118	7925	8275	8396	8768	8852	9207	10204	10207	10666	10715	11286	11496	11522	12032
251	1.0	784	1412	1568	2007	2442	3493	3613	4115	4577	5176	5277	5999	6853	10237	10625	10961	11293	11621
252	1.0	103	895	984	1085	1297	1347	1488	1694	2013	2333	2530	2695	3162	4469	4610	5212	6028	6115	6454	6634	6644	6943	7063	7467	7791	7879	7991	8001	9231	10164	10456	10470	10863	10922	11233	11483	11746	12251	12284
253	1.0	261	750	1903	2572	2858	3232	3684	4058	4567	7505	8496	8945	9319	10743	11984	12164
254	1.0	11	279	395	505	688	717	1010	1029	1071	1128	2499	3129	3346	3574	4238	6021	6448	6977	6995	7369	8578	8926	9139	9232	9324	9396	9922	9946	10059	10380	10780	11126	11801	11894
255	1.0	221	307	427	566	1334	1578	1745	1765	1999	2224	2326	2463	3251	3512	3575	3764	3832	3946	4002	4161	4370	4438	4513	4561	4958	5131	5560	5774	5806	5941	6288	6446	6533	6628	7623	7723	8692	8699	8879	8889	9020	9131	9253	9444	9491	9535	9713	9817	10246	10508	10547	10607	11060	11240	11442	11509	11705	11711	12139	12276
256	1.0	1835	5521
257	1.0	22	1174	2997	3480	4822	5397	5841	7303	7440	9805	10440	11470	11474
258	1.0	1504	1554	1567
259	1.0	506	607	878	916	1322	1513	1599	1843	1929	2022	2058	2398	2533	2714	3088	4025	4118	4191	4244	4311	4336	4562	4711	5016	5349	5723	6103	6392	6906	7416	9167	9335	10289	10962	11170	11938	12303	12349
260	1.0	2345	4109	4899	4927	5129	6477	6989	7647	9481	9492	10198	11258	11954	12163
261	1.0	48	236	450	528	724	815	994	1116	1832	2135	2281	2541	2820	2998	3406	3411	3414	4426	4840	5128	5553	5902	6334	6422	6706	7184	7598	7828	7881	8477	8959	9155	9704	10609	10946	11485	11576	11636
262	1.0	1089	1260	1809	3482	4046	4095	4248	6515	7112	8035	8612	10146	10149	10766
263	1.0	991	1024	1432	1596	1998	3417	4074	4219	4352	4486	4802	5275	5540	5789	6425	6510	6904	7722	8257	8687	8910	9523	10521	11697	12107
264	1.0	385	2647	2702	2825	3334	3386	5024	5967	6490	6863	7356	7534	7588	7889	8801	9240	9485	9832	9850	10493	12428	12470
265	1.0	583	1433	2573	3945	4907	4943	6966	8003	9658	11296	11899	12081
266	1.0	378	443	715	776	921	937	1274	1343	1427	1660	1787	1848	1894	2597	2735	3551	3710	3887	3967	4673	5138	5214	5416	5636	5915	6182	6231	6420	6846	6858	7376	7766	7898	7941	7979	8165	8618	8934	9409	9520	9541	10770	10795	10984	11538	11717	12355	12480	12487
267	1.0	679	3108	3280	3503	3931	5219	5392	5985	6074	6546	6974	7549	8013	8210	10371	10538	10934	11184
268	1.0	244	695	924	4337	5622	10135	10414	11917
269	1.0	114	298	823	870	1044	1048	1235	1436	1634	1767	2429	2475	2859	2901	2958	2981	3396	3452	3579	3768	4100	4633	4765	5094	5143	5394	5417	5462	5586	5609	5990	6167	6232	6292	6470	6689	6709	6759	6793	6920	6976	7243	7935	8137	8273	8328	8349	8564	8842	8986	9640	9737	9800	10319	10355	10509	10722	10736	10798	11105	11291	11965	11982	12153	12286	12347	12463
270	1.0	5	43	173	657	841	1221	1886	2280	2501	2639	3109	3255	3373	3778	3919	4005	4121	4146	4621	5340	5360	5530	5603	5829	6137	6503	6667	6720	6786	7182	7211	7342	7796	7817	8045	8379	8484	8625	8859	8867	9015	9390	9490	9514	9736	9969	10266	10283	10718	10807	10899	11026	11049	11462	11666	11792	11845	11915	12038	12148	12249	12522
271	1.0	819	1598	1738	2379	2466	2700	3391	5551	5613	5835	6915	6936	7768	8367	8659	8930	10385	12317
272	1.0	786	1337	2906	3384	3864	4243	5750	5873	6514	7384	7946	9081	11228	11325	11720
273	1.0	2406	2932	5093	6026	6637	7111	7265	7272	8464
274	1.0	641	1161	1852	3432	5717	6339	6825	6923	6957	7163	7510	7827	7931	8189	8566	8771	8897	9764	10021	12222	12388
275	1.0	44	391	510	892	4234	4263	4326	4404	5798	7615	8677	8976	9370	10689	11135	11336
276	1.0	86	731	771	796	803	866	939	1622	1672	2263	2520	3110	3123	3342	3540	3618	4745	4827	5003	5086	5126	5202	5281	5404	5966	6171	6794	7006	7115	7457	7502	7908	8117	8744	9783	9891	9978	10501	10664	11125	11879	11930	11942	12120
277	1.0	2612	3735	5375	7896
278	1.0	128	141	251	648	1887	3160	3193	3599	3843	4105	4154	4542	4743	5118	5494	6357	6551	6575	7083	7208	8773	8827	9341	9415	9443	9801	9860	10078	10567	10657	10990	11345	11411	11454	11589	11708	11888	12198
279	1.0	170	266	918	1199	1234	1243	1439	1838	1897	2041	2566	2569	2578	2621	2762	2791	2927	3042	3199	3252	3469	3635	3867	3881	3884	3968	4001	4134	4147	4177	4225	4296	4345	4483	4741	4752	4754	4947	4981	5322	5337	5692	5891	6207	6427	6433	6765	6834	6856	7461	8167	8182	8255	8452	8792	8921	8948	9044	9050	9251	9326	9374	9403	9480	9545	9639	9701	9952	10404	10632	10640	10810	10948	11237	11349	11521	11665	11803	11981	11994	12266	12379
280	1.0	2027	3098	3459	3819	6585	7091	7644	8630	9088	10527	11953
281	1.0	168	192	208	1430	1715	2596	3128	3212	4390	6988	7634	8441	8478	8947	9283	10132	10475	11361	11491
282	1.0	59	886	2341	5254	6824	6908	7989	10031	10944	12413
283	1.0	1584	3974	4572	5579	9754
284	1.0	3977	5653
285	1.0	3708	5816	8580
286	1.0	1482	3101	3264	3720	4539	4705	5145	5507	5808	5903	7035	7916	8998	11211	12037
287	1.0	694	862	940	2310	4903	5683	5859	6592	6876	7237	7773	7873	10563	10853	12250
288	1.0	92	254	654	730	1023	1486	1505	1764	1883	2111	2195	2676	2767	3152	4086	4505	4902	4937	5144	5491	5617	5671	6491	6539	6645	7062	7079	7173	7400	7441	7593	7716	7838	7997	8046	8154	8435	9052	9996	10084	10504	10623	10850	11166	11194	11641	12109	12499
289	1.0	3086	4748	7026	7393	9177	11199	11822	11858
290	1.0	4009	11341
291	1.0	990	1937	2650	4925	5106	5861	7160	8840	9600	11852	12063
292	1.0	217	611	1261	1845	2297	2400	2551	2857	3009	3398	3532	3963	4639	4726	4994	5017	5528	6607	6627	6780	7407	8018	8418	9941	10095	10267	10565	10760	10978	11949	12561	12562
293	1.0	1126	7950	9752	11889	12307
294	1.0	658	1821	1837	2664	3035	3563	3649	3714	4137	4531	5221	5727	6035	6258	6276	6902	7903	8123	8383	8593	8613	8721	9217	9219	9248	9347	9921	10254	10308	10519	12304	12386
295	1.0	238	432	801	1004	1241	1793	1834	1896	2468	2704	3296	3792	4680	4932	5155	5388	5482	6382	6502	6651	7033	7040	7295	8010	8241	8336	8600	9073	9610	10679	10805	10872	11540	11562	11766	12574
296	1.0	228	1706	1921	2075	2474	2580	3367	3471	5572	5733	5982	6662	7148	8429	8812	9654	9983	10092	10370	10375	12391
297	1.0	1151	3970	7520
298	1.0	33	366	370	400	508	746	756	969	1140	1215	1470	1590	1997	2086	2145	2248	2315	2349	2404	2416	2459	2505	2807	2821	3161	3205	3382	3627	3636	3681	3694	3947	4004	4006	4070	4135	4144	5167	5206	5249	5318	5576	5876	6011	6109	6385	6648	6670	7034	7067	7328	7420	7487	7861	7877	7937	8136	8144	8307	8454	8527	8565	8616	8639	8701	8855	8991	9187	9307	9334	9412	9421	9527	9642	9873	9885	9962	9968	10063	10116	10130	10410	10649	10834	11030	11308	11363	11628	11670	11840	12310	12392	12506	12554
299	1.0	1377	1966	2878	3258	3331	3612	8668	9025	11933	12160
300	1.0	942	2338	3154	3362	4800	5420	7240	8207	8749	8756	9532	10792
301	1.0	6421	8803	9085
302	1.0	13	207	470	631	682	774	1164	2150	2282	2284	2343	3011	3337	3366	3437	4187	4855	4888	5201	6096	6602	7010	7259	7351	7553	8482	8620	8655	8698	8923	9060	9096	9589	10123	10425	10560	11707	11945	12029	12150	12478
303	1.0	156	445	535	721	951	953	974	977	981	1511	1564	1927	2289	2592	2800	2805	3014	3127	3332	3339	3700	3814	4557	4591	4794	5043	5247	5578	5631	6176	6281	6300	6306	7258	7424	7687	9277	9928	10532	10960	11001	11011	11014	11095	11219	11295	11541	11966	12159	12518
304	1.0	947	2848	5009	7486	11979	12419
305	1.0	1012	1526	1685	1733	2458	2811	3711	4630	4640	4821	5328	5602	5703	5917	6711	7089	7965	9428	10058	10528	11613	11918	11950
306	1.0	546	565	1019	1784	2322	2477	2683	3461	4222	4629	5592	7951	9720	10160	10274	10602	11110	11394
307	1.0	201	275	397	548	549	1157	1171	1285	1338	2048	2278	2681	2881	3211	3222	3223	3303	3380	3535	3596	3767	3877	3992	4003	4024	4039	4112	4405	4593	4642	4731	4779	4795	4880	4924	5006	5020	5035	5052	5180	5320	5329	6049	6337	6728	6752	7306	7987	8068	8129	8739	8841	9034	9101	9191	9209	9389	9748	9761	10065	10342	10473	10629	10917	11115	11679	11782	11898	11978
308	1.0	18	392	1316	2176	2962	3077	3169	3847	4869	5246	5600	8044	8759	9357	10407	12133	12209	12443	12500
309	1.0	431	459	736	778	1262	1273	1434	1817	1877	2006	2146	2192	2346	2417	2618	2715	2724	2756	3084	3106	3159	3164	3492	3688	3739	4026	4116	4389	4429	4580	4951	5053	5063	5311	5355	5384	5589	5857	6010	6287	6600	6636	6675	6742	6981	7075	7093	7172	7192	7222	7409	7491	7624	7851	7855	8031	8116	8216	8319	8536	8691	8809	8875	8904	8939	9308	9426	9573	9816	10040	10197	10390	10444	10624	10699	10740	10815	10876	11037	11145	11266	11337	11617	11850	11941	12146	12382
310	1.0	449	872	1516	1600	1954	2329	2701	3075	3449	3849	4327	5591	6461	6686	6929	8204	9005	9317	9508	10270	11701
311	1.0	113	360	512	931	1035	1830	2335	2355	2446	2830	3622	3855	4739	4964	5918	7323	7771	7869	10344	10488	11111	11691	12036	12315	12454
312	1.0	1391	3071	6364	6428	7176	8575	9807	12234	12529
313	1.0	348	1648	1964	2778	3067	3703	5023	7876	9105	9477	10081	10966	11435
314	1.0	8	299	628	859	879	1146	1300	1353	1407	1583	1611	1882	2255	3733	3995	4165	4321	4730	4894	5084	5165	5280	5294	5430	5615	6099	6102	6187	7326	7395	7718	7782	7961	8134	8271	8395	8412	8665	8911	8955	9042	9083	9530	9926	9991	10252	10277	10481	10566	10950	11244	11443	11588	11824	12106	12332	12489
315	1.0	1018	2844	4823	7613	8133	8928	9956	12050
316	1.0	810	957	1612	2100	2152	5132	5293	5639	7311	7667	8710	9461	9825	9980	10223	10618	11581
317	1.0	109	167	312	349	547	919	2001	2148	2367	2548	2710	2747	3508	4284	5395	5418	5940	6344	6375	6860	7412	7617	7649	7859	8355	9099	9175	9252	9312	10024	10087	10765	11297	11897	12183	12185	12252
318	1.0	345	544	2399	2860	2942	3055	3130	3344	3499	4581	4594	4651	5174	5443	5667	5848	6201	6240	6597	6713	6778	7330	7537	7592	8002	8634	9469	9838	9942	10211	10988	11019
319	1.0	1268	1916	6691
320	1.0	8405	8545	12044	12122
321	1.0	9	138	256	463	701	1254	1323	1351	1461	1603	1677	1828	2105	2810	2902	2915	3453	3510	3554	4254	4470	4560	5183	6077	7107	7294	7860	7871	7992	8424	8439	8522	9693	9721	10195	10451	10710	10747	10951	10958	11188	11432	11618	12340	12548
322	1.0	5438	7304
323	1.0	265	329	725	773	825	968	2038	2479	3370	3868	5058	6027	7103	7108	8414	8607	8696	9804	10190	10694	10698	11328	11574	12364
324	1.0	70	1625	1633	1933	3655	3916	4201	4481	4628	5473	5525	6296	6578	7357	7512	12040
325	1.0	125	811	1245	1258	1328	1686	1902	2065	2162	2194	2469	2492	2670	2712	2741	2877	2909	2913	3064	3311	3941	3964	4365	4583	4609	4912	5007	5334	5373	5516	5657	5682	5747	6383	6485	6530	7627	7744	7848	7963	8061	8157	8555	8794	9149	9218	9293	9411	9498	9549	9556	9570	9775	9995	10656	10673	10729	10897	11047	11362	11395	11457	11762	11884	12088	12277	12514
326	1.0	358	2045	2140	2685	2925	2950	2990	3873	4178	4255	5026	5437	5597	5658	5665	5975	6397	7013	7402	7868	8099	8183	8232	8400	8505	8695	8866	9106	9198	9338	9483	9667	10041	10394	10579	11316	12323
327	1.0	47	2265	3233	3502	5111	5825	6289	7085	8964	10006	10114	10259	10570	10862	11186	11556	11630	12495
328	1.0	497	714	852	949	1756	2090	2181	3678	4123	4407	4992	5971	8990	10025	10250	11099	11547	11622	12220	12456	12528
329	1.0	29	197	314	430	686	884	948	1545	1728	1752	2021	2159	2292	3381	3458	3557	3803	4231	4265	4387	4453	4772	4805	4979	5381	6229	6958	7198	7238	7406	7620	7704	7894	8093	8325	8352	9302	9918	10214	10688	11520	11647	11819	12084
330	1.0	4474	6309	9669
331	1.0	2603	3230	3589	3888	5321	5889	7515	8389	8775	9003	9022
332	1.0	53	110	441	561	995	1185	1878	1917	2374	2864	2934	2985	3257	3724	4541	5011	5051	5189	5303	5356	5362	5402	5548	5696	5709	6179	6455	6525	6608	7455	7552	7809	7846	8062	8440	9265	9723	9726	9741	10053	10077	10097	10412	10777	11013	11029	11335	11517	11683	11772	12055	12213
333	1.0	249	252	5757	5805	5881	5942	8370	9069	9339	10295	10396	10719	11307	11506	11712	12507	12534
334	1.0	927	2946	3004	3405	5398	5684	6497	8651	9420	10217	11455
335	1.0	1405	2164	2443	3229	3550	4403	4762	4862	4929	5101	5947	6084	6216	6457	7398	7890	8588	9279	10379	10403	10648	11212
336	1.0	769	1812	2921	6949	7213	8380	8411	9090	9954	11493
337	1.0	182	263	412	482	518	620	744	792	1063	1106	1623	1988	2227	2488	2528	2693	2824	3151	3348	3428	3698	4544	4991	5040	5700	5755	6031	6438	6561	7145	7266	7307	7428	7462	7964	8111	8317	8598	8679	8714	8750	8877	8890	8963	9222	9241	9660	9735	10035	10391	10469	10478	10559	10572	10604	10738	11016	11072	11390	11501	11732	11806	11876	11906	11980	12077	12221	12233	12324	12375	12407
338	1.0	3470	7810	7994	8650	11183
339	1.0	689	1247	5797	6479	6581	6690	9065	11100	11371	12140
340	1.0	425	1408	1803	2285	3182	4682	5914	6832	8541	8835	9110	10043	10353	10981	11023	11578
341	1.0	99	468	516	691	797	836	973	1054	1173	1196	1429	1481	1607	1755	1855	1892	2240	2358	2425	2460	2738	3053	3189	3340	3474	3509	3561	3601	3617	3709	3812	3965	3987	4052	4083	4091	4182	4249	4660	4724	4893	4938	5002	5178	5253	5490	5554	5614	5766	5845	5846	5921	6212	6266	6315	6415	6757	7047	7291	7447	7603	7662	7678	7778	7849	7924	8333	8453	8495	8666	8667	8776	9104	9227	9665	9727	9738	9797	9803	10336	10597	10642	10658	10772	10839	11120	11129	11404	11460	11510	11652	11844	11928	12476	12496	12557
342	1.0	808	2295	3040	3927	3978	5243	6119	6712	7340	8082	8109	9263	9425	11786	12054
343	1.0	105	364	368	1536	2384	3555	4092	4104	4632	5449	5833	6017	6155	6169	6185	6283	7498	7582	7858	8206	8248	8548	9270	9473	9686	9925	9932	9993	10049	10153	10286	10887	11567	11638	12094	12462	12492
344	1.0	514	550	1444	1668	1940	2156	2524	2640	3094	3658	4055	4304	4339	4919	5867	6111	6733	7049	7497	7682	8654	10122	10610	10626	11153	11234	11839	11891
345	1.0	1198	3315	3393	3966	7655	7736	9237	12256
346	1.0	1839	3448	6532	12384
347	1.0	23	120	204	338	356	388	770	1352	1586	3590	3962	5012	5317	5421	5714	5792	5907	5910	6098	6692	6782	7657	9184	9588	9666	9685	9814	10670	10974	11131	11532
348	1.0	226	305	439	644	3811	3912	5782	6624	7862	8427	8529	10840	11246	11265	11417
349	1.0	437	1033	1169	2169	3285	3925	4559	5839	6054	7804	8301	8743	9146	9645	9648	9791	11373	11770
350	1.0	936	1743	2826	4922	5953	6852	7576	9144	9730	10124	10208	10258	10281
351	1.0	335	643	732	781	829	1491	1630	1714	2165	2890	2929	3180	3747	3929	4346	4551	4868	5156	5315	6160	6310	6756	7138	7493	7854	8170	8483	8503	8521	8547	9495	9675	10381	10843	11149	11167	11227	11737	11937	12138	12157
352	1.0	1168	2025	2783	3848	3880	4690	4972	8105	9647	9861	10641	12580
353	1.0	91	108	247	389	487	1332	1665	1849	1985	2344	2433	4511	4524	4898	5444	6065	6707	7329	7703	8417	8725	8729	9367	9744	9882	10151	10325	10438	10748	10866	10908	10920	11633	11674	11835	12066	12181	12420	12526
354	1.0	473	640	696	1031	1517	2347	2354	2721	2804	3949	4897	5108	5770	6131	6898	7055	7578	8227	8341	8434	8678	8988	9581	10888	11175	11757	12200	12331
355	1.0	35	231	369	1326	2967	3543	7554	8203	10552	11272
356	1.0	1165	1480	2005	2617	4240	4891	5664	5729	6541	7795	9133	11259	12195
357	1.0	319	569	616	1051	1125	1406	1960	2039	2245	2510	2586	2600	2705	2949	3853	3920	3999	4302	4819	6112	6761	8632	9322	9337	9540	9943	10022	10184	10590	10784	11551	12403	12513	12573
358	1.0	66	474	502	1474	1574	1601	1710	1866	1884	2108	2243	2318	2330	2666	2675	2828	2970	3026	3069	3179	3262	3297	3455	3572	3591	3631	3879	3910	4019	4185	4615	4884	4935	4980	4989	5598	5669	5712	5735	5780	5890	6067	6157	6272	6647	6762	7456	7528	7813	8028	8537	8561	8671	8702	8764	8825	8871	9014	9057	9315	9501	9756	10287	10331	10392	10499	10637	10725	10790	10849	11136	11173	11213	11249	11513	11615	11631	11895	11919	12116	12253	12409	12457	12541
359	1.0	300	2251	2823	3007	4499	5185	5778	7917	8163	8335	8468	8594	9534	9638	9859	9888	10462	10727	11883	12090	12226	12519
360	1.0	271	361	513	708	1304	1587	1643	1673	3107	3131	3504	3911	4482	5064	5650	6319	6631	7195	7253	7516	7605	8298	8584	8685	8927	9029	9058	9123	9970	10060	10400	11066	11856	12435
361	1.0	117	246	372	1380	1941	2736	3699	3825	4444	5104	5223	5483	7334	7387	9115	9361	10177	10844	10941	11935	12278	12425
362	1.0	716	1092	2894	2977	3141	3267	3465	4038	4967	5173	5823	6093	6839	7315	7401	7519	7814	8737	8916	8972	9056	9166	10212	12033
363	1.0	50	367	455	788	913	1393	1632	2619	2739	3202	3745	4368	5100	5486	5776	5957	6050	6279	6512	6878	7009	7444	7469	7579	7601	7806	8234	8552	8614	8974	9220	9230	11646	11911	12127	12532
364	1.0	24	292	308	326	387	519	610	697	749	982	1083	1096	1176	1226	1319	1388	1454	1754	1804	1846	2098	2610	2665	2761	2887	2922	2935	2945	2991	3012	3052	3140	3153	3409	3523	3630	4436	4466	4532	4612	4618	4704	4803	5014	5158	5316	5426	5475	5506	5545	5799	6228	6331	7155	7223	7287	7321	7560	7562	7967	8291	8339	8463	8615	8694	8944	9147	9188	9349	9463	10029	10243	10324	10369	10571	10596	10837	10893	10906	10936	11132	11384	11451	11507	11508	11599	11693	11783	11921	11926	12329	12330
365	1.0	2757	3795	5899	5972	5984	7884	8027	11482	11716	12008
366	1.0	2183	3328	3564	5406	5448	6090	8135	8269	11592
367	1.0	7	1093	1255	1278	1318	1885	2019	2078	2128	2816	3061	3157	3718	4184	4288	4406	5435	5504	5520	5655	5744	6213	6407	7364	7785	7845	8354	8688	9760	10193	10249	10335	10782	10838	10953	11054	11675	11878	12131	12208	12402
368	1.0	321	362	626	821	926	1016	1520	1656	2389	2471	2983	3475	3491	3794	5235	5296	5445	6261	6519	6941	7105	7183	7423	7504	7557	7587	7906	7927	7968	8602	8754	8918	8969	9502	10290	10334	10459	10685	10829	10938	12075	12154
369	1.0	483	1861	3323	3628	3786	3807	5008	5722	5919	6857	7106	7713	8092	8229	9712	12004
370	1.0	3727	5928
371	1.0	3	56	668	883	1213	1404	2003	2044	2300	2314	2480	2608	3423	3640	4170	4298	4708	4914	5500	5991	6312	6738	6938	7032	7346	7522	8443	9352	9364	9729	9755	9843	10348	11056	12400
372	1.0	440	663	1130	2211	2218	2918	3375	3852	4654	6146	6564	6696	7162	7618	8113	8728	9782	9958	10461	10477	11380	11533	11611	11771	11991	12343	12411
373	1.0	353	407	1815	2069	2445	2615	2634	3407	3762	4023	4722	5227	5310	5637	5724	5788	5927	6294	6586	6646	6668	6896	6937	6992	7046	7086	7092	7331	7418	7648	7734	7984	8267	8913	9576	9745	9857	10019	10203	10691	10940	11209	11305	11488	11680
374	1.0	1514	1617	1970	2052	2362	3034	3454	3830	3851	3905	4059	4261	4270	4986	5323	5594	5895	6353	6836	7280	7442	7500	7631	7910	7976	8081	8251	8401	8431	8560	8940	9200	9643	9796	10638	10708	10769	10864	11189	11868	12212	12482
375	1.0	1002	1496	1928	2606	5371	5883	6094	7741	10954	11313	11825	11865	12194	12417
376	1.0	277	290	294	433	932	945	1135	1145	1187	1206	1631	1753	2040	2114	2320	2565	2746	2795	2914	2971	3049	3171	3426	3496	3536	3731	3952	3979	4037	4080	4204	4361	4623	4758	4837	5715	5754	5809	6007	6058	6181	6200	6259	6305	6333	6349	6393	6605	6613	6682	6731	7043	7527	7668	8145	8284	8371	8426	8476	8526	8597	8653	8779	8845	8960	9047	9154	9327	9346	9585	9677	9709	9865	9883	10145	10242	10489	10703	10907	10929	10995	11069	11344	11402	11426	11527	11649	11690	11769	11909	11961	11972
377	1.0	176	1120	1431	1862	2242	2298	3163	3250	3743	4106	4290	4398	4638	5110	5124	5213	5512	5610	5865	6330	6580	6961	7229	7921	7929	9417	10294	10569	10885	11036	11142	11469	12434
378	1.0	692	2230	5088	6802	7466	8249	8297	8342	8931	11224	11434	11639
379	1.0	135	140	146	186	313	737	1395	1701	1722	1869	2302	2449	3325	3772	3805	3955	4043	4124	4325	4582	5746	6136	6233	6855	6895	7490	7728	7939	8102	8971	9387	9810	10271	10284	10436	10573	11323	12336
380	1.0	133	175	415	760	1614	3245	3863	5228	5575	6845	8881	9798	9872	9908	10562	11292	12546
381	1.0	2102	3679	5120	6674	7354	10315
382	1.0	1195	2339	3716	4107	4917	5455	5519	5527	6020	6424	6763	7670	8057	8140	8869	9030	9450	9940	10108
383	1.0	237	320	384	396	501	552	637	837	868	960	1060	1232	1507	1675	1829	2054	2094	2453	2602	2697	2896	3247	3249	3707	4033	4465	4565	5090	5209	5410	5552	6615	6922	7408	7545	7671	7676	7731	8047	8088	8421	8448	8472	8573	8660	8724	9128	9158	9310	9365	9877	10406	10460	10741	10842	11162	11356	11480	11706	11808	12182	12511
384	1.0	37	728	1006	1238	3114	3573	3685	4719	5010	5114	5434	6799	7164	7900	7977	8348	11430
385	1.0	3420	4421	8525	8732	9098	9325
386	1.0	646	1580	1978	2889	2968	3295	3661	3672	3816	4275	4414	4751	5194	5361	5468	5590	6916	7621	7836	8628	8933	8994	9196	9368	9499	10362	10463	11473	11505
387	1.0	5041	5849	6384	8713	11859
388	1.0	2125	2394	5930	6317	6785	7225	7639	8146	8717	8808	8837	8932	8957	9358	9841	9864	10161	12461
389	1.0	822	1110	2582	3933	4140	4351	7746	9076	9528	10541	10600
390	1.0	1502	3051	6124	6590	6805	6892	8888	10110
391	1.0	4030	4570	6588	6777	8517	9287	11340	11545
392	1.0	1061	1181	1638	3093	3132	3200	3732	4061	4285	5234	5383	5976	7290	7938	8572	9118	9997	10013
393	1.0	2508	5015	10505
394	1.0	952	983	1139	1333	1483	1831	3634	3835	3871	3903	4431	5279	6238	7378	7891	8107	8968	9053	9410	9994	10154	10323	11583	11625	11988	12009	12169	12582
395	1.0	258	1348	2768	3242	3313	3447	4175	4396	4487	6070	7015	7241	7535	8958	9793	10010	10384	11969
396	1.0	1605	3445	3902	4192	4671	4999	5580	5762	6190	6221	7212	7619	7659	7893	8149	8553	9622	10134	10382	10654	11319	11536	12010	12241
397	1.0	78	241	363	408	659	857	1220	1249	1428	1527	1717	1749	1814	1819	1949	2081	2104	2250	2568	2832	2882	2959	3057	3203	3552	3652	3654	4044	4252	4695	4913	4945	4974	5301	5509	5517	6197	6861	6899	7003	7060	7109	7149	7380	7529	7675	7820	8327	8646	8657	8715	8922	9164	9471	9506	9689	9785	9898	9901	10176	10239	10494	10621	10814	10996	11007	11193	11456	11579	11671	11743	11828	11873	12059	12227	12302
398	1.0	122	1325	1641	2294	2813	2904	4502	4604	4641	5742	6469	6847	7012	7031	7934	8559	8563	8708	8993	9467	10511	11624	11869	12113	12497
399	1.0	405	438	458	889	1424	1465	1734	1826	1923	2147	2178	2232	2348	2536	2773	2776	2794	2947	2972	3133	3306	3478	3647	3740	4208	4393	4402	4472	4685	5299	5364	5387	5400	6016	6487	6501	6565	6598	6687	6767	6975	7344	7347	7362	7559	7699	7912	8718	9002	9049	9216	10303	10326	10490	10551	10659	10892	10970	11284	11722	12473
400	1.0	1	735	2088	3096	3749	4241	4892	8200	11995
401	1.0	625	816	1493	2262	2576	4450	5440	6872	9038	9276	10055	11372	11642
402	1.0	143	4860	5025	5331	6486	9046	10667	10808
403	1.0	181	315	712	748	772	794	962	1153	1225	1276	1397	1563	1726	2026	2283	2360	2587	2601	2732	4306	4457	4458	4696	4870	5634	5909	5963	6243	6247	6360	6729	6888	7521	7720	7797	7913	8070	8097	8285	8568	8690	9432	9500	9564	9599	9630	9849	10032	10313	10700	10927	10931	11025	11603	11685	11983	12201	12290
404	1.0	8131
405	1.0	34	58	127	5858	6189	8387	11902	11943
406	1.0	1127
407	1.0	1088	1141	1577	1824	1901	2008	3176	4330	5115	5291	6015	6983	8138	8539	8925	9190	9878	10118	10337	10536	11148	11268	11484	12232	12358	12360	12361
408	1.0	93	478	677	722	798	943	1769	1889	2142	2225	2509	2777	2812	2839	3173	3357	3467	3597	3883	4787	4791	4886	4970	4977	5338	5668	6029	6095	6265	6381	6549	6960	7008	7123	7232	7247	7277	7310	7484	7679	7697	7786	8054	8239	8731	8863	8996	9578	10072	10218	10635	10982	11005	11039	11127	11195	11595	11637	11713	12137
409	1.0	1913	3930	5324	5892	7178	7350	8834	9012	9054	10332	10757	10924	11018	11789	11947
410	1.0	297	720	1627	2097	2658	2752	3444	3817	7187	7474	9124	9205	11542	11989	12115	12393
411	1.0	587	603	680	954	1257	1289	1295	2439	3360	3917	4193	5431	5897	6158	6206	6553	6772	6830	7745	8386	9819	11101	11960	12376	12559
412	1.0	1532	3932	6474	7018	10720	11009	11022	11329
413	1.0	46	3436	6901
414	1.0	126	243	302	447	709	938	1104	1160	1284	1321	1426	1509	1637	1742	1950	3421	3506	3518	3625	3690	3806	3918	4323	4512	4812	5139	5159	5264	5422	5538	5584	5885	6426	6755	7427	7742	8259	8388	8558	8640	9045	9180	9267	9298	9519	9671	9811	10068	11044	11400	11401	12061	12305	12406
415	1.0	15	274	909	1524	1907	2356	2907	2940	3018	3588	4262	4573	5078	5119	5298	5403	5945	6005	6138	6336	6523	7065	7276	9182	9674	9965	10172	10529	11281	12572
416	1.0	340	856	1371	2774	6535	9768	11535
417	1.0	60	390	472	493	567	743	753	1286	1774	1870	2002	2481	2538	2638	2690	2842	2855	2978	3021	3048	3383	3801	3831	3960	3988	4060	4448	4496	4589	4918	4976	5061	5182	5198	5302	5496	5739	5961	6352	6499	6629	6748	6754	6990	7051	7057	7422	7757	7975	8185	8446	8587	8727	9228	9271	9340	9739	10079	10611	10622	10661	10732	10761	10835	11064	11242	11497	12134	12348	12466	12488
418	1.0	155	288	656	923	1064	1072	1565	1604	1680	2226	2420	2646	2803	2847	3270	3785	4085	5713	5767	5956	6547	6859	6921	7388	8261	8393	9156	9574	9608	9778	9916	10125	10482	10644
419	1.0	225	1559	1995	3082	3725	5192	5204	6250	7850	8094	8810	10498	11392	12147
420	1.0	347	619	782	1415	1573	1579	1616	1664	1691	2015	2047	2636	2833	2926	2939	3036	3755	3759	3854	3959	4016	4292	4603	5184	5446	5499	5688	6544	6893	8432	9342	10126	10680	10870	11045	11108	11285	11408	11444	11653	11927
421	1.0	118	1062	1758	2079	2609	2626	2919	2923	3087	3188	4082	4571	4587	4699	5629	6889	7019	7128	7688	7972	8419	8423	8943	10663
422	1.0	160	327	638	690	1118	1588	2659	2966	3041	4111	4212	4250	4452	4485	5502	5587	5965	6318	6329	6643	8321	9028	9048	9091	9192	10358	10785	10869	11416	11773	11787
423	1.0	589	853	1327	1993	2273	2880	3629	4015	4424	5740	5935	6473	6970	7325	7370	7430	7544	7762	8304	8350	8778	9446	9649	10696	10904	11861
424	1.0	1335	1562	1698	1900	2525	3673	3773	4381	4461	5190	5307	5950	6166	10822	11094	11774	12410
425	1.0	101	739	1468	1531	1581	1639	1776	3224	3520	4277	4613	4768	4789	5077	5514	6129	6560	6750	6791	7764	7802	7822	8080	8663	8828	8999	9906	10605	10900	11206	11239	11610	11907	12035	12149
426	1.0	230	1495	4376	8243	8908	10507
427	1.0	344	3394	5169	5612	9001	9503
428	1.0	209	1280	1282	1340	1485	1730	2113	2613	3260	3570	4415	5487	6451	6751	7966	8874	9715	9733	9799	10820	10847	11006	11777	12128
429	1.0	346	4522	5047	5710	6396	7349	7538
430	1.0	2793	3174	3525	6091	7715	8194	8786	11511	12575
431	1.0	1112	1552	2559	3513	5354	6055	6290	6531	7224	7922	9854	10465
432	1.0	580	1191	1384	1500	1679	2555	2728	2874	2892	3142	3810	4854	5066	5098	5433	5870	6365	6398	6596	6661	7463	8074	8169	8289	9097	9268	9284	9377	9546	9651	9992	10165	10232	10310	10421
433	1.0	578	790	802	1042	1582	2112	2198	2231	2271	2891	3378	3517	4423	4676	4783	4984	4996	5719	5721	5758	5922	6033	6402	6520	6747	7373	7839	7948	8384	8806	8843	9554	10224	10276	10819	11152	11247	11554	11564	11890	12047	12586
434	1.0	84	434	621	1386	1525	1666	2124	2287	2316	2631	2905	3827	3909	3939	4287	4679	5508	5608	5698	5905	6089	6495	7322	7800	7830	8228	8250	8487	9117	9636	9842	10417	10606	11424	12082	12295	12353	12427
435	1.0	3341	5518
436	1.0	68	136	148	287	1040	1236	1246	1688	1971	2082	2455	2910	3220	3376	3515	3696	4078	4514	4607	4777	5013	5070	5222	5358	5359	6148	6224	6226	6460	6554	6574	6595	6741	6882	6956	6999	7139	7274	7336	7374	7417	7660	7878	7885	8016	8063	8166	8199	8218	8378	8707	9153	9260	9431	9621	10191	10215	10251	10586	10923	11002	11055	11084	11102	11161	11436	11530	11687	11842	12085	12104	12187	12288	12550
437	1.0	196	1609	1820	2431	2527	3301	3457	3706	4813	4895	6199	6997	7816	8058	8375	8507	9067	9474	10137	10615	11271	11475	11598	12229	12576
438	1.0	588	758	843	865	1205	2716	3166	4896	5898	6001	6082	6118	9999	10206	12020	12078	12471
439	1.0	1768	4550	7234	8292	9193	10976
440	1.0	20	187	306	491	1074	1244	1290	1669	2068	2382	2490	2494	2680	2698	2708	2763	2836	2846	3214	3338	3490	3498	3530	3558	3648	4084	4286	4299	4331	4445	4507	4579	4670	4771	4942	5083	5255	5428	5478	5620	5783	5811	5837	6127	6214	6304	6450	6452	6571	6593	6797	7021	7126	7166	7419	7458	7503	7635	7690	8619	8622	8832	8847	8903	8961	9127	9257	9344	9558	9683	9691	9718	9802	9953	10106	10231	10449	10520	10550	10568	10585	10660	10779	10786	11231	11260	11311	11490	11514	11557	11657	11752	11755	11957	12011	12155	12287	12328	12404	12505
441	1.0	618	1381	1741	2233	2235	3791	3951	4681	5046	5556	5734	6464	6480	7550	8223	8286	8428	8799	9024	9839	10096	10852	10943	12274	12418
442	1.0	104	1015	1423	1925	2127	2175	2440	2661	3456	4072	5121	5368	6543	9007	11734
443	1.0	676	6770	8905	9223	12239
444	1.0	316	374	504	719	900	1114	1158	2249	2450	2507	2898	2937	2963	3103	3136	4079	4329	4631	4956	5117	5231	5346	5596	5648	5886	6087	6222	6458	6569	6641	6817	6864	7207	7525	7526	8110	8114	8208	8277	8283	8570	8605	8849	9437	9466	9522	9524	10426	10583	10587	11367	11414	11818	12058
445	1.0	874	1969	2141	3926	3957	4179	4202	4433	5419	5896	7101	8087	9607	9833	11524	11910	12168	12584
446	1.0	3514	8490
447	1.0	1724	2407	2869	3165	3314	3809	4344	4753	5136	8177	8637	9936	10112	10333	11331	12571
448	1.0	85	166	324	494	1084	1904	2448	2604	2669	3359	3763	3870	3996	4315	4910	4940	5701	6188	6394	6721	6796	7001	7114	7171	7399	7536	8000	8811	9179	9313	9836	10352	10633	10913	11204	11280	11976	12095
449	1.0	718	6466
450	1.0	318	612	671	915	971	1069	1283	1400	1529	1703	1783	1822	2200	2331	2441	2784	3010	3016	3210	3228	3365	3464	3895	3935	4172	4189	4384	4611	5059	5986	6840	6925	7288	7942	8410	9441	9627	9653	9772	9923	9934	10309	10367	10452	10577	11415	11851	12259
451	1.0	280	653	970	1066	1413	1553	1981	2163	2166	2239	2260	2424	2547	2856	3349	3408	3485	3501	3616	3620	4207	4775	4798	4960	5001	5263	5476	5531	5916	6192	6268	7165	7185	7209	7221	7597	7824	7926	8244	8366	8374	8510	8791	9553	9568	9575	9708	10183	10651	10677	10716	10821	10945	11128	11207	11709	11826	11830	12374
452	1.0	79	522	590	1422	1451	2207	2418	3070	3319	3321	3488	3744	3886	3921	4102	4245	4408	4479	4600	5289	5649	6024	6143	6416	6657	6734	6779	6787	6903	7070	7088	7701	7865	8318	8406	8807	9068	9646	10086	10182	10576	10646	10994	11263	11276	11500	11523	11626	11923	12494
453	1.0	270	585	2064	2076	2570	2745	2851	3347	6577	6944	8736	9572	10895	11138	12013	12527
454	1.0	1186	1757	3058	6714	6833	8919	9531	10186	10601	12028
455	1.0	783	1458	1498	3885	4066	4353	5055	5170	6254	8499	8795	8805	9224	9404	10650	11577	12230
456	1.0	26	1911	2340	2415	3505	3976	4515	4728	7464	8501	9449	10434	10855	10891	11339	11448	11552	11659
457	1.0	350	1367	1951	2071	2558	3256	4054	4669	4953	5314	5424	5955	7724	9211	9406	12535
458	1.0	1013	7099
459	1.0	159	687	733	1315	1453	1551	2447	3065	3080	3125	3201	3687	3704	3842	3882	3897	3913	4101	4400	4437	4473	4674	4689	4847	5427	5453	5676	5840	5925	6048	6325	6326	6952	7335	7365	7389	7774	7775	7982	8019	8066	8253	8344	8438	8455	8509	8884	9889	10238	11043	11058	11090	11103	11368	11607	11667	12312	12460
460	1.0	276	963	1067	1655	1860	3489	3645	3841	3894	4471	5454	5862	5949	6376	7256	7317	7394	7949	7956	8033	8168	9148	9195	9225	9604	10553	10773	11689	11814	12014	12231	12372
461	1.0	248	559	2412	3288	4667	7815	9548	9964	12145	12191	12228
462	1.0	162	1102	1670	1744	1908	2155	3943	5964	6563	7429	11466	12121
463	1.0	424	3944	4428	5072	6964	7169	10595
464	1.0	179	381	537	540	1098	1142	3516	3568	3680	3998	4658	6630	6656	7923	8245	8973	9375	9399	9776	9973	11157	12255
465	1.0	145	1751	2116	2539	2765	3181	3294	3719	4087	4236	4649	5258	5376	6044	6404	6818	6947	6994	7267	7421	7641	7653	8360	8538	8790	10882	11083	11273	12269
466	1.0	460	2444	3269	3374	4343	4686	5151	6494	6680	6726	6758	6869	7665	7909	10201	10522	10714	11463	11867
467	1.0	31	164	190	286	414	652	665	672	681	785	845	1356	1592	2311	2593	3074	3076	3593	3623	3664	3892	3973	4141	4176	4203	4239	4242	4256	4305	4533	5091	5187	5327	5571	5875	5924	6053	6162	6227	6235	6447	6471	6583	6810	7069	7119	7127	7250	7714	8345	8356	8741	8763	8818	8966	9021	9171	9429	9487	9886	10011	10107	10199	11352	11452	11569	11827	11846	12502	12504	12520
468	1.0	375	1045	1420	1438	1629	1663	2436	2513	2575	3090	3135	3289	4008	4040	4075	4721	4770	6374	7268	7437	7495	7499	7857	7928	8122	8171	8599	8706	9305	9440	9504	9853	9944	10007	10148	10304	10305	10320	10408	10690	10721	10753	10763	10764	11024	11929	12223
469	1.0	107	152	359	536	601	1109	1218	1711	2000	2334	2522	3170	3702	3984	4360	4537	5057	5305	5616	5847	6023	6106	8652	8895	9023	9150	10036	10229	10826	10972	11158
470	1.0	1446	1689	4171	6771	7110	7751
471	1.0	3876	4614	4634	4857	5268	5641	6133	9360	10192	11107	11747	11996	12144
472	1.0	488	543	1175	1365	1700	1865	1948	2059	2201	2366	2482	2980	2989	3019	3102	3231	3243	3419	3578	4017	4229	4380	4416	4526	4747	4808	4949	5099	5379	5725	6034	6147	6445	6453	6488	6529	6980	7041	7273	7482	7685	7811	8256	8585	8820	9092	9214	9385	9422	9515	9703	9893	10236	11015	11486	11620	11727	12005	12057	12060	12267	12283	12298
473	1.0	592	667	1450	1779	2557	3105	3111	3633	4035	4340	4858	5619	6191	6443	6768	6783	7805	8648	9353	9418	9684	9852	10253	10433	10448	11091	12272	12415	12433	12509
474	1.0	57	3054	4468	9672	9988	12056	12065	12261
475	1.0	2307	2779	3217	3857	4566	6184	8246	10282	10684	11165
476	1.0	38	149	593	755	928	1065	1210	1506	1624	1942	2180	2632	2759	2790	3031	3097	3192	3639	3836	4260	4310	4467	5149	5274	5689	5705	6399	6430	7005	7363	7385	7471	7622	7625	7953	8450	8621	8851	9145	9169	9201	9250	9445	9584	9678	10034	10234	10318	10372	10491	10514	11020	11327	11391	11699	11739	12049	12173	12190	12325	12338	12439	12516
477	1.0	495	527	5753	10178	12539
478	1.0	2426	2546	2668	2957	3050	3721	4950	9930	12275
479	1.0	812	993	1039	1816	2157	3147	3433	3872	4190	4843	5107	5342	7673	7794	8060	8150	8195	8989	9822	10865	11682	11807	11956	12135	12423
480	1.0	4401	5211	5536	5625	5694	7974	7990	9061	9679	11081	11464	11877
481	1.0	394	1025	1467	1807	2161	2222	3279	3686	4300	4983	5074	5134	5691	5743	6236	6284	7507	7952	8997	9299	10138	10512	10787	11031	11147	11179	11735	12436	12537
482	1.0	1026	1671	2743	3757	4197	4523	4718	4755	5042	6230	6414	6566	6650	6931	6959	7014	7054	8021	8582	8716	8800	9702	10109	10155	11516	11776	11788	12215
483	1.0	268	1209	1392	2740	3717	5237	7281	7477	7567	8711	8804	8970	9698	9847	10080	10169	10209	11805
484	1.0	112	295	402	627	861	1030	1058	1170	1615	1662	1800	1909	1974	1984	2291	2691	3195	3729	4586	4659	4872	5150	5366	5704	5749	5981	6038	6052	6117	6211	6406	6573	6798	6804	6842	7120	7309	7367	7760	7829	7867	8798	8917	9771	9920	10330	10361	10409	10546	10558	10578	10614	10662	10796	11289	11320	11765	11820	12039	12048	12166	12285
485	1.0	858	989	1086	1339	1350	1360	1414	1417	1437	1440	1499	1510	1910	2435	2938	2979	3113	3143	4665	4993	5116	5260	5843	5844	6018	7136	7327	7566	8197	8279	8397	8481	8644	8747	8781	9262	9291	9384	9433	9829	9949	10048	10219	10347	10413	10523	10655	11003	11012	11465	11566
486	1.0	19	545	985	1055	1299	1310	1478	1560	1827	2043	2462	2579	3023	3527	3560	3713	3906	5031	6483	6538	6918	6919	7007	7452	7589	8188	8595	9033	9070	9479	9907	9975	10174	11181	11940	12076	12296	12485
487	1.0	30	95	1192	1345	1369	1920	2122	2160	3078	3238	3253	3290	3302	3304	3495	3643	3923	3948	4349	4804	4842	4975	5175	5771	6097	6320	6432	6548	6820	7104	7332	7586	7919	8049	8069	8237	8263	8343	8836	9423	9456	9571	9706	9899	10033	10129	10298	10575	10580	10914	11052	11093	11097	11406	11438	11619
488	1.0	82	150	357	1034	1357	1983	2286	2801	2840	2879	3191	3399	3605	3614	3779	4071	4120	5256	5267	5563	5801	5838	6271	6366	7227	8235	8281	8293	8512	9111	9321	9724	9766	9794	9862	9903	9931	10450	10510	10534	11232	11303	12142	12196	12531
489	1.0	0	199	423	572	624	765	809	1270	1447	1475	1606	1702	1818	1958	2109	2554	2625	2730	2850	3183	3273	3275	3586	3859	4211	4727	5067	5153	5172	5241	5474	5685	5827	6198	6603	6633	6658	6660	6978	6986	7494	7565	7695	7754	7833	8032	8180	8757	8846	8870	8892	8953	9162	9234	9243	9258	9592	10064	10166	10350	10619	10745	10986	11010	11053	11057	11133	11177	11254	11369	11382	12099	12189	12236	12405	12568
490	1.0	80	129	311	594	806	987	1113	1230	1248	1344	1570	1645	2004	2306	2534	2786	2969	3284	3460	3477	3497	3771	3940	4041	4198	4700	4735	4817	5233	5465	5716	5751	5832	6507	6819	7050	7168	7405	7540	7546	7573	7590	7866	7995	8159	8469	8524	8544	8683	8838	9095	9107	9203	9391	9400	9789	9837	9855	10003	10020	10051	10168	10297	10354	10731	10880	10949	11076	11139	11658	11756	11886	12089	12151	12243	12306	12318	12369	12459
491	1.0	1303	1419	1945	1982	2134	2197	2622	2780	2870	2975	2986	3401	3446	3750	5140	6193	6727	6773	6965	7036	7152	7228	7732	8161	8290	8518	8519	9039	9163	9937	10085	10241	10428	10750	11074	11203	11763	11791	12062	12279
492	1.0	240	464	1159	1212	1291	1394	1456	2055	2274	2908	2924	3156	3336	3353	3377	3521	4220	4518	4694	4713	4853	5092	5532	5621	5686	5708	6134	6609	7039	7337	7470	7747	7847	8365	8368	8407	8467	8576	8949	9080	9379	9664	9740	9827	9858	10073	10307	10467	10483	10613	10759	10828	10932	10989	11433	11459	11584	11688	11710	11745	11749	11854	11948	12177	12199
493	1.0	16	21	283	293	636	1189	1253	1342	1409	1418	1646	1825	1863	2033	2101	2136	2308	2365	2585	2588	2654	2677	2814	2827	2912	3139	3236	3287	3316	3793	3869	3893	3969	4356	4464	4547	4548	4606	4691	4809	4948	5148	5186	5205	5245	5278	5425	5429	5606	5697	5812	5989	6252	6263	6363	6456	6504	6640	6924	7100	7150	7246	7301	7341	7572	7658	7825	7933	8084	8160	8381	8719	8796	9064	9116	9442	9591	9663	9695	9881	10156	10225	10383	10495	10545	10554	10756	10802	11468	11643	11736	11872	12558
494	1.0	700	1123	1374	1378	1986	2630	2785	3310	3388	4223	4357	4530	4563	4761	5251	5884	6945	7095	7124	7694	7711	7733	8037	8043	8108	8425	8514	8603	9079	9084	9168	9336	9489	9670	11112	11191	11342	11959	12003	12026	12102	12416
495	1.0	158	219	333	469	608	706	910	958	1471	1487	1661	2154	2376	2377	2999	3292	3553	3611	3701	3756	3858	4050	4230	4369	4371	4418	4553	4643	4655	4668	4954	5073	5351	5353	5413	5442	5633	5796	6237	6264	6302	6303	6618	6688	7074	7609	7672	7708	8030	8398	8465	9010	9120	9213	9362	9603	9696	9773	10139	10582	10724	11201	11405	11450	11544	11896	12022	12297
496	1.0	1252	1943	2363	2476	2515	3363	3922	4602	4908	5386	5866	6653	7141	7206	7252	7681	7883	8095	9055	9226	9233	9280	9351	9378	9565	9613	9966	10028	10136	10222	10256	10542	10742	10816	11197	11300	11751	11829	12490	12565
497	1.0	180	579	591	901	1053	1099	1105	1178	1306	1723	1856	2029	2151	2516	2766	2960	3254	3272	3431	3788	3866	4446	4637	4736	5038	5097	5220	5534	5568	5581	5623	6101	6275	6335	6492	6655	6672	7271	7446	7787	7792	7907	8403	8579	8819	9134	9176	9757	9974	10269	10321	10393	10833	11104	11302	11534	11750	11914	12002	12019	12021	12263	12313	12346	12438
498	1.0	227	419	490	632	827	912	1014	1387	1713	1720	2061	2107	2123	2552	2822	3390	3522	3950	3982	4065	4955	5022	5177	5549	5555	5933	7188	7199	7220	7852	7957	7960	8011	8390	8471	8492	8528	8822	8854	8938	9567	9913	10008	10327	10589	11222	11277	11531	11967	12097	12429
499	1.0	77	87	365	573	685	854	855	1182	1312	1572	1833	1976	2620	2642	2931	3001	3206	3354	3693	4228	4388	4538	4644	4801	5130	5285	5385	5457	5585	5626	5764	6121	6299	6324	6513	6620	6732	6838	7130	7366	7381	7755	7801	8156	8322	8511	8567	8589	8761	8978	9210	9494	9612	9765	9950	9982	10069	10180	10288	10447	10928	10937	11364	11409	11553	11692	11893	12217	12414
500	1.0	72	106	262	322	444	448	887	1148	1781	2277	2380	2583	3008	3121	3327	3425	3777	4126	4301	4830	5306	5994	5998	6579	6730	7134	7798	7844	8179	8359	8459	8770	8782	8868	9328	9398	9652	10093	10152	10431	10439	11804	12053	12248	12401	12437
501	1.0	526	541	596	882	1591	1729	1847	1867	1881	1893	1962	2074	2131	2325	2544	2562	2633	2678	2865	3089	3621	3928	4045	4221	4546	4558	4666	4966	5851	6244	6905	6932	7312	7391	7453	7531	7541	8004	8075	8132	9174	9376	9383	9394	9900	9967	10233	10279	10300	10647	11079	11338	11374	11476	11764	11863	12579
502	1.0	233	933	1155	2053	2238	2305	2359	2428	2831	2974	3104	3124	3282	3443	3539	4010	4280	4419	4598	5005	5191	5786	6066	6285	6301	6439	6766	6862	7098	7279	7443	7568	7570	7729	7904	8072	8474	8673	8751	9301	9402	9557	9746	9834	10054	10057	10120	10142	10430	10437	11117	11154	11317	11407	11495	11525	11550	11597	11719	11726	12292
503	1.0	98	139	165	599	740	1111	1266	1659	1799	2011	2174	2234	2264	2293	2560	2637	3350	3404	3434	3813	4362	4375	5122	5238	5728	5968	5979	6144	6152	6526	6559	6753	7030	7038	7200	8153	8358	8456	9172	9407	9668	9869	10113	10278	10346	10474	10875	10957	11121	11290	11423	11571	12246	12270	12426	12530
504	1.0	301	934	988	1798	1959	2266	2269	2423	2563	2845	3186	3415	3780	4274	4757	4916	4936	5049	5164	5567	5583	6552	6557	6606	6829	6913	7242	7696	7727	7752	7832	7880	8040	8233	8470	8493	8542	8591	9300	9831	9845	10062	10312	10368	10631	10902	11040	11051	11168	11604	11694	11794	11813	11925	12170	12180	12371	12440
505	1.0	284	539	604	642	764	1251	1410	1490	1667	1748	1836	1947	2016	2049	2342	2385	2644	2733	3033	3039	3092	3531	3549	3602	3644	3790	4246	4442	4617	4619	4656	4829	4931	5179	5469	5855	5997	6130	6139	6202	6340	6429	6808	6935	6962	7353	7508	7686	8141	8460	8609	9040	9159	9388	9427	9453	9644	9786	9961	10016	10322	10860	10967	11274	11283	11334	11815	11958	12041	12273	12335
506	1.0	172	1390	2020	2210	2391	2518	2598	2993	3770	4157	4476	4569	4904	4909	4930	5345	5407	5481	5738	6217	6973	7215	7257	7543	7759	7767	7834	8056	8124	8198	8214	8664	9977	10188	11164	11346	11366	11412	12479	12512	12524
507	1.0	10	83	115	328	847	1049	1073	1122	1314	1522	1657	1879	2132	2167	2397	2649	2748	3234	3322	3435	3529	3997	4501	4657	4939	5218	5539	5795	6540	6591	6594	6789	6811	6865	7158	7286	7338	7348	7772	8103	8126	8220	8222	8258	8337	8586	8815	8829	8885	9013	9246	9809	10415	10593	10695	11080	11196	11275	11324	11758	11992	12268	12301	12367
508	1.0	74	428	584	615	669	673	1535	1811	2050	2057	2070	2383	2556	2835	2861	2903	3600	3697	3781	3878	4081	4374	4425	4928	5125	5543	5574	5630	5642	5995	6178	6359	6626	6815	6827	7016	7020	7233	7358	7459	7479	7905	8034	8064	8187	8442	8508	8753	8975	9082	9249	9345	9559	10045	10418	10502	10809	11034	11071	11267	11695	11870	12031	12045	12244	12363
509	1.0	76	452	530	554	633	645	1036	1223	1463	1620	1719	1806	2137	2487	2550	2751	3500	3899	5208	5582	6409	7073	7375	7411	7435	7651	7958	8073	8856	9181	9448	9990	10102	10328	10376	10616	10754	10758	10883	11754	11944	12188	12204	12564
510	1.0	40	184	282	352	413	683	881	920	1075	1119	1150	1489	1872	1926	2256	2261	2467	2472	2489	2504	2543	2679	2936	3196	3402	3441	3896	4018	4158	4188	4332	4595	4920	5181	5197	5339	5663	5931	5973	6125	6295	6389	6434	6437	6516	6737	6890	6914	6984	7080	7129	7226	7314	7410	7451	7604	7853	7895	8048	8096	9288	9350	9537	9624	9734	9762	9769	10067	10345	10356	10386	10397	10592	10665	11156	11355	11498	11499	11903	12006	12067	12068	12242	12501	12549
511	1.0	1737	2203	2254	2437	2782	2895	3237	3240	4439	4714	5030	5550	5559	6257	6346	7068	7492	7602	8036	8372	10094	10144	10543	10797	11651	11775	11977	12271	12383	12449
512	1.0	264	273	404	533	817	875	1028	1476	2129	2303	2323	2484	2796	3137	3538	3665	3682	3758	3808	3860	3958	4319	4385	4503	4988	5076	5146	5210	5350	5367	5570	5756	6403	6498	6673	6697	7025	7122	7485	7595	7646	8104	8202	8310	8491	8556	8912	9102	10373	10530	10599	10812	10874	10930	11151	11205	11381	11502	11565	11635	11676	11738	11908	12129	12365	12475	12486	12515
513	1.0	124	332	371	436	461	477	489	563	670	848	893	1201	1204	1217	1956	2103	2350	2352	2386	2719	2817	3197	3395	3484	3742	3797	4012	4113	4549	4834	4871	5393	5472	5529	5678	5988	6210	6371	6676	6704	6816	6877	7045	7058	7143	7159	7465	7632	8127	8209	8466	8489	8531	8535	8746	8760	8823	9239	9606	10147	10351	10432	10811	10817	10859	11033	11046	11048	11332	12123	12197	12245	12389	12578	12585
514	1.0	36	634	1385	1801	2115	2153	2275	3839	3993	4056	4901	6308	6589	6942	7302	7517	7717	7993	9121	9194	9273	9372	9626	9719	10100	10127	10181	10627	10846	10971	11326	11779	11939	12110	12468	12533
515	1.0	169	213	330	606	873	1011	1077	1138	1296	1479	1619	1649	1778	1994	2158	2220	2288	2432	2584	2707	2717	2802	2837	3187	3209	3537	3862	4036	4063	4217	4247	4267	4447	4597	4645	4716	4973	5161	5166	5459	5675	5699	5934	6039	6196	6350	6413	6478	6558	6848	6998	7027	7214	7664	8085	8089	8172	8323	8437	8817	9780	9981	9985	10091	10157	10200	10366	10734	10998	11370	11864	11971	12130	12444
516	1.0	130	422	800	833	1094	1100	1166	1747	1915	1961	1967	2035	2202	2241	3235	3330	3351	3519	3607	3986	3994	4233	4276	4383	4434	4683	4737	4832	4848	4877	4963	5069	5250	5533	6003	6037	6064	6083	6149	6255	6348	7000	7674	7702	7940	8236	8260	8457	8462	8726	8735	8898	9586	9611	9851	9892	10089	10170	10261	10374	10419	10539	10831	11087	11357	11419	11446	11673	11802	11920	12240	12421
517	1.0	161	259	560	839	1005	1401	1868	2089	2643	2933	3003	3168	3400	3418	3424	3659	3787	3900	4049	4148	4335	4477	4528	4661	5363	5537	5558	5996	6342	6649	6700	7028	7170	7299	7501	7638	7645	7740	7777	7943	8217	8504	8780	8789	8952	9245	9264	9278	9547	9628	9634	9828	9879	10402	10442	10896	11256	11321	11359	11654	11748	11946	12043	12118	12119	12156
518	1.0	662	1022	1275	1373	1561	1935	2616	2655	3000	3145	3271	3581	3891	4128	4282	4952	5415	5485	5488	5784	6051	6069	6599	6850	7142	7236	7481	7483	8012	8050	8346	8833	9031	9043	9395	9717	10023	10471	10506	10692	10781	10851	11134	11146	11723	12175	12398
519	1.0	157	331	538	664	917	967	1095	1143	1219	1324	1477	1602	1761	1936	1991	2190	2591	2652	2686	3473	4007	4028	4283	4576	4596	4807	4882	4885	4946	5087	5908	5948	6046	6116	6248	6459	6749	6841	7117	7255	7261	7558	7901	8230	8287	8294	8311	8330	8436	8681	8942	9075	9126	9289	9314	9373	9458	9460	9569	9595	9637	9694	9867	10187	10687	10789	10845	10955	11078	11122	11230	11279	11347	11472	11563	11596	11916	12087	12093	12441	12508
520	1.0	382	871	891	1709	1716	1823	1946	2393	3356	3565	3722	3942	4062	4166	4269	4297	4359	4364	4435	4525	5137	5336	5495	5577	5607	5977	6251	6576	6955	7202	7248	7542	7725	7826	7837	7875	8005	8184	8420	8562	8633	8984	9141	9331	9509	9566	9747	9856	10026	10285	10316	10746	10916	11546	11549	11731	11753	11768	12012	12023	12141	12171	12281	12300	12373	12563
521	1.0	754	898	904	976	1017	1117	1132	1575	1594	1772	1989	2371	2491	2854	2888	3116	3204	3246	3278	3307	3312	3466	3567	3662	4011	4313	4672	4720	5123	5162	5319	5423	5674	5765	5831	5868	5894	6313	6322	6616	6622	6907	7024	7218	7628	8024	8176	8226	8985	9008	9059	9323	9711	10435	10584	10682	10801	10963	11109	11143	11245	11403	12538	12552
522	1.0	255	804	818	838	986	1628	2046	2119	2193	2268	2405	2419	2688	2744	3024	3476	3670	3796	3972	3975	4069	4291	4475	4489	5029	5113	5154	5944	6154	6444	6746	7017	7056	7078	7355	7513	7523	7738	8077	8268	8581	8627	8839	8893	8935	8982	9063	9189	9311	9673	9714	9808	9820	10422	10744	11140	11269	11487	11580	11664	11796	11836	12100	12136	12293	12354	12377	12455	12477
523	1.0	39	420	777	922	972	1193	1264	1421	2171	2229	2381	2731	3184	3300	4114	4417	4491	5028	5199	5304	5370	5466	5638	5695	6085	6387	6776	6874	6968	7275	7297	7439	7629	7887	8334	9304	9452	10143	10263	10301	10503	10832	11027	11067	12018
524	1.0	702	1188	1484	1788	2276	2589	3207	3345	3463	3545	3656	3990	4205	4449	4535	4876	4890	5027	5240	5369	5522	5654	5854	6013	6110	6215	6234	6328	6358	6489	6991	7514	7712	7970	8025	8051	8100	8264	8300	8402	9657	9731	9830	10128	10861	10910	10983	11210	11477	11494	11573	11821	12408	12481	12483	12553
525	1.0	97	214	267	341	466	499	520	524	562	1108	1224	1697	2672	2718	3324	3364	3577	3989	4108	4164	4264	4495	4516	4620	4706	4729	4776	4887	5239	5261	5477	5687	5920	6135	6159	6356	7052	7140	7324	7396	7532	8142	8205	8351	8610	8682	8907	8915	8941	8987	9119	9282	9408	9577	9598	9618	9787	10038	10273	10280	10468	10480	10561	10730	10788	10818	10952	11169	11393	11558	11784	12027	12046	12064	12069	12219
526	1.0	377	864	1329	1771	2118	2473	2574	2806	3059	3122	3674	4709	4785	5284	5726	6009	6423	6612	6683	6769	6873	6930	7282	7969	8017	8377	8532	8703	8844	9114	9186	9204	9363	9555	9560	9593	10672	11225	11489	11518	11780
527	1.0	14	27	411	564	698	710	726	727	849	1279	1292	1370	1494	1515	1542	1610	1687	1712	1912	2185	2607	3277	3562	3985	4293	4373	4687	4733	4900	4987	5273	5458	5929	6006	6132	6380	6582	6666	6885	6887	6982	7175	7177	7283	7684	8015	8038	8201	8416	8516	8523	8574	8617	8661	8680	8712	8954	9215	9255	9397	9482	9513	9550	9659	9972	10255	10343	10693	10726	10915	11106	11218	11348	11467	11681	11837	11841	11986	12016	12262	12320
528	1.0	183	224	269	336	517	860	908	992	1070	1265	1905	1973	2206	2531	2540	2564	2965	3225	3244	3263	3361	3392	4199	4397	4750	4835	4881	4905	4906	5157	5286	5628	5651	5672	5718	5904	5943	6072	6081	6126	6203	6355	6401	6506	6632	6698	6868	6886	7480	7575	7596	7689	7781	7799	7980	7986	8014	8190	8329	8391	8623	8631	8802	8830	9152	9356	9518	9542	9561	9661	10002	10082	10221	10476	10557	10712	10964	10973	11062	11174	11185	11235	11399	11560	11629	11672	11955	12186	12491
529	1.0	25	185	421	1707	2036	2368	2519	2595	2727	2808	3582	3834	3846	4155	4169	4174	4213	4214	4394	4564	4702	4806	5236	5523	5987	6327	6442	6511	6867	6870	7180	7197	7285	7563	7692	8007	8130	8720	8831	8861	9009	9286	9332	9366	9526	9697	9707	9959	10044	10389	11200	11314	11422	11608	11936
530	1.0	17	119	229	232	309	515	574	888	1038	1068	1154	1183	1541	1654	1796	1813	1987	2199	2279	2456	2726	2863	3112	3326	3397	3416	3548	3569	3626	3660	3804	3856	3898	4022	4227	4259	4411	4554	4647	4824	4836	4921	5408	5573	5593	5645	5772	5775	5814	5872	5969	6086	6209	6260	6345	6703	6910	6933	7251	7305	7414	7611	7642	7656	8022	8385	8458	8740	8865	8872	8876	8878	9036	9244	9790	9812	10012	10037	10061	10768	10799	11253	11351	11600	11648	11698	11704	11728	12071	12132	12152	12314	12387	12521	12536
531	1.0	52	310	343	660	935	1001	1179	1457	1763	2196	2390	2651	3081	3095	3226	3748	3980	4555	5266	5377	5489	5802	6036	6100	6418	6509	6517	7022	7174	7313	7372	7784	7808	8090	8118	8357	8554	8645	8704	9108	9130	9183	9281	9525	10083	10159	10457	10487	10705	10804	10935	11113	11130	11141	11278	11312	11333	11799	11900	12101	12378
532	1.0	442	453	576	824	1021	1256	1330	1546	1569	2537	2553	2614	2799	2872	3118	3126	3632	3671	4029	4152	4209	4366	4584	4826	5436	6151	6291	6678	6717	6894	6953	7053	7059	7087	7594	7843	7999	8224	8689	8950	9017	9140	9306	9655	9777	9887	10001	10365	11742	11838	12216	12484
