1	1.0	684	761	1165	1480	2312	2392	2617	2635	3874	4268	4509	4650	4891	4982	5044	5254	5664	6079	6541	6911	7989	8674	8684	8733	8775	9133	9330	10697	10857	11259	11397	12192	12413
2	1.0	1032	1097	1358	2007	2299	3050	3213	3890	4575	5820	5821	5830	5859	5899	6012	6665	6871	6880	7873	7884	8115	9016	9124	9381	9478	9914	11420	11749	12008	12051
3	1.0	212	5612	10628
4	1.0	10017	10531
5	1.0	759	1013	1396	1704	2214	2994	3587	3727	5195	5928	7099	7131	11934	12566
6	1.0	3470	3728	4844	6298	6314	7600	7810	8650	11183
7	1.0	1504	1554	1566	1567	3663	5265	5970	7026	8312	8738	9826
8	1.0	1519	2373	3442	4031	4740	5075	5207	7156	7217	9512	12299	12556
9	1.0	556	1391	3175	3991	4307	5557	5952	6163	6364	6428	7044	7176	7666	7803	7823	8315	9807	10359	10496	10848	10878	10993	11192	11383	12234	12529
10	1.0	738	2177	2920	3908	4099	4684	4710	4889	5292	5450	5452	5492	5542	6014	6241	6249	6472	8052	8920	9543	10639	10806	11264	11301	11800	11847	12103
11	1.0	281	546	565	1018	1019	1281	1416	1784	1933	2133	2295	2322	2477	2683	2844	3079	3385	3461	3655	3971	4194	4201	4222	4404	4432	4567	4616	4629	4823	5347	5525	5592	5798	5978	6242	6296	6467	6534	6578	6702	7151	7448	7505	7613	7951	8133	8247	8486	8530	8540	8928	8945	9720	9956	10098	10160	10274	10602	10617	10689	10735	10828	11082	11135	11336	11394	11449	11471	11733	12050	12054	12173	12427
12	1.0	5034	7132	9071	11568
13	1.0	674	805	911	2452	2694	3185	9103	11418
14	1.0	699	1455	1459	1676	2080	4094	5510	5731	6383	6481	6795	6883	7037	7748	7945	8981	9979	10588	11299	12264
15	1.0	480	947	1112	1914	2010	2561	2576	2848	4392	4399	5009	5096	5813	5815	6390	7393	7486	7691	7743	7856	8020	9177	10039	10942	11318	11880	11979	12419	12453
16	1.0	22	385	540	658	718	927	1002	1305	1496	1732	1821	1928	2041	2606	2664	2702	2728	2825	2876	2946	2997	3004	3043	3058	3334	3405	3568	3649	3970	4137	4347	4428	4531	4822	4985	5098	5362	5371	5397	5398	5684	5883	6398	6431	6466	6497	6902	6987	7773	7903	7955	8289	8405	8545	8651	8721	8949	9240	9248	9403	9420	9485	9539	9775	10217	10289	10308	10311	10440	10954	11171	11313	11388	11427	11455	11584	11703	11825	11865	11901	12044	12122	12191	12194	12255	12417	12567
17	1.0	208	588	592	598	784	843	865	940	1205	1412	1430	1452	1539	1968	2130	2335	2426	2442	2546	2596	2668	2716	2757	2906	2957	3022	3166	3393	3448	3493	3721	3795	3823	3966	4243	4739	4896	4950	5277	5661	5745	5972	5984	5999	6001	6082	6118	6173	6377	7634	7655	7736	8027	8174	8447	8641	8947	9237	9318	9930	9999	10206	10253	10475	10563	10827	10853	10879	10961	11293	11361	11482	11621	11716	11948	12020	12036	12078	12256	12272	12275	12384
18	1.0	346	531	613	694	862	1268	1320	1337	1425	1558	1651	1768	1839	1891	1916	2085	2102	2247	2310	2500	3158	3384	3483	3598	3679	3828	4030	4218	4522	4570	5047	5120	5290	5710	5750	6332	6396	6514	6532	6588	6674	6691	6777	7097	7133	7144	7234	7349	7354	7384	7538	7643	7771	7946	8175	8517	8635	8979	9100	9238	9287	9529	9681	9795	9986	10076	10315	10387	11340	11545	12250	12523
19	1.0	117	142	222	246	350	401	826	1367	1636	1941	1951	2071	2398	2406	2451	2558	2713	2736	2932	3256	3603	3825	3953	4054	4117	4410	4444	4646	4669	4953	5093	5104	5223	5314	5380	5424	5483	5779	5955	6026	6113	6568	6637	6792	6927	7111	7210	7265	7272	7334	7342	7387	7475	7608	7724	8120	8464	8497	9115	9193	9211	9235	9272	9335	9406	9917	10177	10800	10941	11038	11561	11821	11935	11990	12126	12278	12322	12425	12535
20	1.0	143	555	880	1874	1919	2603	3037	3589	4578	4675	4860	5025	5252	5321	5331	5729	6047	6174	6316	6486	6518	7284	7472	7515	8274	9022	9046	9462	9536	10667	10808	11066	11176	11198	11410	12086	12381
21	1.0	140	186	249	252	313	383	426	737	1382	1701	1722	1869	1890	2302	2760	3325	3559	3805	4325	4582	4694	5041	5341	5569	5746	5757	5805	5849	5881	5942	6136	6204	6270	6384	7182	7269	7930	8086	8370	8713	8730	8956	8971	9069	9339	9387	9664	9998	10284	10295	10396	10567	10719	11307	11712	11859	12490	12507	12517	12534
22	1.0	59	300	523	812	1228	1377	1690	1758	1966	2077	2251	2823	2878	3007	3083	3147	3258	3331	3612	4571	4699	5074	5778	5794	6587	7015	7056	7539	7917	7972	8060	8163	8468	8594	8668	9025	9160	9534	9822	9859	9888	10472	10727	11466	11741	11883	11933	12121	12160	12178	12226	12423	12519
23	1.0	155	780	936	1015	1777	1925	2060	2127	2175	2440	2559	2742	2826	3100	3456	3468	3513	4072	4153	4459	4922	5121	5368	5440	5732	5953	6107	6290	6694	6695	7392	7576	7922	7981	8445	9038	9144	9276	9386	9730	9781	10124	10208	10258	10424	10497	10650	11398	11462	11642	11831
24	1.0	317	2535	5262	6071	6341	6536	6926	10793	11190	11887
25	1.0	132	351	365	479	481	507	641	876	1091	1123	1133	1194	1250	1325	1354	1398	1695	2294	2319	2328	2611	2630	2653	2657	2809	2904	3038	3150	3265	3283	3388	3675	4228	4502	4604	4692	4744	4759	4772	5004	5147	5656	5717	5742	5856	5946	6156	6172	6218	6277	6601	6623	6847	6912	6923	6967	7031	7163	7167	7400	7433	7555	7616	7769	7882	8155	8302	8449	8514	8546	8559	8629	8708	8771	8993	9143	9475	9732	9750	9764	10075	10131	10446	10454	10511	10881	10898	10918	11512	11591	11778	11819	12003	12161	12203	12205	12385	12431	12472
26	1.0	46	57	602	813	1528	1584	1797	2948	3054	3436	3974	4167	4271	4468	4572	5579	6901	6993	7193	8762	9672	9754	9988	10099	10867	11849	11913	12056	12065	12158	12261
27	1.0	393	799	897	991	1024	1154	1275	1312	1432	1596	1934	1978	1990	1998	2031	2360	2448	2687	2754	2758	2868	3417	3582	3689	3816	4048	4074	4148	4219	4247	4281	4323	4352	4430	4486	4519	4626	4802	5275	5524	5540	5546	5646	5789	6140	6425	6510	6528	6599	6784	6904	7189	7196	7216	7386	7664	7677	7722	8089	8188	8257	8259	8265	8346	8568	8687	8789	8901	8910	9033	9126	9135	9275	9333	9369	9523	9700	9897	10463	10471	10521	10652	10896	11240	11697	11811	12043	12107	12175	12398
28	1.0	4	194	348	418	661	664	822	942	1110	1162	1389	1648	1904	1960	1964	2143	2258	2338	2579	2582	2586	2767	2778	2949	3023	3067	3154	3362	3703	3853	3933	4140	4351	4438	4492	4671	4784	4800	4828	5023	5420	5666	5707	5736	5800	5803	5901	6142	6247	6253	6483	6633	6722	6972	7007	7121	7240	7289	7710	7746	7876	8193	8207	8749	8756	9076	9105	9303	9477	9528	9532	10081	10179	10354	10541	10600	10792	10966	11298	11435	12497	12581
29	1.0	47	147	429	745	1955	2379	2466	4717	4767	4861	5257	6278	6679	6915	6936	7343	7780	8191	8543	8575	8964	9486	9710	9912	10385	10570	11186	11556	11931	12291	12344	12495
30	1.0	244	424	695	924	1151	1174	1227	1876	2221	2327	3073	3480	3944	4183	4337	4338	4494	4667	4703	4749	4933	5072	5622	5841	6267	6297	6685	6863	6964	7169	7520	7534	8700	8742	9548	9620	9662	9688	10135	10414	10595	10636	11470	11848	11917	11997	12114	12311	12543
31	1.0	270	469	497	585	714	852	921	949	963	1067	1089	1181	1413	1501	1655	1756	1860	2064	2076	2090	2144	2181	2213	2444	2787	3093	3132	3347	3349	3482	3489	3620	3678	3683	3732	3894	4061	4095	4123	4285	4371	4407	4556	4992	5112	5234	5351	5971	5976	6680	6726	6758	6844	6944	7147	7203	7290	7665	7865	7996	8318	8374	8408	8612	8791	8990	9078	9118	9138	9804	9919	9997	10013	10025	10250	10618	10698	10766	10895	11099	11138	11255	11547	11684	11867	12013	12220	12456	12528
32	1.0	399	417	600	954	1295	1762	1840	1854	1858	1963	2313	2549	2789	2875	3917	4127	4237	4764	4879	5599	5632	5936	6078	7113	7547	7745	7763	7779	8386	8451	8604	8793	9112	10046	10213	10643	10871	10903	11526	12376	12525
33	1.0	198	863	874	1699	1780	1931	1977	2141	2542	3015	3276	3666	3677	3702	3736	4154	4769	6955	7101	7208	7260	7599	7607	8773	9607	9801	10000	10004	10078	11022	11358	11524	11708	12584
34	1.0	570	1047	1115	1167	1233	1287	1362	1375	1794	1992	2168	2409	2699	2893	3343	3440	3638	3695	4355	4372	4780	5793	5853	5993	6183	6282	6610	6875	7278	7403	10104	10293	10340	10991	11073	11085	11089	11160	11252	11270	11310	11669	11963	12339
35	1.0	218	583	1402	1433	1529	1562	1853	1859	1900	2525	2572	2573	2867	3149	3216	3232	3462	3673	3909	3945	4527	4874	4907	4943	5216	5497	5608	5850	5905	5939	6080	6372	6484	6542	6891	6966	7072	7700	7749	7789	7790	8003	8816	8873	8914	9256	9319	9511	9658	10070	10417	10532	10822	10824	10919	11092	11296	11431	11459	11478	11590	11721	11774	11899	12072	12081	12410
36	1.0	1087	1349	1497	1614	1642	1705	2928	4478	5228	6681	6745	7460	7739	8433	9161	10090	10562	11144	11292
37	1.0	178	454	509	693	701	966	1090	1103	1172	1203	1427	1731	1739	1775	2216	2590	2648	2770	2873	2892	3006	3034	3063	3117	3266	3379	3403	3624	3705	3761	3833	3915	4261	4289	4348	4350	4460	4986	5032	5598	6061	6105	6280	6519	6556	6635	6654	6762	7277	7320	7371	7528	7591	7841	8119	8296	8431	8500	8513	8642	8825	9019	9032	9072	9435	9929	9987	10117	10216	10331	10486	10638	10686	10708	10775	10868	11059	11238	11304	11582	12017	12042	12137	12280	12432	12510	12540
38	1.0	344	3394	4599	5169	6739	7994	9001	9503
39	1.0	762	1399	1492	1653	1682	2414	3259	3708	3861	4574	5816	6262	7776	8131	9767	10015	11593	12111
40	1.0	111	630	1027	1046	1442	1898	2304	2862	2884	4793	5272	5863	5889	6642	6708	6800	6897	7011	7292	7415	7556	8008	8212	8231	8461	8551	9093	9178	10674	10877	11114	11650	12092	12498
41	1.0	96	810	1237	1271	2030	2100	2253	2478	2941	3217	3329	3902	3904	4248	4440	4849	4934	5547	5639	5679	5762	6493	6515	6545	7377	7988	8404	8413	8583	9151	9461	9825	9955	9980	10985	11042	11606	11659
42	1.0	65	625	816	831	1658	2410	3541	3609	4159	4474	4480	6309	6395	6828	6852	7137	7230	7298	7489	8392	8580	9089	9669	10275	11372
43	1.0	676	689	870	1446	1689	2930	3005	3525	3691	3876	4171	4614	4634	4857	5185	5268	5641	5797	5964	6043	6091	6133	6479	6690	6770	6771	7110	7751	8335	8786	8905	9065	9223	9360	9430	10192	10235	10260	10709	11100	11107	11371	11511	11747	11996	12140	12144	12239
44	1.0	29	116	197	228	280	686	948	957	1612	1724	1728	1752	1809	1913	2292	2307	2345	2407	2523	2779	2869	3165	3314	3381	3557	3809	3857	3930	4046	4109	4231	4265	4344	4566	4753	4756	4805	4899	4927	4979	5129	5136	5324	5381	5476	5892	5982	6145	6184	6477	6989	7178	7198	7647	7667	7704	7894	8177	8186	8246	8352	8637	8834	9012	9054	9481	9492	9824	9918	9936	10112	10198	10223	10282	10332	10684	10688	10757	10924	11018	11165	11191	11258	11331	11520	11947	11954	12163	12174
45	1.0	1126	1930	3215	3775	4378	7950	9752	10171	11172	11889	12307
46	1.0	12	133	175	329	415	460	725	760	825	1589	2843	3245	3269	3374	3413	3863	3868	4343	4358	4552	4686	4701	4859	5058	5151	5242	5575	5690	5741	6027	6032	6063	6421	6494	6845	6869	6940	7708	7719	7733	7753	7909	8881	9066	9085	9488	9676	9798	9872	9895	9908	10190	10201	10291	10522	10714	10858	11463	11574	11602	11622	12546
47	1.0	766	1200	2612	3735	3914	4210	4401	4959	5375	6831	7815	7896	8769	8797	8853	11088	12145	12422	12470
48	1.0	965	2324	3155	5102	7756	8373	9464	9770
49	1.0	162	203	406	886	1102	1239	1547	1580	1670	1744	1807	1908	2005	2110	2121	2155	2341	2486	2609	3279	3937	3943	4240	4587	4781	5163	5511	5743	5748	6000	6563	6824	6908	6954	7429	7564	7680	7795	7998	8272	10031	10399	10787	10944	11735	11907	12195	12436
50	1.0	26	773	1061	1706	1911	1921	2075	2474	2547	2580	2871	3200	3367	3471	3505	3511	3976	3983	4463	4515	4728	5505	5572	5673	5733	6088	6662	6790	7112	7148	7464	7938	8035	8041	8414	8429	8572	8812	8896	9449	9654	9983	10092	10146	10149	10370	10375	10694	10855	10891	11339	11552	11767	12391	12503
51	1.0	144	151	176	234	707	767	944	1338	1403	1844	1932	2032	2217	2427	2464	2511	2820	2860	2942	2987	3047	3072	3176	3250	3344	3588	3668	4330	4510	4618	4651	4662	4704	4961	5006	5035	5052	5128	5174	5348	5983	6073	6201	6354	6422	6597	6736	6854	6969	7155	7287	8138	8164	8221	8238	8244	8557	9074	9101	9109	9188	9469	9835	9838	10329	10341	10445	10630	10752	10894	10988	11123	11599	11660	12329	12399
52	1.0	70	90	260	990	1302	1335	1376	1450	1503	1585	1625	1633	1698	1760	1779	1922	2557	2953	3726	3773	3818	4151	4381	4433	4461	4481	4488	4546	4627	4628	4858	5190	5307	5532	5624	5662	5694	5708	5950	5951	6166	6391	6551	7002	7264	7339	7357	7818	7859	8242	8365	8648	9353	9627	9832	9852	9957	10115	10433	10483	10577	10601	10989	11081	11094	11182	11710	11759	11874	12040	12063	12082
53	1.0	1003	1924	2750	5390	5396	6175	6671	8309	9236	9247	9254	9722	9915	10429	10517	11309	11832	12202	12386	12583
54	1.0	998	1127	3086	3355	5711	11199
55	1.0	168	192	553	952	983	1139	1333	1483	1715	1831	2362	2900	3105	3128	3212	3365	3594	3634	3657	3821	3835	3871	3903	4047	4053	4226	4390	4431	4517	4707	5279	6238	6783	6988	7280	7378	7474	7697	7891	8107	8117	8441	8478	8848	8968	9053	9136	9274	9283	9410	9631	9948	9994	10132	10154	10185	10237	10959	11091	11241	11491	11575	11583	11625	11645	11988	12009	12120	12169	12582
56	1.0	134	242	705	768	1079	1549	1740	2270	2461	3615	4272	4354	5441	5565	5938	6462	6934	7698	7962	8139	8162	8332	8415	8479	8784	9185	10704	10841	11150	11843	11882	12321
57	1.0	1835	5521
58	1.0	48	61	265	416	475	528	529	902	994	1168	1222	1534	1785	2025	2038	2117	2166	2170	2211	2218	2281	2353	2378	2424	2783	2998	3101	3320	3438	3743	3746	3848	3880	4014	4021	4398	4638	4690	4798	4815	4972	5325	5681	5792	5974	6168	6170	6496	6663	6743	6764	6971	7103	7108	7165	7213	7235	7350	8105	8151	8607	8696	8850	8951	8959	9413	9439	9629	9647	9861	9958	10333	10395	10555	10641	10678	10713	10742	10890	10980	11178	11208	11211	11328	11389	11532	11715	11771	11829	11855	12096	12211	12341	12434	12448	12571	12580
59	1.0	7061	11376
60	1.0	4009	11341
61	1.0	1462	6378
62	1.0	3646	10227	11287
63	1.0	405	473	640	788	1257	1342	1418	1424	1517	1826	2033	2147	2178	2200	2347	2354	2403	2536	2585	2721	2753	2773	2776	2794	2804	2812	2947	2972	3104	3306	3647	3789	3893	4045	4208	4393	4402	4791	4811	4897	5108	5148	5245	5364	5387	5770	5812	6131	6228	6263	6456	6565	6687	6767	6873	6898	7301	7344	7347	7559	7568	7578	7699	8111	8341	8434	8693	8719	8796	8907	8988	9349	9363	9740	9761	9862	10303	10326	10383	10455	10970	11132	11175	11508	11722	11725	11736	11921	12200	12331	12473
64	1.0	391	961	1525	1776	2391	2636	2905	3827	4234	4326	4679	4841	4926	5400	6495	6598	6621	7606	7812	8009	8748	8862	8976	9117	9216	9521	10551	10659	10892	11424	11968	12184
65	1.0	335	643	711	719	732	829	837	900	1491	1630	1714	2165	2272	2314	2370	2507	2624	2734	2890	2896	2925	2929	3074	3586	3747	3929	4214	4540	4551	4868	4940	5315	5326	5346	5706	5875	6011	6160	6310	6327	6345	6650	6838	6931	7138	7493	7509	7637	7971	8170	8483	8506	8521	8547	8720	9179	9476	9495	9602	9675	10044	10381	10431	10778	10843	11167	11217	11537	11737	11808	11818	11936	12074	12117	12138	12157
66	1.0	4778	11987
67	1.0	19	204	223	296	328	499	752	754	925	1152	1299	1560	1576	1588	1593	1736	1981	2018	2205	2674	2856	3194	3304	3389	3495	3501	3709	4693	4831	4954	5001	5095	5263	5413	5531	5781	5906	6146	6212	6237	6801	7071	7090	7170	7209	7332	7445	7533	7828	7918	8043	8303	8333	9010	9084	9255	9517	9553	9575	9708	9809	9815	9945	10005	10183	10262	10411	10506	10529	10781	10821	10911	10945	10977	11086	11207	11243	11322	11460	11632	11709	11739	11761	11826	12070	12105	12206
68	1.0	7096	8515
69	1.0	9	28	256	268	278	823	996	1247	1254	1392	1436	1461	1604	1767	2138	2419	2475	2685	2740	2744	2915	2950	3286	3481	3717	4000	4100	4258	4441	4499	4746	4838	4883	5113	5287	5394	5490	5693	5818	5893	5990	6077	6150	6581	6639	6689	6806	7281	7294	7476	7477	7567	8121	8137	8564	8711	8866	8982	8986	9292	9338	9640	9693	9800	9847	10080	10169	10394	10710	10798	10951	11618	11805	11982	12345
70	1.0	45	211	449	463	818	872	1208	1209	1307	1516	1518	1600	1634	1892	1954	2226	2329	2358	2661	2701	2847	2859	2958	2976	3075	3396	3449	3510	3556	3849	3873	4069	4327	5192	5204	5237	5591	5609	5640	5658	5944	6461	6686	6929	7107	7678	7860	8077	8204	8271	8424	8439	8627	8776	8804	8955	8970	9005	9156	9317	9508	9698	9721	9863	9884	10195	10209	10270	10482	10597	11137	11188	11254	11306	11354	11701	12083	12340	12347	12548
71	1.0	66	740	821	992	1748	1866	1884	2108	2118	2243	2318	2330	2389	2509	2638	2666	2675	2814	2828	3179	3262	3455	3572	3631	3784	3879	3910	4019	4199	4615	4724	4750	4829	4835	4930	4935	4938	4980	4989	5157	5178	5235	5253	5286	5338	5669	5712	5735	5921	6067	6081	6095	6157	6261	6272	6647	6933	7423	7575	7927	8028	8329	8671	8702	8764	9315	10002	10014	10287	10476	10561	10621	10637	10725	10849	10864	11007	11173	11174	11213	11235	11249	11314	11337	11513	11615	11631	11895	11950	12116	12212	12253	12538	12541
72	1.0	5438	7304
73	1.0	6619	8909
74	1.0	100	2182
75	1.0	0	121	199	276	584	624	890	1117	1355	1374	1447	1569	1586	1606	1702	2035	2173	2554	2720	2730	3275	3310	3645	3859	4211	4267	4471	4677	4727	4790	4871	5266	5454	5466	5474	5862	5949	5995	6104	6151	6178	6180	6181	6305	6376	6660	6894	7134	7256	7317	7494	7628	7695	7754	7833	7857	7949	7956	8032	8033	8189	8753	8813	8870	8892	9148	9162	9195	9225	9234	9243	9345	9346	9586	9592	9604	10045	10166	10301	10350	10530	10553	10619	10773	11057	11071	11369	11453	11870	12014	12099	12236	12245
76	1.0	3062	8672
77	1.0	138	474	502	517	1323	1474	1508	1601	1677	2105	2810	2829	2902	3069	3297	3475	3919	4185	4254	4470	4590	4799	4906	5068	5183	5412	6008	6099	6710	6805	7263	7456	7871	7986	7992	8376	9125	9132	9404	9778	10388	10392	10451	10634	10681	10718	10747	10813	11041	11163	11404	11432	11816	11919	12569
78	1.0	478	1864	2012	2042	2208	2503	2725	2911	2974	3124	3443	3653	3692	4092	4445	4977	5428	5493	5790	5811	6155	6158	6169	6185	6206	6304	6439	6500	6537	6879	7098	7498	7690	7858	8548	9006	9270	9348	9686	9691	9746	9993	10054	10119	10153	10286	10299	10449	10568	10886	10887	11101	11117	11567	11719	11726	11797	12292	12404	12462	12492
79	1.0	21	67	105	364	368	438	840	913	1536	2092	2232	2384	2439	3239	3555	4104	4368	4632	5100	5449	5486	5776	5807	5833	5838	5962	6017	6279	6283	6553	7009	7164	7279	7443	7444	7560	7582	8206	8248	8552	8614	8788	8974	9220	9230	9402	9473	9925	9932	10049	10564	11127	11384	11550	11638	12094
80	1.0	2017	2387	10030
81	1.0	205	8864
82	1.0	289	10594
83	1.0	220	819	1214	1318	1598	1710	1725	1738	2265	2469	2700	2815	3071	3157	3358	3391	3844	3942	4288	4941	4944	5504	5516	5551	5613	5655	5702	5824	5825	5835	6161	6220	6289	6463	6809	7640	7768	7985	8367	8659	8800	8880	8930	9294	9760	10114	10150	10248	10249	10259	10782	10862	11585	11630	12176	12208	12317	12402
84	1.0	85	615	1026	1255	1671	2743	2816	3061	3233	3390	3502	3757	3781	4374	4523	4755	4846	4923	5042	5111	5435	6213	6230	6407	6414	7014	7053	7054	7085	7191	8021	8582	8716	9747	10006	10109	10193	10502	10811	10838	11008	11054	11516	11776	11878	12031	12215	12488
85	1.0	179	210	248	381	537	559	856	1098	1142	1449	2183	2408	2412	2712	2909	3035	3148	3288	3328	3420	3516	3564	3680	3714	3998	4421	4658	4850	4962	5007	5171	5373	5448	5561	5683	5967	6035	6042	6276	6490	6630	6656	6876	7303	7356	7440	7569	7889	7923	8123	8135	8192	8196	8245	8383	8525	8613	8732	8801	8973	9098	9325	9347	9375	9399	9416	9498	9531	9605	9776	9805	9921	9964	9973	10205	10254	10653	11157	11474	11535	11762	11884	12088	12228	12304	12428
86	1.0	69	340	1371	1757	2065	2194	2774	4377	4534	4854	4912	4969	5259	5406	5670	5900	6090	6124	6286	6530	6535	6716	6833	8061	8269	8919	9284	9768	9850	10519	11592	12028
87	1.0	3514	8490
88	1.0	3977	5653
89	1.0	1317	4763	11570
90	1.0	303	390	453	578	901	935	1037	1105	1306	1387	1786	2029	2112	2455	2553	2614	2690	2766	2960	3021	3220	3337	3366	3378	3431	3517	3831	3964	4366	4496	4736	4855	4888	5038	5222	5549	5842	5922	6275	6335	6406	6460	6509	6517	6529	6602	6655	6754	7051	7118	7760	7907	7925	8275	8390	8482	8555	8558	8585	8620	8727	8819	9293	9340	9589	10079	10083	10123	10321	10330	10425	10589	10666	10715	10761	10819	10835	11457	11534	11707	11727	11750	11914	12019	12263	12346	12438	12478
91	1.0	84	110	261	603	621	622	750	808	1006	1065	1666	1903	2124	2287	2351	2374	2858	3040	3377	3684	3754	3927	3954	3978	4058	4260	4287	4419	4541	5243	5473	6119	6258	6712	6724	7340	7488	7551	7977	8082	8109	8250	8440	8496	8621	9169	9206	9263	9265	9370	9425	9636	9779	9818	9842	9870	10606	10743	11013	11061	11786	11984	12164	12353	12516
92	1.0	37	123	387	434	496	581	587	677	728	903	1238	1289	2106	2316	2619	2631	2839	3114	3218	3257	3360	3478	3494	3573	3685	3854	3901	4363	4719	4878	4998	5005	5010	5011	5114	5431	5432	5434	5508	5601	5709	5897	5957	6363	6772	6799	6830	7322	7800	7900	8062	8178	8348	9004	9583	9819	10066	10097	11029	11646	11772	11960	12295	12559
93	1.0	42	160	292	327	440	457	638	704	828	1118	1130	1431	1482	1750	1754	1791	2186	2567	2677	2788	2962	2966	3041	3169	3264	3375	3720	3741	3852	4111	4162	4212	4452	4454	4485	4539	4654	5110	5145	5283	5382	5507	5587	5828	5912	5965	6318	6410	6412	6564	7035	7162	7562	7618	7842	7916	8113	8321	8728	9028	9091	9259	9269	9465	9758	9782	10358	10407	10461	10785	10869	11187	11428	11451	11611	11760	11795	11991	12037	12343	12411	12577
94	1.0	18	392	610	1316	2176	2458	2483	3077	3753	3847	4420	4869	5246	5480	5600	5606	5799	5887	6924	7707	7965	8044	8339	8394	8759	9357	10676	11693	12133	12209	12443	12500
95	1.0	145	332	716	842	999	1092	1956	2103	2116	2188	2539	2765	2894	2977	3141	3181	3267	3395	3465	3576	3719	3737	3742	3799	4002	4038	4087	4236	4484	4649	4698	4797	4834	4967	5173	5258	5363	5376	5472	5823	6093	6120	6404	6818	6839	6877	6947	6994	7028	7045	7267	7315	7401	7421	7519	7577	7641	7653	7814	8360	8531	8538	8737	8790	8916	8972	9056	9166	9355	9440	9551	9619	9633	10027	10212	10305	10859	10979	11122	11273	11323	11506	11810	11952	12007	12015	12033	12197	12269	12337	12390	12452
96	1.0	1	735	1639	1751	2088	2386	3096	3294	3669	3749	3797	4012	4020	4241	4477	4892	5529	5678	6044	6475	7058	7632	8127	8200	8308	8466	8535	9470	10402	10882	11083	11386	11853	11995	12389
97	1.0	722	798	1012	1526	1685	1889	2811	3597	4630	4640	5602	5651	5703	5917	6711	7089	7512	7615	7786	7933	8291	9428	10058	10528	10982	11195	11613	11637
98	1.0	72	237	262	400	448	647	756	887	969	1036	1148	1420	1531	1781	1886	1894	1997	2019	2036	2248	2277	2380	2402	2583	2607	3121	3161	3228	3425	3512	3693	3777	4028	4116	4126	4273	4301	4465	4700	4974	5306	5458	5514	5573	5576	5630	5636	5752	5994	5998	6121	6559	6579	6730	6773	7300	7381	7662	7676	7711	7761	7855	8037	8038	8179	8359	8459	8503	8523	8527	8562	8565	8616	8770	8868	9128	9286	9305	9328	9331	9371	9398	9501	9652	9968	10152	10180	10439	10580	10746	10809	11149	11256	11753	11804	12016	12248	12363	12437
99	1.0	169	264	273	404	533	817	875	941	972	1028	1074	1138	1421	1476	2129	2158	2303	2371	2390	2484	2796	3137	3538	3665	3682	3758	3860	3862	3958	4084	4385	4447	4597	4782	4973	5123	5150	5210	5350	5367	5478	5570	5675	5699	5749	5756	5934	6214	6403	6413	6478	6558	6673	6804	6874	7025	7595	7635	7646	7999	8085	8310	8491	8556	8686	8760	8832	9102	9306	9926	10091	10143	10157	10599	10734	10812	10930	11027	11151	11231	11381	11565	11676	11695	11908	12129	12365	12486	12515
100	1.0	163	219	477	670	742	793	1041	1211	1368	1466	1537	1608	1613	1641	1674	1986	2212	2340	2375	2663	2785	3027	3221	3756	3907	4036	4073	4130	4181	4357	4361	4641	4664	4697	5048	5439	5460	5877	6019	6030	6339	6362	6469	6825	7124	7214	7390	7510	7548	7750	7758	7934	8211	8278	8501	8566	8734	8787	8897	8995	9079	9137	9382	9484	9692	10245	10434	10755	10774	10884	10968	11112	11251	11343	11440	11448	11614	11700	11744	11817	11924	12001	12102	12316	12357	12544
101	1.0	869	914	1477	1883	1936	2190	2686	3028	3520	3840	4034	4605	4963	6572	6837	7094	7383	8330	8435	8563	9868	10202	11447	11543	12113
102	1.0	238	432	777	790	801	827	906	1099	1793	1896	2198	2231	2891	3457	4586	4676	4680	4783	4932	5166	5758	5927	6033	6199	6492	6520	6997	7040	7295	7336	7816	7948	8058	8375	8384	8600	8843	9610	10679	10833	10872	11152	11562	11766	12574
103	1.0	10	15	209	274	380	549	832	892	1088	1157	1282	1285	1340	1524	1650	1907	2167	2278	2356	2541	2613	2907	3260	3290	3529	3570	3596	4039	4042	4196	4635	4779	5078	5180	5320	5403	5487	5512	5553	5945	6005	6108	6336	6523	6562	7065	7082	7306	7338	8126	8220	9048	9182	9389	9715	9799	9965	10337	10573	10593	10702	10820	10847	11281	11330	11485	11492	12361	12547	12572
104	1.0	450	663	690	724	769	1116	1280	1485	1730	1812	1832	1862	2113	2135	2918	2921	3018	3411	3414	3949	4024	4290	4415	4426	4455	4705	5232	5502	5808	5902	5903	6164	6337	6451	6696	6751	6949	6961	7184	7276	7598	7881	7929	7966	8380	8411	8874	8998	9090	9155	9192	9417	9733	9954	10294	10369	10477	10609	11006	11077	11416	11469	11493	11773	11777	12069	12128
105	1.0	79	423	522	590	700	765	1260	1422	1451	1475	1487	1557	1638	2207	2415	2418	2625	2745	3070	3171	3273	3321	3496	3744	3886	3921	4102	4245	4255	4408	4479	4507	4600	4655	5153	5162	5172	5289	5649	5685	6024	6039	6143	6416	6476	6577	6657	6734	6779	6787	6903	6918	6978	7070	7088	7311	7468	7496	7694	7701	8168	8406	8638	8767	8807	9068	9397	9646	10086	10576	10646	10767	10874	10933	10994	11245	11263	11276	11500	11523	11626	11689	11814	11830	11923	11974	12231	12494
106	1.0	1052	1571	1681	2154	3981	4090	4810	6604	6638	8697	9226	9905	11220	11594	12257
107	1.0	149	250	373	398	503	706	867	1055	1120	1252	1361	1471	1734	2095	2363	2479	2515	2759	2996	3167	3335	3363	3370	3372	3614	3712	3858	3869	4089	4180	4283	4314	4530	4602	4624	4643	4648	4845	4908	5317	5689	5826	5958	6076	6264	6430	6580	6653	6706	7141	7185	7483	7705	8053	8095	8677	9233	9280	9378	9565	9587	9673	9726	9947	9966	10028	10247	10491	10542	10582	11063	11197	11327	11433	11576	11751	11834	11896	12025	12237	12297	12352	12430
108	1.0	23	120	231	338	355	356	770	775	929	930	1212	1326	1352	1575	1693	1996	2055	2255	2361	2737	2854	2967	3472	3543	3571	3590	3733	3815	3841	3889	3962	4165	4200	4328	4382	4625	4672	5012	5089	5383	5421	5430	5714	5785	5874	5910	6045	6098	6102	6334	6449	6692	6782	7473	7657	7782	7911	8006	8176	8270	8316	8361	8395	8412	8665	8752	8826	9083	9129	9184	9359	9468	9489	9588	9666	9685	9814	10050	10277	10670	10889	10974	11109	11131	11740	11793	11905	11975	12333	12364
109	1.0	35	339	369	376	379	495	527	580	629	747	905	1076	1353	1445	1640	1727	2027	2051	2067	2189	2321	2357	2411	2641	3098	3156	3177	3192	3299	3459	3567	3819	3931	3995	4367	4730	4796	5084	5352	5595	5605	5753	5831	5992	6433	6505	6508	6585	6659	6834	6892	7091	7326	7554	7644	7936	7983	8203	8624	8630	8643	8891	9051	9059	9088	9217	9601	9896	9938	10178	10230	10467	10527	10552	10566	10950	11272	11403	11559	11588	11875	11922	11953	12177	12214	12332	12469	12539
110	1.0	1309	6060
111	1.0	2885	9505
112	1.0	3479	8887
113	1.0	92	190	459	571	654	1472	1486	1590	1764	1817	1972	2111	2145	2195	2676	2821	2937	2963	3136	3152	3159	4329	4505	4631	4695	4902	4937	4945	5117	5144	5231	5318	5617	5671	5988	6087	7062	7079	7207	7441	7525	7526	7593	7716	7826	7937	7997	8046	8110	8136	8154	8277	8570	8740	8849	8855	9052	9437	9466	9524	9996	10084	10410	10499	10583	10587	10623	10633	10850	10876	11194	11364	11367	11414	11628	12058	12109	12499
114	1.0	3248	3924	6307	8480	8772	10210	12024
115	1.0	2072	5773
116	1.0	271	708	1025	1304	1587	1643	1673	2230	2684	2849	2889	3003	3060	3068	3087	3107	3504	3686	3765	4129	4457	4482	5026	5134	5513	5650	6284	6319	6342	7397	7466	7507	7516	7605	7688	7797	8249	8297	8342	8584	8685	8931	9106	9123	9264	9316	9432	9510	9667	9906	9981	10060	10138	11147	11224	11286	11434	11639	11856	12323
117	1.0	181	692	807	854	1182	1225	1572	1833	1851	1976	2179	2591	2931	3001	3354	4068	4538	4801	4851	5045	5088	5107	5229	5457	5585	5647	5764	5963	6243	6248	6324	6614	6802	6807	6835	7253	7650	7755	7801	8039	8276	8498	8511	8567	8589	9086	9494	9612	9765	9866	9982	9984	10069	10088	10700	10763	10937	11409	11553	11692	12210	12414
118	1.0	114	258	298	844	1348	1379	1467	1512	1678	2161	2222	2517	2793	3242	3424	4175	4487	4508	4786	4983	5333	5342	5361	5691	6070	6236	6759	6793	7241	7436	7870	7886	7915	7952	8194	8663	8842	9299	9580	9638	9728	9753	9793	9828	10384	10441	10462	10512	10912	11458	11969	12149	12537	12575
119	1.0	177	225	255	354	635	835	1048	1235	1322	1481	1559	1644	1995	2429	2722	2768	2901	3082	3115	3174	3313	3447	3486	3566	3579	3725	3768	3961	4110	4133	4396	4536	4545	4633	4663	4765	5094	5143	5288	5462	5730	6059	6154	6232	6250	6292	6340	6440	6470	6471	6709	6881	6920	6976	7243	7345	7379	7506	7535	7633	7715	7835	7850	7959	8094	8273	8314	8328	8347	8349	8422	8810	8958	9296	9714	9820	9933	10010	10319	10364	10423	10432	10498	10509	10524	10603	10722	11105	11291	11392	11862	11881	11928	11965	12090	12091	12147	12153	12286	12463
120	1.0	6	650	781	850	1177	1871	2037	2044	2056	2125	2296	2394	2605	2764	3180	3546	3798	4197	4346	4971	5101	5156	5313	5378	5652	5923	5930	6002	6083	6165	6245	6317	6409	6555	6760	6785	6817	6867	6943	7225	7375	7639	7663	8106	8146	8262	8306	8717	8723	8808	8837	8932	8957	9163	9358	9366	9617	9841	9864	9874	10018	10158	10161	11250	11702	12167	12461	12521
121	1.0	64	164	532	666	973	1163	1173	2682	2782	3208	3237	3730	4439	4585	6122	7042	7117	7245	7583	7603	7864	7947	8252	8322	8860	9457	9516	9924	9937	10189	10543	10717	10749	10751	10815	10902	11065	11068	11294	11423	11609	11775	12052	12368	12383
122	1.0	779	6664
123	1.0	9157	12560
124	1.0	93	943	1265	1514	1520	1577	1617	1733	1769	1970	1973	2052	2142	2965	3173	3357	3454	3711	3830	3905	4059	4384	4483	4660	5066	5115	5323	5389	5594	5614	5668	5895	6029	6265	6355	6401	6836	6960	7023	7291	7442	7500	7557	7631	8081	8239	8560	8664	8731	8830	8925	8940	8996	9097	9200	9377	9578	9643	9796	9992	10038	10072	10218	10421	10459	10769	10829	11039	11189	11366	11713	11868	11897	11918	12482
125	1.0	1141	1824	2008	3630	3751	3826	3883	3997	4723	4840	5291	5456	6015	6983	7008	7447	7543	7679	7730	8054	8539	8863	9190	9748	10118	10536	10537	10635	11148	11223	11484	12232	12360
126	1.0	4143	5414
127	1.0	115	272	283	362	1073	1522	1926	1949	1980	2015	2132	2146	2301	2364	2543	2598	2618	2649	2798	2806	2943	3236	3291	4157	4164	4309	4501	4547	4856	4909	4939	5184	5261	5481	5539	5687	5738	5795	5852	5973	6346	6544	6594	6640	6865	6890	6981	7052	7192	7246	7262	7286	7530	7587	7728	7772	8124	8205	8219	8258	8266	8337	8815	8915	8918	9447	9663	9705	9816	9821	10126	10220	10398	10415	10473	10492	10608	10740	10783	11196	11275	11346	11438	11489	11758	12027	12154
128	1.0	83	153	482	518	736	847	1383	1395	1879	2046	2104	2348	2397	2696	2926	2939	3036	3084	3133	3324	3435	3740	4235	4291	4472	4516	4816	4991	5053	5063	5407	5446	6501	6812	7215	7759	7912	8056	8222	8536	8586	8829	8967	9002	9246	9650	9660	9706	10033	10172	10273	10336	10559	10695	10699	11145	11390	11653	11873	12064	12112	12219
129	1.0	308	519	982	1083	1096	1122	1176	1192	1314	1319	1388	1579	1657	1804	1846	1983	2098	2471	2610	2801	2887	2935	2945	2991	3052	3317	3322	3409	3450	3523	3948	4076	4106	4250	4277	4436	4464	4787	4803	4873	5158	5296	5329	5426	5506	5610	6329	6356	6379	6643	6811	6975	7321	7348	7584	7874	7968	8068	8069	8084	8263	8463	8615	8694	8751	8944	9116	9119	9147	9282	9321	9766	10029	10243	10324	10571	10575	10596	10685	10837	10906	10936	11045	11406	11507	11597	11783	11787	11992	12268	12301	12330	12367	12558
130	1.0	458	619	1369	1920	2101	2298	2449	2659	3139	3234	3302	3605	3759	3923	4124	4356	4603	4685	4776	4804	5020	5124	5218	5563	5920	6016	6330	6331	6895	7229	7490	7919	8049	8102	8129	8718	9013	9111	9463	10298	10490	10534	10569	10893	11036	11324	11533	11784	12336
131	1.0	7	78	82	1093	1226	1273	1278	1345	1434	2286	2827	3140	3191	3399	3492	3718	4026	4184	4349	4364	4389	5175	5256	5267	5355	5607	5744	5857	6576	6600	6636	6742	7060	7075	7222	7409	7511	7845	8216	8293	8512	9141	9573	9724	9903	10197	10239	10450	10953	10998	11025	11028	11232	11266	11303	11675	12196
132	1.0	89	347	498	782	860	889	1253	1441	1823	2063	2741	2761	3153	3164	3739	3939	4449	4489	4966	5021	5037	5316	5384	5475	5545	5801	6129	6234	6287	6632	6766	6826	6905	6946	7172	7531	7624	7851	8181	8606	8875	9145	9308	9383	9442	9591	10510	11037	11285	11370	11515	11643	11657	12146	12186	12225	12397	12444	12474
133	1.0	126	542	795	1060	1068	1213	1548	1635	2099	2199	2249	2257	2300	2485	2627	2841	2899	3056	3146	3227	3249	3585	3660	3681	3870	3934	4032	4216	4411	4506	4529	4554	4647	4812	4913	5033	5060	5069	5244	5648	6022	6025	6064	6086	6222	6405	6567	6718	6723	6841	6910	6917	6959	7179	7399	7630	7692	7905	7920	7954	8059	8098	8288	8326	8639	9297	9393	9527	9616	9625	9689	10155	10771	10834	11159	11236	11282	11503	11555	11587	12235	12294	12342	12520	12587
134	1.0	2	25	106	316	374	504	586	703	734	1114	1140	1158	1470	1621	1875	2086	2450	2459	2642	2807	2863	2995	3030	3099	3412	3427	3569	3627	4033	4070	4079	4388	4521	4543	4806	4818	4884	4910	5596	5775	5886	6569	6641	6670	6721	6864	7366	7536	7877	8144	8208	8307	8605	8701	8783	8811	9062	9094	9187	9313	9365	9533	9642	9707	9885	9909	10168	10352	10426	10447	10556	10845	10913	11044	11214	11579	11623	11648	11976	11998	12095	12152	12359
135	1.0	214	253	403	409	456	729	1124	1279	1533	1595	1857	2034	2073	2139	2545	2599	2628	2784	2852	3544	3592	3608	3610	3790	4016	4395	4825	4997	5133	5152	5477	5680	6235	6293	6380	6411	6459	6774	7104	7333	7807	8338	8351	8362	8590	8722	8879	8882	9507	9544	9614	9880	9927	10756	10856	10909	11248	11441	11468	11904	12265	12273	12319	12362	12467
136	1.0	150	985	1357	1397	1505	1599	1602	1649	2026	2432	2817	3271	3643	4050	4275	4458	4725	4882	4885	5036	5282	5590	5909	5948	6210	6271	6560	6645	6649	6791	6820	6888	7802	7838	8070	8425	8504	9196	9245	9606	9634	9794	9910	10021	10362	10605	11093	11181	11206	11239	11279	11641	11959	12156	12290	12296	12485
137	1.0	102	254	386	623	1009	1023	1134	2087	2309	2813	3637	3766	3783	4387	4422	4738	4761	5196	5295	5643	6114	6522	7125	7205	7293	7524	7612	7681	8215	8436	8533	8690	8766	9438	9493	9562	9963	10141	10443	10484	10762	11450	11544	11985	12193	12447
138	1.0	605	7308
139	1.0	68	103	396	833	868	984	1246	1688	1713	1798	1967	2054	2061	2297	2845	2910	2975	3235	3247	4078	4233	4276	4416	5070	5164	5528	6028	6115	6224	6554	6615	6634	6741	6956	7139	7696	7783	7878	8101	8218	8378	8726	9431	9611	9697	10170	10251	10261	10374	10460	10831	10842	11130	11161	11233	11395	11706	11802	12104	12240	12284	12421	12561
140	1.0	148	217	490	500	988	1040	1236	2000	2082	2400	2495	2857	3186	3376	4052	4916	4955	5017	5022	5359	5659	5911	6465	6552	6999	7407	7880	8016	8166	8233	8528	8707	8777	8839	9149	9621	10267	10515	10586	10973	11002	11925	12085
141	1.0	40	99	119	171	282	683	1150	1197	1207	1521	1813	2372	2489	2714	2724	2808	2936	3281	3602	3822	3947	4062	4145	4155	4256	4274	4429	4711	4863	4920	5197	5236	5273	5339	5391	5550	5554	5559	5589	5593	5611	5872	6123	6434	6437	6511	6526	6703	6737	6935	7226	7314	7410	7602	7785	8116	8354	8485	8904	9244	9361	9392	9624	9762	9769	10085	10094	10144	10265	10338	10356	10386	10390	10397	10444	10839	10844	11120	11129	11355	11375	11499	11617	11903	12034	12068	12335
142	1.0	224	341	413	451	506	524	642	797	926	1016	1108	1329	1490	1656	1697	1737	1843	1850	1872	1929	2022	2203	2250	2254	2342	2425	2467	2629	2913	3240	3402	3794	3936	3955	4025	4435	4442	4569	4595	4656	4714	5016	5179	5181	5517	5663	6103	6257	6415	6506	6906	7068	7183	7451	7480	7492	7504	7532	7686	7939	8372	8602	8754	9288	9426	9537	9661	10322	10339	10592	10665	10730	10765	10797	11156	11651	11652	12046	12271	12349	12449	12496	12501
143	1.0	52	94	136	184	185	284	363	525	607	691	912	1014	1119	1179	1251	1440	1720	1763	1788	1856	2123	2196	2228	2366	2491	2552	2731	3102	3254	3522	3748	3898	3950	4065	4324	4446	4564	4737	4949	5018	5822	5885	5904	5933	6003	6260	6348	6516	6829	6984	7000	7022	7063	7360	7372	7417	7627	7727	7808	8011	8090	8236	8369	8393	8617	8704	8822	8831	8854	8878	9014	9039	9130	9452	9496	9518	9567	9570	9743	9830	10016	10062	10164	10241	10255	10263	10345	10373	10503	10804	10922	11141	11277	11531	12006	12097	12378	12429	12480
144	1.0	154	301	877	878	1288	1647	1667	1718	1759	1957	2011	2093	2202	2206	2237	2423	2514	2563	2981	3085	3515	3534	3619	3780	4103	4158	4742	4757	4773	4936	5002	5049	5215	5555	5846	6068	6350	6557	7726	7752	8213	8475	8542	8623	8631	8667	8894	9202	9304	9840	10067	10368	10525	10631	11051	11718	11844	12222
145	1.0	130	229	302	343	551	574	660	1038	1618	1637	1700	1716	1961	2002	2279	2595	3019	3081	3112	3118	3231	3416	3518	3519	3548	3552	3578	3722	3804	3856	4229	4266	4293	4434	4555	5250	5408	5672	5780	5969	6036	6227	6445	7041	7174	7273	7313	7414	7642	7685	7784	7811	7931	8130	8256	8457	8458	9036	9092	9515	9525	9703	9939	10061	10159	10622	10768	10799	11200	11400	11600	11763	11788	11799	11815	12057	12071	12132	12242	12536
146	1.0	139	227	431	916	1178	1365	1428	1619	1877	2234	2346	2417	2756	2822	2938	2970	3209	3225	3404	3419	3699	4336	4375	4386	4448	4525	4580	5198	5718	5747	6295	6387	6886	7030	7364	7781	7792	7822	7975	8031	8153	8184	8492	8516	8661	8691	8809	9172	9228	9422	9757	9780	9902	10040	10393	10964	11040	11242	11399	11672	11850	11967	12170	12246
147	1.0	881	1075	1241	1411	1489	2107	2120	2131	2229	2256	2261	2325	2472	2504	2588	3089	3184	3272	3441	3656	3866	3896	4018	4332	4535	4637	5177	5199	5534	5638	5682	5854	6110	6126	6139	6328	6489	6914	6991	7080	7129	7416	7852	7853	7895	7970	8190	9608	9913	10093	10269	10729	10983	11169	11170	11519	11539	12002	12067	12408	12455	12481	12483	12549	12563
148	1.0	245	521	1952	1982	2336	5760	7431	8340
149	1.0	38	319	408	569	594	806	917	1230	1527	1624	2115	2306	2333	2510	2534	3106	3284	3460	3477	3583	3771	3892	3920	3940	4041	4044	4166	4306	4412	4817	4819	5465	5665	5751	5832	5959	6197	6251	6308	6385	6725	6729	6761	6775	7161	7270	7341	7405	7573	7866	7875	7901	7995	8469	8524	8534	8544	8683	8763	8977	9095	9107	9337	9391	9506	9566	9626	9789	9837	9855	9943	10003	10020	10037	10063	10306	10590	10949	11017	11658	11671	12151	12254	12306	12369	12459	12506
150	1.0	43	173	325	1493	1498	1502	2262	2639	3051	3109	3373	3778	4186	4409	4748	5019	5055	5170	5271	5297	5530	6503	6609	6701	6786	6872	7153	7211	7361	8045	8363	8379	8888	9224	9329	9490	9736	10055	10110	10266	10807	10939	11577	11822	11858	12522
151	1.0	104	299	628	656	783	841	1072	1221	1423	1458	1552	1603	1743	1828	1882	2280	2501	2688	3270	3422	3453	3531	3554	4066	4121	4146	4321	4353	4450	4560	4621	5340	5354	5360	5603	5615	5829	6055	6137	6187	6531	6543	6667	6859	7224	7395	7718	8357	8484	8625	8805	8859	8867	9007	9015	9042	9514	9854	9969	9991	10125	10281	10283	10465	10481	10899	10958	11026	11049	11244	11443	11661	11666	11734	11792	11824	11845	11915	12038	12106	12148	12249	12338
152	1.0	8676	9309
153	1.0	122	191	616	639	730	772	899	978	1051	1080	1125	1131	2245	2600	2645	2705	3261	3293	3999	4007	4071	4136	4251	4302	4596	4792	5188	6112	6190	6225	6323	6482	6822	6919	7012	7093	7236	7261	7581	7872	8180	8553	8632	8755	8758	9031	9113	9322	9540	9894	10009	10022	10121	10184	10711	10731	10784	10975	11551	11586	11624	11756	11971	12131	12388	12403	12513	12555	12573
154	1.0	483	757	1043	1231	1629	1803	1861	1938	2164	2443	2522	2853	3229	3289	3533	3550	3885	4360	4403	4762	4862	4866	4917	5269	5635	5722	5834	5947	6216	6408	6457	7398	7561	7713	7890	7978	8092	8140	8229	8382	8588	8869	9279	10148	10379	10403	10648	11212	11746	11781	12004	12230	12282
155	1.0	285	342	425	614	979	1050	1216	1272	1408	1626	1773	2285	2496	2964	3172	3182	3323	3532	3580	3628	3716	3786	3802	3807	4075	4682	5008	5914	5919	6084	6195	6239	6311	6388	6550	6832	6857	7106	7204	7268	8067	8541	8549	8835	9110	9165	9208	9712	10043	10226	10353	10981	11023	11578	11627	11714	12445
156	1.0	118	394	1039	1331	2079	2626	2919	2923	3188	4098	4300	4316	4414	4768	4843	5629	6740	6889	6909	7019	7128	7173	7654	7794	8195	8419	8423	8943	8989	8997	9680	10400	10663	10987	11179	11682	12135	12380	12508
157	1.0	566	609	646	839	993	1044	1294	1324	1401	2089	2593	2968	2988	3029	3138	3429	3433	3606	3661	3872	3900	3911	4082	4335	4696	5437	5503	6162	6757	6916	6996	7142	7143	7501	7673	7740	7777	8065	8183	8217	8298	8353	8520	8608	8611	8681	9027	9131	9142	9547	9595	10032	10042	10422	10851	10865	11004	11031	11359	11807	11864	12382	12468
158	1.0	81	124	137	157	324	361	494	763	1084	1161	1469	1581	1684	1946	2604	2669	2781	3044	3131	3168	3359	3410	3752	3763	3776	3996	4113	4315	4661	5270	5335	5677	6188	6394	6631	6719	6796	7114	7157	7195	7725	7836	8000	8080	8083	8294	8396	8852	8857	8999	9029	9278	9368	9637	9836	9970	10103	10204	10504	10690	10900	11096	11204	11280	11596	11869	12035	12098	12446
159	1.0	166	492	513	1062	1460	1885	2066	2083	2571	2667	3046	3230	3888	4206	4406	5056	5064	5537	5544	5817	5908	5996	6524	6884	7171	7558	8389	8745	8927	9003	9058	9199	10163	10363	11413	11610	12118	12435
160	1.0	196	221	589	649	659	1107	1327	1578	1609	1765	1820	2273	2317	2431	2527	3057	3178	3301	3575	3629	3706	3764	3791	4150	4370	4813	4895	4911	4958	5509	5560	5740	5787	5935	6473	6970	7109	7248	8327	8350	8507	8550	8692	8699	8778	9067	9239	9471	9474	9713	10137	10607	10615	10904	11271	11456	11475	11509	11598	11705	12059	12229	12305	12395	12576
161	1.0	11	279	395	443	505	688	717	907	937	970	1010	1029	1071	1542	1553	1660	1878	2160	2239	2499	2597	2735	2864	3008	3346	3408	3574	3710	3724	3731	3906	4207	4238	4775	4842	4960	5214	5915	6021	6179	6192	6231	6268	6858	6887	6977	6995	7221	7376	7597	7898	7926	7979	8165	8201	8366	8510	8578	8618	8926	8934	9139	9232	9324	9396	9520	9568	9922	9946	10059	10129	10380	10780	10795	11126	11619	11801	11894	12026	12053	12055	12531
162	1.0	193	378	582	809	1128	1135	1184	1185	1274	1343	1378	1782	1818	1848	1958	2163	2337	2570	2650	2850	2851	2883	2985	3219	3241	3319	3485	3713	3967	4223	4568	4636	4712	4965	5031	5067	5138	5160	5303	5416	5484	5548	5696	6198	6256	6349	6617	6658	6846	7160	7231	7411	7565	7766	7846	7941	8091	8158	8736	8814	8846	9041	9249	9572	9723	10651	10677	10716	10901	10947	10986	11010	11133	11315	11382	11504	11538	11717	11790	11837	11860	12374	12527	12568
163	1.0	34	50	73	88	367	455	696	751	1008	1137	1283	1393	1632	1822	2413	2421	2434	2739	3091	3202	3268	3369	3528	3824	3845	4067	4173	4232	4341	4691	4732	4990	5059	5141	5697	6050	6075	6189	6441	6512	6878	6979	7469	7601	7806	8055	8148	8234	8592	8647	8765	8858	8900	8937	9759	9934	10495	10791	11118	11350	11430	11757	11911	12127	12394	12458
164	1.0	58	127	671	915	971	1069	1149	1229	1291	1363	1400	1783	1837	2009	2441	2470	2581	2656	3016	3020	3210	3793	3875	3895	3935	4172	4189	4592	4688	4867	5054	5127	5819	5858	6274	6611	6715	6840	7029	7055	7154	7319	7579	7770	8076	8387	8410	8662	8675	9441	9653	9772	9890	10367	10378	10452	10500	10888	11257	11415	11851	11902	11943	12259	12450	12532
165	1.0	13	207	320	419	470	552	631	682	743	774	871	1021	1232	1426	1457	1675	2094	2150	2343	2453	2697	3011	3437	3632	3671	4187	4469	4512	5013	5410	6096	6101	6291	6453	6678	6717	6922	7059	7259	7351	7545	7553	7731	7885	8421	8472	8698	8724	8923	8950	9017	9060	9096	9281	9310	9777	9887	11015	11480	11496	11838	11945	12005	12029	12150	12182	12484
166	1.0	60	180	384	472	485	567	891	1164	1507	1774	2028	2070	2282	2284	2502	2602	2978	3383	3641	3801	3960	4565	4747	4836	5182	5201	5226	5302	5372	5461	7010	7057	7251	7422	7757	7843	8185	8446	8655	8768	8872	9739	10207	10560	10611	11356	11497	11522	11768	12045	12348	12466
167	1.0	421	468	516	599	662	698	814	836	898	1054	1121	1692	1755	1945	2045	2197	2244	2368	2460	2465	2952	2990	3066	3116	3189	3305	3452	3474	3561	3617	3812	3938	4131	4178	4249	4257	4475	4870	4881	4893	5000	5193	5417	5523	5586	5674	5884	5975	5987	6167	6266	6315	6458	6622	6850	7047	7066	7177	7355	7402	7585	7596	7683	7796	7849	7868	7935	8099	8232	8345	8488	8502	8505	8561	8695	9008	9104	9210	9229	9354	9482	9727	9756	9803	10194	10257	10268	10642	10736	10965	11563	11833	11836	12270	12355	12493	12502
168	1.0	375	577	1438	1607	1726	1880	2436	2457	3509	4040	4239	4721	7495	7924	8599	8741	9853	10721	10753	11074	12351	12570
169	1.0	87	430	444	467	486	645	791	820	995	1473	1515	1523	1790	1802	2084	2096	2191	2601	2665	2729	2897	2961	2982	3204	3487	3547	3642	3723	3820	3956	4088	4553	4807	4833	5105	5186	5285	5330	5411	5479	5558	5618	5804	5879	5932	5989	6152	6351	6420	6491	6749	7432	7721	7809	8015	8097	8235	8774	8782	8883	9064	9173	9314	9419	9460	9500	10111	10167	10187	10401	10533	10701	10728	11070	11311	11396	12244	12289	12442
170	1.0	315	593	608	612	726	968	1066	1454	1912	1917	2260	3255	3277	3562	3616	4369	4418	4563	4608	4830	5205	5251	5353	6455	7571	7798	8444	8603	9070	9168	9603	10041	10234	10479	10584	10726	10946	11024	11128	11201	11510	11681	11986	12022	12190	12350
171	1.0	14	98	165	326	334	336	510	739	778	882	1111	1266	1429	1591	1659	1717	1867	1962	2184	2562	2922	3012	3361	3380	3467	3621	3813	3969	4083	4221	4362	4558	4612	4733	5425	6006	6056	6066	6089	6203	6549	6728	6753	6862	7123	7200	7247	7310	7453	7471	7491	7570	7817	7967	8014	8450	9127	9376	9394	9407	9502	9741	10279	10300	10343	10554	10557	10647	10921	10957	10984	11079	11121	11290	11317	11467	11571	11926	12075	12302	12320	12426	12487
172	1.0	236	269	679	715	908	1703	2531	2777	3108	3280	3392	3434	3551	3601	4091	4182	4397	4687	5219	5328	5766	5985	6182	6698	6727	7105	7799	7942	7980	8537	8954	9227	10113	10693	11136	12457
173	1.0	530	2751	8073	9448	10758
174	1.0	488	543	576	1175	1380	1546	1662	1742	1865	2059	2481	2482	2799	2989	3243	3415	3432	3729	4017	4152	4380	4777	4808	5212	5379	5436	5725	6034	6148	6488	6755	6980	7274	7867	7879	8048	8645	8820	9153	10008	10191	10236	10365	10457	10487	11312	11436	11486	11502	11620	11742	12060	12267	12283	12288	12298
175	1.0	243	287	402	632	1328	1971	2201	2537	2872	3095	3126	3226	3300	3696	3788	4029	4209	4514	4583	4607	5358	5581	5695	5721	5802	6038	6052	6085	6211	6574	6595	6798	6882	6998	7087	7120	7309	7373	7374	7594	7660	7829	8199	9045	9260	10215	10578	10923	11055	11084	11222	11289	11333	11530	11554	11687	11820	11842	12101	12187	12313	12372
176	1.0	112	591	627	920	1030	1058	1170	1800	1870	1974	2192	2276	2679	2691	2855	3048	3195	3941	4217	4659	5097	5366	5568	6117	6196	6573	6672	6842	6968	7021	7367	7787	7861	8063	8172	8323	8334	8437	8579	8794	8798	8917	9207	9214	9731	9771	10200	10558	10614	10662	11302	11320	12032	12039	12166	12285	12371
177	1.0	606	702	1077	1244	1264	1296	1881	2381	2382	2680	2698	2707	2708	2836	3187	3214	3338	3498	3530	4299	4359	4467	4579	4976	5083	5459	5623	5657	5844	6450	7419	7503	7837	7848	8005	8591	8847	9257	9344	9683	9718	10106	10231	10779	10786	11067	11490	11514	11557	11694	11752	11813	12011	12049	12155	12287	12328
178	1.0	49	295	407	420	802	1042	1582	2291	2445	2615	2634	3407	3982	4423	4722	4984	5704	5719	5724	5788	6226	6402	6747	6937	6992	7046	7331	7439	7839	7957	7984	8471	8806	9176	9405	9554	9576	9596	9745	9857	9920	10224	10276	10361	10546	10691	10832	10940	11102	11104	11209	11247	11488	11564	11890	12047	12550	12586
179	1.0	353	579	1004	1723	1770	1815	1909	2069	2151	2271	2516	2704	3296	3792	4023	4188	4443	4872	4996	5155	5161	5304	5365	5388	5401	5482	5637	5981	6294	6382	6502	6584	6586	6646	6651	6668	6896	7033	7086	7092	7271	7418	7446	8026	8241	8267	8336	8403	8924	9073	9134	9974	10019	10203	10327	10805	11305	11540	11680	11973	12021	12396
180	1.0	596	697	749	955	1070	2473	2544	2574	3877	4279	4405	4466	4532	4562	4593	4642	5043	5213	5278	5349	5374	5763	6049	6233	6591	7987	8103	8885	9034	9684	9704	9967	10772	10915	11014	11080	11142	11164	11219	11338	11656	12100
181	1.0	32	156	360	445	526	535	541	721	951	974	977	981	1056	1453	1511	1564	1573	1729	2149	2289	2293	2533	2592	2633	2678	2772	2800	3014	3332	3676	3687	3700	3814	3928	4118	4244	4333	4557	4666	4678	4689	4713	4794	4876	4964	5092	5453	5578	5631	5698	5723	5925	5931	6048	6125	6176	6244	6281	6300	6392	6468	6504	7100	7219	7232	7282	7391	7424	7484	7687	8004	8075	8438	8658	8899	9167	9174	9277	9563	9911	10082	10176	10264	10436	10493	10861	10960	11011	11225	11295	11374	11541	11644	11966	12159	12303	12312	12315	12415	12518
182	1.0	233	636	651	675	846	953	1049	1059	1155	1409	2014	2136	2238	2305	2365	2508	2521	2703	2805	2951	3651	4224	4280	4391	4413	4427	4598	4948	5015	5247	5399	5588	5865	6373	6699	6925	7359	7518	7636	7793	8072	8474	8576	8593	9261	9266	9301	9455	9459	9557	9923	10225	10228	10430	10437	10505	10513	10669	11154	11421	11476	11495	11595	11730	12172
183	1.0	24	680	830	933	1766	1927	2053	2359	2428	2594	2865	3127	3339	3539	3755	4010	4163	4292	4497	4591	5688	5786	5913	6285	6301	6306	6525	6666	7223	7258	7312	7729	7904	7921	8487	8636	8673	8939	9834	9928	10057	10142	10474	10870	10885	11001	11005	11095	11108	11517	11525
184	1.0	53	755	1506	1942	2180	2242	2494	2790	2934	3031	3639	3836	3916	4310	5149	5189	5274	5402	6127	6608	7385	7552	7572	7622	7953	8042	8828	9250	9445	9584	9678	10034	10372	10412	10514	10680	11020	11110	11335	11391	11699	12325	12439
185	1.0	20	357	441	491	910	1017	1034	1443	1494	1795	2377	2383	2490	2550	2587	2840	2879	3097	3292	3473	3490	3527	3648	3701	3779	4120	4670	4789	5073	5208	5356	5442	5582	5633	6046	6302	6322	6538	6593	6618	6797	7016	7020	7206	7227	7426	7479	7609	7621	7651	7764	7958	8030	8442	8622	8712	8961	9258	9362	9564	9763	9802	10136	10156	10442	10466	10585	10660	10777	10816	10883	10955	11260	11405	11683	11755	11957	12130
186	1.0	333	561	958	1620	1661	1943	2109	2376	2999	3488	3553	3558	3611	4230	4668	5620	5705	5796	6303	6343	6688	7074	7252	7394	7625	7672	8398	8465	8851	9120	9213	9558	9696	9773	10139	10328	10724	10963	11034	12213
187	1.0	31	202	414	550	665	845	938	1156	1297	1346	1356	1405	1419	1444	1488	1592	2575	2622	2819	2877	3076	3623	3658	3664	3806	3973	4008	4176	4203	4242	4305	4533	4919	4929	4957	5597	5827	5924	6312	6426	6454	6583	6810	7049	7119	7250	7467	7714	7991	8114	8171	8409	8499	8818	8966	9171	9522	9635	9886	10320	10610	10626	11203	11227	11352	11401	11452	11569	11827	11839	12504
188	1.0	241	489	501	514	618	785	1645	1668	1694	1741	1940	2156	2233	2524	2640	3094	3162	3951	4055	4141	4304	4339	4576	4681	5046	5187	5327	5556	5571	5734	5867	6111	6464	6480	6675	6733	6738	7036	7069	7127	7152	7497	7550	7682	7732	7940	8223	8286	8428	8518	8640	8654	8799	8898	9021	9024	9267	9429	9519	9671	9839	10011	10096	10122	10199	10428	11153	11177	11234	11791	11891	12079	12089	12274	12418
189	1.0	311	446	964	1259	1277	1341	1344	1696	2091	2438	2792	2980	3333	3356	5080	5081	5276	5515	5888	6521	6735	7001	7004	7168	7388	7899	8876	9788	9806	10162	10516	10675	11202	11425	11548	11662	12125	12171	12409
190	1.0	62	1147	12366
191	1.0	33	447	1190	1574	2349	2404	2416	2505	2651	3203	3205	3636	4004	4135	4317	4942	5061	5062	5099	5167	5206	5312	5409	5495	5552	5577	5701	5876	6273	6648	7034	7199	7220	7328	7450	7478	7542	7580	7652	7960	8088	8143	8574	8991	9334	9385	9421	9497	9792	9873	9990	10349	10661	10790	11000	11116	11216	11461	11670	11840	12023	12134	12392	12511	12554
192	1.0	206	655	1094	1215	1269	1330	1544	1746	1808	1948	2241	2456	2692	2723	2771	2866	2898	3032	3103	3190	3371	3387	3694	3986	4006	4125	4213	4526	4824	4956	5082	5090	5584	5720	6435	6644	6705	6951	6985	7067	7102	7180	7435	7438	7610	7626	7702	7709	7821	8007	8173	8225	8254	8399	8660	8886	8983	9170	9343	9412	9451	9742	9774	9944	10526	10548	10598	10992	11075	11076	11124	11253	11363	11377	11422	11668	12062	12387
193	1.0	71	226	297	305	439	617	644	1136	1202	1384	1495	2024	2209	2396	2752	3760	3811	3884	3912	4001	4160	4303	4308	4601	4754	5039	5203	5467	5759	5782	6624	7187	7194	7244	7434	7706	7737	7840	7862	7863	7888	7973	8427	8529	8571	8649	8656	8709	9023	9320	10071	10485	10739	10826	10840	11226	11246	11265	11417	11542	11634	12108	12115	12218	12327	12356	12393	12545
194	1.0	437	465	601	1033	1169	1364	1540	1969	2169	2267	2569	2791	3142	3285	3925	3957	4179	4202	4559	4947	4968	5419	5627	5839	6023	6054	6094	6141	6347	7425	7463	7741	7804	8112	8147	8301	8743	8824	8936	9146	9251	9645	9648	9791	9935	10948	11373	11770	11910	12168	12238
195	1.0	91	108	200	247	389	487	539	1144	1373	1478	1530	1665	1849	2157	2193	2223	2344	2433	2476	2644	2956	2959	3246	3891	3972	4190	4282	4334	4511	4524	4898	5168	5444	5471	5485	6051	6065	6677	6707	6803	6948	6963	7329	7589	7703	8012	8141	8150	8417	8628	8725	8729	8833	9311	9351	9367	9744	9882	10151	10325	10420	10438	10645	10748	10866	10908	10920	11633	11674	11723	11835	11956	11970	12066	12136	12181	12420	12526
196	1.0	75	235	861	922	989	1193	1350	1499	1510	1910	1984	1994	2435	2717	2832	2979	3113	3143	4063	4114	4993	5085	5260	5843	6147	6547	6848	7027	7136	7302	7327	7566	7791	7887	8197	8279	8609	8781	8913	9035	9262	9291	9384	9411	9597	9711	9829	10048	10347	10655	10796	11003	11012	11566	11765	12041	12227
197	1.0	174	288	858	1053	1086	1313	1414	1437	1550	1565	1680	1834	1888	2420	2454	3207	3316	3345	3545	3762	3785	5028	5116	5227	5240	5310	5369	5956	6018	6358	6417	6921	6957	7249	7307	7462	7648	8025	8100	8264	8397	8481	8596	8644	9433	9574	9916	9949	10366	10409	10413	10523	10644	10910	11210	12048	12233
198	1.0	36	563	713	1064	1082	1262	1300	1351	1360	1385	1406	1417	1538	1975	2006	2039	2275	2401	2568	2802	2803	2888	3017	3287	3307	3312	3650	3796	3993	4056	4456	4665	4894	5029	5142	5165	5294	5713	5765	5767	5784	5868	5907	6498	7017	7485	7513	7961	7993	8134	8202	8261	8489	8522	8935	10127	10219	10252	10272	10317	10682	10707	10744	10814	10971	11326	11444	11465	11580	11616	11857	12293	12354	12477	12533
199	1.0	188	557	838	923	986	997	1683	1816	1873	1899	1939	2119	2268	2288	2405	2584	2984	3024	3476	3537	3670	3769	3975	4085	4319	4417	4490	4901	4995	5109	5755	6746	6813	7296	7396	7404	7523	7831	8268	8305	8747	8922	9189	9472	9808	9951	9960	10737	10999	11640	11664	11686	11796	11906	12000
200	1.0	5	80	213	987	1146	1339	1615	1749	1801	1863	2016	2153	2786	3466	3652	3839	4716	6202	6444	6819	6907	6942	7005	7149	7353	7820	8159	8460	8715	8893	8960	9194	9273	9372	9509	9898	9901	9904	10100	10494	10627	10996	11140	11494	11779	12110
201	1.0	182	263	267	620	792	857	975	1063	1106	1188	1484	1623	1709	1819	2715	2824	2882	3151	3348	3463	3654	4246	4495	4544	5280	5700	5997	6215	6438	6561	6693	7078	7145	7266	7382	7428	7481	7964	8104	8317	8381	8402	8657	9121	9632	9695	9735	9961	10128	10391	10469	10572	10604	10738	10801	10846	11143	11501	11573	11806	11876	11958	12375	12553
202	1.0	678	3430	5405	9784
203	1.0	109	167	239	275	312	345	349	547	815	894	1171	1293	1556	2048	2148	2548	2681	2881	2992	3055	3130	3211	3222	3303	3406	4112	4622	4795	4875	5014	5395	5418	5940	5943	6344	6353	6436	6973	7592	7617	7649	7976	8002	8169	8214	8355	8377	8477	8841	9000	9175	9252	9312	9623	9690	10024	10087	10309	10342	10360	10629	10658	10917	10969	11019	11268	11297	11636	11885	11898	12358	12377
204	1.0	44	63	484	544	720	1366	1386	1944	1953	2001	2126	2246	2526	2710	2954	2955	3119	3134	3368	3444	3595	3817	3851	3864	4013	4077	4220	4263	4451	4581	4734	4864	4886	4970	4978	5221	5300	5443	5463	5535	5727	5848	6191	6365	6368	6381	6596	6768	6778	6781	6823	6860	7081	7337	7363	7412	7537	7588	7689	7830	7834	7910	7969	8228	8962	9081	9099	9152	9577	9942	9971	10165	10244	10357	10371	10458	10518	10549	10830	10932	11021	11050	11464	11481	11720	11932	12165	12252
205	1.0	55	97	277	304	318	562	672	967	1022	1132	1359	1407	1410	1664	1935	2049	2114	2219	2240	2493	2749	3033	3039	3053	3092	3196	3278	3464	3507	3965	4262	4264	4619	4720	4766	4931	5154	5319	5423	5628	5845	5980	6130	6217	6389	6808	6870	7024	7140	7288	7324	7330	7574	7738	7778	8024	8050	8595	9063	9204	9408	9424	9453	9487	9618	9786	9883	10023	10620	10671	10952	10967	11048	11229	11487	11558	11955	11977
206	1.0	77	331	538	573	764	794	1276	1468	1561	1691	1778	1991	2047	2283	2462	2488	2655	2769	2833	3088	3224	3327	3581	3959	3989	4011	4128	4191	4706	4729	4809	4952	5415	5468	6057	6159	6194	6252	6360	6429	6432	6750	6893	7452	7508	7604	7827	7943	8096	8237	8240	8287	8319	8680	8739	9043	9289	9579	9630	9734	9907	10047	10692	10818	11097	11283	11385	11408	11472
207	1.0	17	286	1187	1196	1206	1292	2437	2540	2565	2895	3049	3536	3987	4623	4758	4837	5030	5130	5298	5715	5761	6007	6259	6333	6393	6613	6769	7043	7283	7527	7668	8145	8156	8284	8453	8597	8653	8666	9040	9154	9327	9585	9709	10145	10687	10860	10995	11069	11078	11106	11334	11344	11393	11690	11972	12141
208	1.0	39	290	294	945	1145	1153	1242	1631	1947	2040	2738	3887	4227	4702	5645	5809	5894	6058	6682	6731	7013	7656	8426	8430	8476	8495	8526	8845	9159	9336	9388	9409	9541	9665	9677	9682	9959	9972	10489	10776	10803	10929	11360	11402	11426	11527	11649	11769	11909	12199	12476	12557
209	1.0	101	433	545	560	653	932	1005	1095	1101	1310	1753	1772	2043	2320	2643	2746	2795	2914	2971	3197	3295	3400	3659	3772	3787	3952	3979	4037	4204	4613	4751	5077	5194	5488	5564	5634	5754	5916	6069	6200	6605	6700	7299	7638	7824	8371	8779	8933	8952	8978	9047	9499	9717	9865	9879	9975	10174	10242	10817	10907	11230	11316	11321	11473	11505	11748	11940	11961	12217
210	1.0	30	322	564	685	855	1370	1855	2122	3078	3206	3418	4049	5626	6097	6116	6320	6732	6982	7130	7255	7449	7684	8230	8281	8836	9423	9479	9569	9571	9628	9738	9899	10914	11052	11347	11841	11893	11946	12093	12300
211	1.0	960	1085	1195	1347	1915	2339	2780	2986	4107	5209	5455	5519	5527	6020	6374	6424	6607	6756	7197	7285	7408	7670	7854	8047	8057	8260	8290	8448	8573	8735	9026	9450	9702	9877	9940	10108	10406	10741	11262	11937
212	1.0	422	611	1057	1261	1336	1845	2013	2519	2551	2695	2709	2870	3009	3090	3135	3340	3398	3451	3607	3865	3963	4169	4639	4726	4848	4994	5065	5644	5871	6246	6370	6625	6627	6780	7038	7186	7254	7813	7928	8001	8018	8418	9011	9231	9332	9504	9538	9797	9941	10095	10346	10408	10470	10539	10544	10565	10616	10750	10760	10764	10836	10978	10997	11162	11612	11929	11949	12223	12279	12401	12562
213	1.0	411	493	637	753	1286	1464	1610	1852	2538	2620	2842	3707	3988	4060	4500	4589	4918	5496	5543	5739	5961	6629	6913	6990	8125	8416	8470	9215	9300	9615	9725	9856	10312	10732	10794	11064	11604	11939	12247	12262
214	1.0	309	323	370	372	508	515	1814	2023	2652	3382	3397	3565	3626	4144	4259	4921	4951	5087	5249	5311	5357	5890	5979	6109	6352	6527	6539	7305	7517	7844	8022	8385	8688	8785	8865	8871	9271	9307	9350	9414	9719	9844	9962	10012	10130	10221	10285	10389	10535	10624	10649	10825	11308	11351	11353	11546	11794	11941	12224	12314	12424
215	1.0	8	129	358	572	657	888	1001	1248	1570	1583	1611	1654	1747	1761	2252	2726	2727	3421	3423	3644	3834	3846	3980	3994	4080	4269	4394	4503	4617	4644	4735	5091	5103	5139	5469	5716	5855	6100	6128	6208	6442	6513	6652	6763	6816	6861	6899	7032	7050	7228	7482	7499	7611	8400	8462	8861	8911	8942	8975	9030	9203	9323	9400	9483	9785	9790	9812	10051	10089	10297	10427	10579	10581	11278	11608	11704	11711	11846	12087	12405	12441	12475	12489
216	1.0	161	330	366	371	461	848	893	1204	1217	1223	1707	1836	1868	2058	2140	2220	2350	2385	2719	3484	3506	3593	4086	4198	4318	4528	5076	5233	5385	5393	5772	5977	6010	6371	6397	6447	7202	7465	7487	7590	7623	8283	8311	8356	8633	8780	9020	9075	9164	9198	9427	9849	9950	10147	10288	10335	10745	10789	10956	11033	11139	11274	11635	12258
217	1.0	230	321	412	744	1031	1224	1988	2062	2227	2498	2528	2647	2672	2693	2838	3318	3577	3698	4156	4376	4814	5040	6031	7076	8227	8243	8598	8678	8679	8682	8714	8750	8877	8890	8908	8963	8987	9222	9241	9415	9581	9598	9813	10035	10478	10507	11016	11072	11284	11980	12073	12077	12221	12324	12407
218	1.0	314	558	851	884	1078	1372	1545	1721	1827	1841	2021	2078	2128	2159	2187	2430	2886	2983	3238	3253	3458	3542	3604	3672	3774	3803	3829	4139	4312	4453	4588	4975	5308	5464	5541	5566	5769	5771	5954	6186	6229	6548	6945	6958	7116	7135	7238	7239	7406	7586	7620	7735	8023	8071	8093	8108	8128	8325	8343	8364	8601	8994	9077	9212	9295	9302	9456	9467	9550	9670	9699	9976	9989	10214	10416	10873	10938	11180	11437	11479	11647	11677	11809	11912	11993	12084	12142	12309	12416
219	1.0	54	158	1605	2152	3025	3298	3445	4097	4192	4999	5132	5293	5580	6221	7212	7619	7659	7893	8149	8494	8710	9290	9622	10056	10133	10134	10382	10654	10683	11288	11319	11536	11581	11789	12010	12124	12241	12465
220	1.0	307	427	709	853	946	1183	1448	1541	1597	1745	1796	1979	1993	2224	2290	2608	2916	3946	4342	4513	4561	4914	5050	5447	5526	5806	6446	6628	6814	7370	7380	7420	7544	8304	8443	8646	9436	9444	9446	9535	9582	9649	9811	9817	9875	10246	10405	10696	10928	10943	11060	11442	11728	11823	11828	11861	12162	12276
221	1.0	3	56	291	723	883	1104	1249	1334	1404	1543	1999	2003	2235	2326	2480	2532	2880	3640	3782	3918	4015	4170	4195	4298	4424	4708	5224	5264	5500	5774	5941	5991	6566	6669	6900	6938	7325	7346	7430	7522	7723	7742	7762	8152	8838	8889	9242	9298	9352	9364	9491	9687	9729	9755	10348	10508	10852	11056	11261	11445	12400	12406
222	1.0	633	710	1210	1435	1479	1687	1712	1719	1799	1847	1893	2057	2266	2269	2560	2632	2637	2846	3282	3350	3591	3850	3985	4081	4373	4821	4987	5191	5520	5522	5583	5929	6144	6399	6582	6748	6932	7514	7541	8493	9513	9659	9668	9831	9869	10053	10077	10875	11348	12530	12579
223	1.0	27	41	76	452	554	849	934	1045	1219	1240	1263	1463	1787	1811	1829	2134	2137	2185	2487	2556	2835	3446	3500	3878	3899	4425	4610	4673	5122	5728	5968	6132	6269	6359	7073	7175	7358	7455	7459	7671	8034	8187	8456	8706	9082	9181	10102	10376	10754	10770	11218	11342	11754	11944	12180	12204
224	1.0	187	293	575	859	885	1189	1290	1594	1646	1669	1825	1923	2174	2225	2654	2763	2831	2912	3715	3745	4193	4286	4331	4606	4611	4771	5255	5299	5429	5783	5837	6366	6452	6571	6821	7126	7362	7458	7825	7883	8160	8903	9749	9953	10120	10520	10545	10550	11300	11429	12505	12565
225	1.0	189	388	436	879	904	962	976	1020	1415	1465	1616	2259	2264	2323	2673	3163	3662	3800	3922	4005	4122	4132	4548	4852	5238	5386	5499	5866	6313	6616	7166	7218	7832	8078	8432	8985	9055	9380	9613	9737	9810	10222	10256	10278	10318	10355	10926	10962	11407	12030	12552
226	1.0	310	382	1160	1199	1284	1321	1381	1509	1686	1838	2393	2468	2564	2670	2973	3144	3244	3252	3311	3469	3625	3690	4022	4174	4252	4383	4491	4683	4988	5137	5159	5220	5377	5392	5422	5489	5533	5538	5814	5851	6255	6418	6546	6776	6885	6965	7188	7233	7297	7427	7461	7675	7744	8118	8161	8391	8519	8554	8587	8921	8938	8948	9057	9108	9158	9180	9526	9644	9701	9823	9851	10007	10068	10632	10705	10863	10916	11035	11047	11193	11549	11663	11665	11900	12012	12061	12251	12266	12379	12542
227	1.0	359	895	1109	1218	1303	2530	3170	3401	3734	3984	4537	5305	5847	6193	6254	7563	8795	9009	9150	10036	10229	10304
228	1.0	1159	1186	1810	1887	3336	3521	3810	4853	5051	6338	6714	8358	9219	9609	10186	10759	11688
229	1.0	6062	12412
230	1.0	16	216	257	435	604	626	787	1000	1220	1555	1628	1735	1789	2512	2616	2775	2917	3274	3308	3491	3688	4027	4253	4278	4379	5217	5451	5777	5869	6219	6369	6419	6570	6941	7077	7146	7819	7906	7914	8324	8420	8581	8946	9049	9342	9401	9552	9594	10101	10280	10290	10292	10540	10706	11146	11269	11798	11812	11938	11964	12080	12179	12308	12464
231	1.0	595	804	834	980	1311	1332	1792	1965	1985	2506	2706	2748	3000	3013	3120	3309	3439	3524	3584	3667	3838	4119	4149	4520	5071	5343	5344	5498	5501	5562	5864	6177	6205	6386	6789	6843	6866	7084	7368	7897	7944	8079	8313	8569	8626	8669	8670	9018	9221	9641	9881	10052	10175	10240	10314	10668	11155	11365	11380	11572	11655	11724	11927	12143	12551
232	1.0	86	201	397	548	866	939	1081	1198	1456	1622	1652	1672	1895	2263	2520	2662	2747	2993	3045	3059	3110	3111	3123	3198	3223	3315	3353	3535	3540	3618	3674	3767	3992	4003	4284	4462	4493	4652	4731	4745	4788	4820	4827	4865	4880	4924	5003	5126	5176	5470	5604	5619	5882	5966	5986	6009	6092	6443	6752	6788	6794	6849	7115	7352	7369	7502	7614	7805	7908	8017	8029	8251	8744	9122	9191	9209	9418	9434	9783	9891	9978	10065	10296	10323	10664	10672	11115	11125	11518	11529	11678	11782	11866	11930	11942	11951	11978	11999	12185
233	1.0	113	464	667	731	758	786	803	919	931	1627	2097	2355	2395	2446	2671	2830	3633	4035	4138	4340	4550	4903	5086	5660	5873	5898	5926	5960	6004	6171	6325	6326	6448	6592	7006	7237	7323	7775	7869	8292	8467	8473	8929	9716	10448	10625	10925	10976	11221	11228	11325	11879	12183	12454	12471
234	1.0	51	146	159	410	512	1035	1301	1315	1394	1830	2274	2367	2658	3129	3386	3508	3526	3622	3750	3855	3897	3913	4051	4473	4504	4653	4760	5024	5106	5427	5654	5918	6072	6223	6240	6367	6851	6950	6974	7457	7847	7990	8300	8844	9285	9379	9549	9858	10238	10344	10377	10488	10934	11090	11111	11184	11378	11528	11691	12260	12509
235	1.0	74	442	668	673	746	824	1256	1535	2646	2861	2903	3183	3549	3600	3697	4297	4584	4826	4928	5125	5336	5574	5642	6209	6499	6603	6626	6815	6953	6962	7529	8224	8689	8912	8984	9140	9183	9253	9390	9559	9843	9893	10116	10316	10453	11030	11439	11698	12373
236	1.0	232	428	652	800	1100	1166	1267	1270	1663	1806	1950	1987	2050	2315	2352	2388	2513	3326	3330	3351	3352	4715	4718	4770	4832	4877	5241	6037	6053	6149	6986	7122	7242	7318	7437	7674	8064	8122	8388	8454	8508	8757	8761	8856	9655	9751	9892	10001	10064	10105	10107	10307	10351	10418	10419	10456	10880	10935	11046	11053	11087	11113	11267	11357	11419	11446	11483	11673	11916	11920	12188	12216	12281	12310	12564	12585
237	1.0	259	597	634	669	681	873	1113	1143	1201	1989	2004	2369	2969	3145	3426	3497	3808	4549	5131	5146	5860	6507	6533	6697	7159	7540	7546	8209	8226	8619	8953	9373	9530	9694	9985	10181	10547	11134	11332	11654	11731	11738	11886	12139	12189	12243	12318
238	1.0	712	748	1011	1563	1805	2463	2623	2732	2837	2933	3251	3560	3832	3837	4161	4645	4946	5230	5491	5791	6288	6299	6589	6620	6676	6704	7521	7645	7717	7720	7913	8285	8746	8817	8823	9395	9458	9599	9867	9931	10196	10313	10927	10931	11166	11205	11603	11685	11983	12076	12119	12123	12201	12578
239	1.0	95	135	172	337	466	511	909	950	1129	1180	1308	1901	1906	2660	2711	2718	2755	2834	2940	3122	3770	4043	4108	4215	4294	4498	4573	4620	4657	4904	5119	5200	5239	5248	5345	5667	5737	5810	5836	6138	6321	6400	6540	6744	6855	7064	7158	7181	7669	7767	8142	8280	8295	8299	8331	8610	8634	8705	8941	9197	9674	9787	9871	9878	9977	10271	10591	10723	10733	10788	11379	11412	11785	12207	12326
240	1.0	352	377	471	520	534	741	789	956	959	1007	1298	1390	1918	2020	2081	2172	2210	2215	2332	2399	2733	2797	2818	2944	3364	3428	3738	4064	4093	4096	4320	4322	4476	4887	5225	5281	5332	5768	5878	5937	6041	6135	6153	6423	6487	6713	6928	7048	7201	7257	7316	7413	7454	7661	7693	7932	8198	8282	8577	8821	9087	9454	9590	9593	9656	10074	10140	10188	10334	10464	10468	10574	10703	11032	11119	11215	11498	11605	11679	11696	11729	11732	11871	11892	11962	12334	12479	12512	12524
241	1.0	125	183	195	215	240	462	568	776	811	1245	1258	1500	1532	1679	1902	1905	1937	2162	2492	2529	2577	2874	3026	3263	3341	3499	3563	3932	4295	4365	4518	4609	4905	4925	5135	5211	5334	5370	5518	5536	5567	5686	6474	6485	6590	6661	6720	6827	7003	7018	7095	7190	7549	7765	7963	7974	8013	8040	8074	8157	8210	8368	8803	8840	8895	9061	9201	9218	9268	9546	9556	9827	9845	9995	10182	10310	10480	10538	10612	10656	10673	10897	11009	11062	11168	11185	11329	11362	11477	11745	11852	11854	11877	12440
242	1.0	128	131	141	648	3160	3193	4105	4743	5118	5494	5625	6074	6357	7083	8010	9341	9443	9542	9679	10720	10990	11411	11454	12018
243	1.0	306	727	928	1439	1513	1771	1897	1959	2068	2308	2311	2566	2589	2621	2927	3010	3843	3990	4057	4134	4147	4205	4313	4890	4900	5027	5079	5433	5692	5870	6013	6106	6134	6575	6606	7275	7470	7629	7658	7712	7734	7747	7788	8051	8652	8980	9080	9186	9326	9561	9639	9657	9860	10026	10073	10211	10233	10404	10435	10712	10802	10810	10823	11158	11237	11521	11560	11601	11629	11743	11872	11888	11981	11994	12514
244	1.0	107	152	170	251	266	536	918	1191	1234	1243	1711	2236	2331	2334	2497	2555	2578	2762	2908	2924	3002	3042	3064	3199	3599	3635	3867	3881	3926	3968	4168	4177	4225	4296	4345	4542	4741	4752	4839	4915	4981	5057	5322	5337	5616	5621	5861	5891	5896	6207	6427	6765	6856	6939	7039	7892	7902	8087	8167	8182	8255	8407	8452	8792	8827	9044	9050	9205	9374	9480	9545	9600	9651	9833	9846	9848	9952	10173	10232	10640	10657	10854	10972	11345	11349	11589	11803	12198
245	1.0	2204	2422	5309	8320	8902
246	1.0	476	1842	2074	2518	2689	3201	4311	4774	5404	5445	5880	6361	6375	6612	6683	7150	8132	8969	9114	10501	10613	10905	11098	11764	11863	11989	12370	12433	12451	12491
247	1.0	687	733	771	796	864	896	1551	1568	1708	2171	2447	3065	3080	3125	3342	3503	3613	3704	3842	3882	4101	4115	4142	4270	4400	4437	4577	4594	4674	4709	4785	4847	5140	5202	5284	5301	5676	5726	5840	6040	6684	6853	6868	6930	6952	7335	7365	7389	7774	7982	8019	8036	8066	8253	8344	8401	8455	8509	8532	8703	8802	8884	8906	8965	8992	9037	9356	9555	9560	9876	9889	9900	10302	11043	11058	11103	11368	11387	11607	11667	11780	12277	12460
