1	1.0	186	210	1975	2510	4278	6457	7517	7545	8907	9494	12812	13974	14027	14316
2	1.0	152	743	2038	2481	3147	3450	3750	3763	3908	4123	4361	4805	5345	5743	5963	6110	6112	6428	6581	6795	6937	7118	7219	7445	7521	7943	7969	9087	9102	9323	9522	9592	9858	10522	11012	11216	11432	11550	11710	11770	11778	12122	13266	13316	13746	14166	14322	14627
3	1.0	224	333	893	1045	1519	1654	1674	2191	2439	2649	2679	2731	2985	3451	3765	3940	4017	4688	4864	5039	5151	5530	5792	5865	5913	6094	6142	6350	6885	7043	7153	7260	7503	7608	8145	8374	8467	8672	8690	8854	8930	8993	9114	9180	9300	9445	10543	11106	11640	11712	12073	12079	12302	12411	12457	12491	13008	13382	13460	13462	13674	13752	13773	13973	14167	14172	14204	14288	14466	14469
4	1.0	526	1864	4225	4232	4393	4654	4881	4949	7946	9009	9888	10804	11086	11290	11816	11842	12516	12931	13272	13461	14247	14518
5	1.0	73	457	514	543	907	964	1021	1035	1240	2142	2167	2333	2960	3179	3427	3957	4020	4558	4742	4917	6126	6165	6501	6688	6702	6726	6889	6954	7609	7615	7930	8048	8263	8289	8343	8430	8454	8501	8657	8815	8949	9260	9395	9458	9862	9967	10300	10386	11031	11621	11833	11934	11967	12659	12789	13532	13603	14310	14448
6	1.0	7771	14275
7	1.0	112	349	536	546	1048	1093	1150	1595	1891	1986	2498	2539	2847	2894	2996	3298	3439	3671	3683	3737	3822	3965	4027	4103	4128	4415	4420	4502	4574	4629	4857	5073	5288	5318	5422	5511	5676	5748	6017	6259	6317	6356	6365	7381	7665	7703	7708	7820	7837	7865	7921	7947	8508	8632	8651	8829	8866	8996	9455	9506	9521	9584	9762	10000	10132	10735	10797	10941	10958	10978	11093	11339	11343	11372	11463	11495	11751	11802	11904	12190	12249	12891	12954	13108	13614	13769	13849	14028	14472	14538
8	1.0	4827	5060	8000	10430
9	1.0	4199	8092
10	1.0	3556	4956	9863	10711
11	1.0	2758	3160
12	1.0	723	1512	5996	10437	13478
13	1.0	3225	3345	3436	11639
14	1.0	4245	8982	12290
15	1.0	4794	9081	14330
16	1.0	11607	13841	13952
17	1.0	3	158	1064	1094	1294	1706	1782	1907	1946	1957	2221	2313	2449	2508	2583	2993	3270	3326	3365	3379	3510	3591	3975	4070	4132	4432	4551	4638	4710	4784	4990	5057	5104	5256	5452	5536	5564	5619	5872	5983	6125	6489	6871	6987	7083	7288	7574	7577	7767	8015	8213	8304	8497	8663	8834	8853	9316	9364	9374	9588	9805	9878	10121	10286	10355	10546	10609	10613	10694	10757	10831	10852	10911	11125	11245	11687	11772	11911	11947	12471	12648	12693	12872	12892	12967	13040	13121	13170	13318	13381	13432	13437	13556	13712	13751	13860	14016	14233
18	1.0	2558	4126	4968	12975	14596
19	1.0	470	10220	13689
20	1.0	136	340	616	862	1019	1095	1182	1276	1356	1360	1427	1483	1869	1936	2068	2267	2687	2859	2992	3050	3090	3112	3308	4198	4412	4456	4515	4528	4659	4669	4840	4916	5017	5527	5570	5713	5937	6036	6614	6747	6790	6823	6905	7296	7929	8055	8190	8393	8583	8586	8990	9099	9106	9125	9153	9313	9456	9567	9610	9657	10016	10079	10194	10434	10469	10501	10556	10593	10828	11040	11347	11420	11940	11998	12023	12051	12057	12131	12217	12307	12367	12430	12475	12670	12766	13099	13107	13436	13527	13654	13695	13735	13928	14095	14180	14199	14309	14356	14589	14598
21	1.0	165	353	504	805	819	975	1699	1761	1921	3059	3087	3122	3481	3592	3669	3713	3829	4133	4154	4522	4756	5293	5589	6352	6382	6531	6715	6788	7268	7634	7768	7838	8416	8560	9317	9629	10051	10524	10657	10916	11452	11479	11810	12077	12092	12709	13037	13287	13313	13761	14229
22	1.0	22	325	575	637	659	838	1065	1106	1308	1693	1914	1941	1943	1952	2065	2187	2270	2588	2797	2967	2987	3300	3386	3762	4108	4113	4230	4231	4339	4440	4442	4463	4552	4605	4782	4814	5187	5386	5488	5497	5539	5811	5956	6157	6290	6439	6734	6888	7101	7449	7516	7527	7639	7646	7666	7673	7807	8003	8131	8234	8628	8646	8874	9266	9598	9645	10179	10354	10393	10449	10721	10766	10770	11512	11655	11665	11769	11800	11829	11968	11972	12088	12112	12123	12334	12397	12416	12947	13288	13408	13961	14032	14266	14306	14345	14349	14385	14392	14425	14575
23	1.0	1227	8494	10034	14429
24	1.0	2121	5058	14666
25	1.0	1222	2484	3400
26	1.0	2513	6212
27	1.0	479	860	1988	6721	12351	12761
28	1.0	11	12492	14128
29	1.0	147	5403	6627
30	1.0	1821	2074	8579	12820	12844
31	1.0	2456	4743	6211	6619
32	1.0	3274	3941	4656	5167
33	1.0	1347	6429	12650	14565
34	1.0	7057	8807	11423
35	1.0	6675	8171
36	1.0	20	2402	5724	5844	8913
37	1.0	599	854	5242
38	1.0	70	1953	6115	7674	14610
39	1.0	973	9135
40	1.0	1982	3474	4305	12497	14370
41	1.0	1966	8654	10322	13135
42	1.0	5669	9497	10602	12033	12375
43	1.0	86	213	430	488	911	1277	1503	1733	1973	2101	2875	3010	3242	4075	4078	4100	4213	4290	4316	4323	4416	4426	4546	4651	5358	5364	5375	5376	5444	5519	5644	5766	5781	5952	5955	6206	6451	6762	6815	7005	7042	7106	7114	7133	7196	7335	7693	7828	7938	7951	8006	8060	8601	9197	9357	9928	10511	10534	10776	10842	11075	11090	11292	11316	11408	11600	11711	12418	12762	12776	13080	13429	13467	13488	13571	13591	13613	13698	13990	14093	14196	14253	14386	14444	14659
44	1.0	7403	9462	9776
45	1.0	144	6606	7351	13619
46	1.0	5715	6139	6193	6208	8822
47	1.0	376	12050	13188
48	1.0	394	5143	12104
49	1.0	3655	12962	14051
50	1.0	6196	6210	9032	9110	9496
51	1.0	3416	6689
52	1.0	1765	2763	6276
53	1.0	127	2810	8442	12016	13938
54	1.0	1475	9531	10679
55	1.0	1858	2339	3053	3892	4566	5799	6075	12643
56	1.0	1118	4602	9848	11586
57	1.0	3294	6492	7032
58	1.0	2978	4048	7028	7166
59	1.0	2697	5927	6617	11844
60	1.0	2578	5238	6238	8205
61	1.0	4886	6707	7905	8818	11571
62	1.0	1729	3113	5218	5371	5729	9126	9432	10261	11448	12863
63	1.0	467	1066	6496	7356	8245	14061
64	1.0	2640	6765	14558
65	1.0	3692	3708	6250	7629	8611	9237	11409	13189
66	1.0	5845	9388	12368
67	1.0	3621	12353
68	1.0	1155	10346
69	1.0	839	2907	4342	4923	7964	8942	9343	9538	12689
70	1.0	5683	6256	6571	6652	10937	11231	13089
71	1.0	107	11922	14192
72	1.0	1319	6306	12856	13116
73	1.0	1145	8846	10784	10871
74	1.0	7273	12531	13794
75	1.0	673	693	1723	10148	10337	10478	13566
76	1.0	6225	7275	7582	9247
77	1.0	2336	6566	7389	11135	12751
78	1.0	3404	11368
79	1.0	3827	3884	9527	10414	12193	12676
80	1.0	2151	8309	14358
81	1.0	3673	10391	11610	13818
82	1.0	3085	5093	6651	6768	8142	8452
83	1.0	378	5581	7327
84	1.0	876	6644
85	1.0	861	2544	3137	10885
86	1.0	688	2427
87	1.0	2055	5843	8550	12345
88	1.0	1961	2527	3800	11674
89	1.0	160	868	7792	8900	8983	10312	13494
90	1.0	3003	4097	5950	8922
91	1.0	644	2819	3152	4077	4501	5130	6280	6295	6797	7619	11821	12819
92	1.0	450	2190	10851
93	1.0	283	772	906	1431	2801	3394	3817	4251	4666	4888	5043	5146	5633	5775	6086	6706	6738	6934	7179	7732	7784	8265	8951	9101	9465	10717	10813	10870	11827	11964	12072	12336	12495	13050	13159	13250	13559	13694	14202	14647
94	1.0	627	1585	1631	3580	11140	12802
95	1.0	1513	4653	11158
96	1.0	4390	9238	9729
97	1.0	1659	2039	2126	2132	2141	2272	3787	5026	5239	6143	9702	13862
98	1.0	1363	3062	3860	6686	7119	8360	8929	9283	10447	10606	11138
99	1.0	150	531	587	596	957	1111	1346	1800	1880	2024	2233	2261	2548	2878	3248	3420	3911	3927	3948	4140	4541	4628	4788	5102	5109	5165	5378	5395	5430	5533	5584	5663	5756	6379	6696	6997	7115	7311	7372	7455	7565	7663	7886	8394	8565	8614	8683	8797	8995	9028	9172	9209	9229	9604	9865	10248	10250	10409	11322	11354	11482	11599	11614	11812	11962	12014	12176	12221	12748	13482	13594	14008	14193	14300
100	1.0	792	7818	7970	9096	14390
101	1.0	2371	8140	8553	11696
102	1.0	8148	11439	11648	12264	12827	12840	14290
103	1.0	2341	6680	6838
104	1.0	3041	3997	12444
105	1.0	2087	10531	11294
106	1.0	3820	4700	5699
107	1.0	14057	14265	14642
108	1.0	3979	8593	14286
109	1.0	8802	13901	14354
110	1.0	207	753	765	948	1354	1438	1910	1931	2214	2379	2386	3188	3281	3319	3337	3444	3549	3875	3897	3917	4106	5027	5687	6370	6373	6546	6733	7256	7413	7502	7641	8366	8420	8707	8781	9000	9341	9379	9405	9608	9643	10054	10091	10253	10320	10411	10898	10991	11008	11115	11179	12196	12373	13028	13051	13339	13347	13803	13972	14085	14547
111	1.0	5858	6446	6502	8633	11560	12429	12502
112	1.0	794	914	5731	7878	10917
113	1.0	157	7441	10099	12305
114	1.0	4320	8800	12667
115	1.0	2826	13352
116	1.0	4226	4381	4396	4639	6870	11362	11804	13427	14525
117	1.0	10724	13263
118	1.0	2255	2340	6168	7737
119	1.0	1524	7704	10218	11530
120	1.0	1906	8489
121	1.0	6041	6061	10338
122	1.0	420	9068	13095
123	1.0	1116	7745	12167	13968
124	1.0	21	9798
125	1.0	1801	10896	13955
126	1.0	399	7695	8844
127	1.0	1251	1912	2235	2305	3092	14601
128	1.0	2471	3397	3889	4452	10240	10719	11074	11563	11692	13196	13989	14366
129	1.0	9119	12401
130	1.0	69	630	1935	2377	3506	3657	4476	5801	6369	6576	7940	9671	9975	10318	10398	10740	10957	11681	11886	12121	12292
131	1.0	2524	13514	13889
132	1.0	913	6155	6399
133	1.0	2149	11402	13812
134	1.0	4808	8059	13337
135	1.0	3695	10225	12134
136	1.0	622	1632	4837	6378	7464
137	1.0	1306	8047	8919
138	1.0	183	7295	12311
139	1.0	2727	13394
140	1.0	480	2257	3479	7509	9830	10879	13948
141	1.0	2748	5637	9578
142	1.0	185	1494	2971	3887	9061
143	1.0	1328	1396	5361	7896	10561
144	1.0	1573	10895
145	1.0	302	5555	8243	13345	14078
146	1.0	968	12603	13175
147	1.0	2488	11430	11523
148	1.0	4303	8578	8852	9910	10926	11335
149	1.0	10765	11458	11531
150	1.0	3288	6639	12706	13657
151	1.0	4712	8116	13665
152	1.0	4458	7305	11480
153	1.0	331	380	412	624	758	864	1146	1226	1432	1591	1645	1977	2185	2224	2383	2564	2714	2743	2871	3190	4119	4308	4610	4758	5668	5826	5887	5935	6505	6827	7200	7576	9208	10080	10313	10660	10681	10764	10864	11059	11214	11598	11780	12129	12544	12781	12811	13178	13390	13672	13730
154	1.0	2461	7710	9870
155	1.0	8346	8349	11183
156	1.0	2480	5009	9149	10669	12116	13596
157	1.0	6896	7326	7689	12867
158	1.0	3579	6599	7783	9929
159	1.0	6182	9403
160	1.0	1466	4555	6191
161	1.0	1987	4293	6353	7926	10074	13894
162	1.0	3315	6519	12624
163	1.0	475	2976	4657	10041
164	1.0	1549	1848	2368	4911
165	1.0	3893	11713	14579
166	1.0	3953	8424
167	1.0	5716	11450	11649	13782
168	1.0	2095	11157	11561
169	1.0	3779	9752
170	1.0	7933	8088	10523	12082	12406
171	1.0	2912	6233	8532	10133	11929	13986	13998	14388
172	1.0	6760	9581	10279	14616
173	1.0	1206	12394	14217	14455
174	1.0	10072	10585
175	1.0	6281	11268
176	1.0	901	3032	7697	10562	10827	11064	14649
177	1.0	2816	11771
178	1.0	197	3392	4256	7264	11050	13528
179	1.0	918	1364	3615	3738	5315	6014	8262	9881	9974	10427	12741
180	1.0	1538	1655	4490	5540	5692	5834	9839
181	1.0	350	2266
182	1.0	2856	8833	12391	12654
183	1.0	440	2072	11637
184	1.0	5332	9150	10840	12381
185	1.0	1160	1285	5077	8242	12500	12736
186	1.0	6643	9511	11061	11206
187	1.0	8912	9454	10601	11243	11338	13553
188	1.0	2179	3569	6018	6618
189	1.0	5904	7645	7758
190	1.0	1666	6123	11572
191	1.0	1163	2650	3148	5066	11686
192	1.0	7045	7212	7744	8252	12687	14543
193	1.0	341	7635
194	1.0	8128	8324
195	1.0	8244	13836
196	1.0	212	986
197	1.0	3127	6677	8570
198	1.0	4383	8109	8851
199	1.0	9576	11038
200	1.0	3994	10049	12369
201	1.0	6800	8772	10369
202	1.0	2584	6927	11775
203	1.0	4754	5383
204	1.0	5966	10033
205	1.0	3838	11574	14223	14226
206	1.0	3665	5532	5762	8687	9132	9177
207	1.0	7680	9953
208	1.0	1135	2601	7628	10894
209	1.0	1279	1944	4063	5464	8395	11079	11634
210	1.0	731	2621	5832	11237
211	1.0	7808	9616	9781	10422	13430
212	1.0	4314	5479	12900	13819
213	1.0	321	3716	7129	7186	7353	14258
214	1.0	5411	8498
215	1.0	7960	10357	14254
216	1.0	1498	13150	13869
217	1.0	2511	4121	4906	6040	7508	8043	11353	12398	13949
218	1.0	8364	12632	14039
219	1.0	563	2194	2800	7074	10568	11568
220	1.0	3219	5355	12734	13422	14506
221	1.0	119	1038	3646
222	1.0	1185	1597	3382	6660	13106
223	1.0	2704	9927	11986
224	1.0	4531	5362	7789	10713
225	1.0	6663	10696
226	1.0	1110	9377	10368
227	1.0	6565	8542	8762
228	1.0	7029	12506	13017
229	1.0	1342	1617	6902	7431
230	1.0	7202	13537
231	1.0	1225	1833	7677	10576
232	1.0	736	4833	6649	8568	13058
233	1.0	1820	2127	2334	3660	3791	12081	12960	13144	13243
234	1.0	1793	9402
235	1.0	947	2478	11626
236	1.0	4576	9977
237	1.0	5247	7443	8617	12545
238	1.0	3139	4478	5117	8089	9738
239	1.0	4445	12749
240	1.0	226	1144	5946	6260	6676	12569	13771
241	1.0	4211	4776	5023
242	1.0	9893	12035	13256
243	1.0	3186	4360	7561	12265	12529
244	1.0	8816	10611	12447
245	1.0	75	938	2929
246	1.0	3978	6029	8959	12556
247	1.0	564	713	6024	7198
248	1.0	4286	4583
249	1.0	1260	2884	14673
250	1.0	4455	6147	9993	10277	12019
251	1.0	492	13127	13634
252	1.0	894	2229	3854	7148	14536	14553
253	1.0	1822	13195	14632
254	1.0	1304	5428	11577
255	1.0	1635	2923	3006	4556
256	1.0	2064	6657	7227	8261
257	1.0	9162	12565
258	1.0	7558	11497
259	1.0	8476	9810	11650
260	1.0	915	954	1022	1653	2022	2197	2260	2605	2622	2970	3440	4107	4269	5697	5701	6354	7547	8270	8342	8418	8791	8873	9090	9225	9339	9539	10339	10399	10513	11371	11554	11897	12043	12185	12281	12561	13151	13364	13714	13723	13987	14573
261	1.0	3826	4145	4378	9789
262	1.0	2299	3095	6002	8555	9418
263	1.0	2053	4191	5224	6215	7258	8738	11286	11819
264	1.0	7870	14281
265	1.0	4413	8724	11854	12293	12655	14020	14574
266	1.0	1191	5216
267	1.0	4274	4312	7187	11556
268	1.0	1143	3017	4473	6000	7122	7168	8696	9045	9777	10654	13562	13705
269	1.0	7121	9146	14066
270	1.0	4607	11188
271	1.0	49	126	280	385	519	851	880	995	1190	1241	1934	2173	2243	2283	2426	2637	2639	3045	3351	4352	4460	5097	5132	5426	6279	6709	6817	7007	7021	7068	7386	7504	7816	8188	8357	8571	8644	8980	9108	9282	9647	9880	10287	10308	10554	10849	10873	10948	10955	11688	11721	11895	12178	12182	12255	12400	12704	12824	13197	13677	13760	14089	14174	14567
272	1.0	1889	13146	14243
273	1.0	6574	7072	10189	10819	12532	14137	14298
274	1.0	2547	5860	9774	10432	14259
275	1.0	4447	9634	11435	11834	12184
276	1.0	3961	9440	9745
277	1.0	266	2228	2529
278	1.0	691	3942
279	1.0	3656	8952	11596	14048
280	1.0	6787	7483	8147	8782	14276
281	1.0	739	1759	1841	2263	2397	3421	4931	6924	7251	7583	7692	7749	8298	10288	10726	10874	12543	12869	13269	13718
282	1.0	3742	11787	12782
283	1.0	1005	1265	2500	14436
284	1.0	3019	8075
285	1.0	1230	2222	2990	4223	8989	9811
286	1.0	7061	7136	13573	13850
287	1.0	1790	8214	8855	9265	13012	13496
288	1.0	1827	9179	12376	12533	14246
289	1.0	5862	6854	13010
290	1.0	139	219	459	886	1178	1210	1446	1506	1855	2525	3383	3831	3949	4255	4483	4687	5453	5456	5694	5874	6793	6910	7016	7110	7520	7562	7579	7623	7624	8098	8459	8638	8820	9217	9333	9879	10961	11001	11669	12152	12355	12382	12499	12976	13071	13223	13299	14109
291	1.0	357	1744	7081	7957	10495	10971	11501
292	1.0	10407	11097
293	1.0	3562	4423	6249
294	1.0	1058	1545	5817	6200	6694	6711	10043
295	1.0	74	1253	1428	3963	4400	5021	7839	9136	11518
296	1.0	5870	7668	8475	12909
297	1.0	1609	10841	11175	11358	14617
298	1.0	8217	8275	9654	13552	14419
299	1.0	6858	7939	8359
300	1.0	1469	2506	3606	4166	4623	4692	4825	6136	7788	7849	8419	8546	10027	13021	13690	13857	14476
301	1.0	3229	13878
302	1.0	1633	7998	8001	10702
303	1.0	1264	1331	4729	6796
304	1.0	1840	11970
305	1.0	428	1167	1212	1834	1899	2520	2556	2614	2716	3025	3536	3821	4054	4065	4759	4778	5423	5757	5885	6133	6266	6708	7751	8276	8525	8763	8921	9575	9725	9946	10090	10163	10305	10722	10802	10981	11388	11987	12388	12595	12915	14586	14626
306	1.0	571	1509	8077	10093	11668
307	1.0	334	3057	5563	9438	11462	12125	14410
308	1.0	3368	7657	9994	11777	13142	14584
309	1.0	46	1974	2112	2158	3209	3328	3707	6135	7882	7996	8024	8196	8221	10032	10753	10939	11202	12847	13395
310	1.0	1441	2603	8317	9722	11070	14058
311	1.0	110	339	503	620	676	717	842	1127	1639	1778	1972	2138	2543	2725	2762	2792	2849	2979	3077	3123	3256	3286	3778	3783	4196	4280	4395	4722	4894	5390	5538	6166	6418	6536	7049	7477	7554	7786	8630	8771	8788	8845	9012	9118	9232	9755	10029	10406	11413	11750	12210	12276	12361	12978	13020	13128	13703	13810	14593
312	1.0	2760	3218	3360	10008	10445
313	1.0	2204	3180	3974	10951	11994
314	1.0	289	3007	11588
315	1.0	40	1173	3409	3634	9168	12113
316	1.0	13003	14379
317	1.0	4392	10989
318	1.0	532	594	9845	13506
319	1.0	1651	4480	8518	14037
320	1.0	7472	8141	14459
321	1.0	3338	3870	5168	8872
322	1.0	4088	4896	5477	6804	9733	11638	13853
323	1.0	4147	4898	7422	10967	13564	14239
324	1.0	7040	9501	10349	10781	10821	11515	11663	11824	12836	14263
325	1.0	2331	4053	4496	5139	13092
326	1.0	7485	9842
327	1.0	9718	10922	12682	14244
328	1.0	592	4751	7408	8407	10036	10599	12194	12246	12800
329	1.0	1919	5840	13070
330	1.0	4457	7809	9137	11357	11860
331	1.0	4581	4969	4985	9983	10212
332	1.0	10558	12786	14556
333	1.0	670	1203	1994	8482	9196
334	1.0	1629	1983	3314	3334	4055	4260	5120	6222	7150	7249	8274	9969	10749	11397	11858	13643
335	1.0	4976	13618
336	1.0	6553	6940	10780	13865
337	1.0	5710	11743
338	1.0	552	6391
339	1.0	1070	4667	6556	6629	6678
340	1.0	1220	1792	2291	8256	14560
341	1.0	951	4646	6849
342	1.0	999	2489	3159	3588	4335	4414	4439	4466	10283
343	1.0	111	142	159	214	310	926	988	1402	1799	2083	2237	2519	2620	3265	3919	4102	4165	5147	5534	5535	5677	5985	5994	6403	7734	8117	8341	8473	9078	9105	9253	10152	11122	11700	12600	12855	13274	13330	13438	13653	13737	14242
344	1.0	628	9658	10710	14205
345	1.0	1333	3063	3349	8358	10502
346	1.0	4979	10325	10517	11384	13200
347	1.0	568	603
348	1.0	826	2941	9780
349	1.0	1501	3520	4519	4960	8911
350	1.0	1999	3381	9664	10301	14111
351	1.0	23	60	99	1184	1698	1747	2645	2863	3055	3086	3154	3305	3593	3640	3768	3780	3799	4109	4682	4697	4862	4904	4946	5050	5090	5321	5568	5634	5648	5740	5768	5893	6217	6218	6236	6284	6743	6878	7091	7392	7548	7585	7797	8114	8391	8689	8835	8847	8870	9423	9571	9599	9814	10095	10106	10327	10521	10622	10637	10727	10793	10838	10906	10965	11016	11032	11039	11424	11737	11776	11811	11993	12165	12462	12530	12634	12772	12859	13100	13892	13951	14195	14352	14393
352	1.0	393	408	808	921	2459	2653	3064	5227	8704	10088	11348	12263	12521	13214	13276	13338	13642
353	1.0	8622	10251	14437
354	1.0	3913	12510
355	1.0	4233	4506
356	1.0	468	778	980	1077	5742	6220	6774	7467
357	1.0	1	722	818	865	1170	1879	2779	3578	3678	4008	4326	4340	4512	4591	4619	4787	5052	5363	5613	5700	6092	6331	6598	6695	7398	7482	7526	7696	7931	8110	8500	8691	8892	9277	9580	9625	10244	10647	10723	10751	10806	10927	11255	11559	11602	11980	11996	12060	12172	13397	13501	13816	14582	14655	14663
358	1.0	4139	5416	7130
359	1.0	3905	7991	10687
360	1.0	1060	4268	10767
361	1.0	5711	6223	9529	10268	10573	13839
362	1.0	502	12688	13542	13649
363	1.0	6050	14225
364	1.0	994	1379	7636
365	1.0	10252	11072
366	1.0	950	4695	5786	12370
367	1.0	3014	3125	5678	9823
368	1.0	1458	3333	4572	7552	9795	11487
369	1.0	1436	2554	6299	13885
370	1.0	495	7147	8682	11992
371	1.0	13555	13625
372	1.0	8235	8841
373	1.0	269	1382	11944	12227
374	1.0	6111	7736	11898
375	1.0	218	8175	13259	14433
376	1.0	1415	3986	5947	6548	6920	7248	7293	11139	12189
377	1.0	1245	2252	6856	7162	7347	7423	8230
378	1.0	4028	5175	6055	9076
379	1.0	1504	5620
380	1.0	2090	3246	4721	7006	8945	10482
381	1.0	1824	5753
382	1.0	7191	8530	9240	13253	14404
383	1.0	2081	4197	4713	6636	7037	9853	9896	11105
384	1.0	4443	7225	7330	9015	13228
385	1.0	2552	9134	10936	10990	11373
386	1.0	761	5055	7454	9533	11114
387	1.0	5468	5655	10235
388	1.0	10569	13772
389	1.0	2968	6798	12197
390	1.0	998	5408	13824
391	1.0	2085	5912
392	1.0	288	303	414	971	3388	3954	4706	5266	6633	10229
393	1.0	396	2134	7442
394	1.0	1868	3442	5496	7192
395	1.0	5831	10750
396	1.0	3467	4421	4734	9122	9184	14640
397	1.0	6192	7253	10929	11969	13079
398	1.0	58	2130	4010	5434	11431
399	1.0	43	516	727	1528	7920
400	1.0	1773	1993	7876	8146	12115
401	1.0	989	1510	2596	4971	5793
402	1.0	1612	7578	8382	10869	12852
403	1.0	4	14	167	429	1063	1199	1596	1755	1826	1942	2181	2546	2585	2822	3649	4002	4817	4892	5384	5476	5725	6527	6561	6988	7143	7283	7494	7979	8095	8124	8410	8468	8629	8838	9007	9308	9442	9452	9563	9596	10150	10183	10400	10964	11126	11221	11321	11356	11509	11567	12007	12015	12032	12203	12330	12874	12904	13078	13662	14219	14471	14577
404	1.0	12711	13165	13325
405	1.0	5907	7953
406	1.0	8237	8878	10350
407	1.0	260	2447	4038	4822	7171
408	1.0	2384	4634
409	1.0	104	559	1380	1758	2004	2595	2823	3162	3202	3545	3546	3802	4377	5388	5475	6303	7648	7698	7702	8216	8280	8412	8551	9002	9393	10507	10845	11057	11092	11319	12111	12358	12922	13360	14497
410	1.0	2357	6947
411	1.0	13434	14304
412	1.0	885	1284	1345	1403	1720	1752	1951	2189	2674	2726	2798	3089	3401	3653	6038	6199	6419	6873	7584	7962	8810	8843	8883	9306	9520	9840	9941	10052	10056	10832	10999	11403	11782	11838	12020	12076	12223	12323	12519	12587	13042	13586	14329	14334	14453
413	1.0	3512	4182	4464	10304	11195	12598
414	1.0	238	1746	3814	11796	12637
415	1.0	229	1034	3849	5071	5348	9043	10211	10715	11502	14377
416	1.0	853	875	3722	10625	13815
417	1.0	12	194	729	777	1074	1286	1775	1832	2169	2602	2807	3475	3643	3661	3664	4084	4194	4736	5070	5546	6456	6589	6683	7220	7529	8102	8139	8283	8521	8647	8703	9027	9152	9557	9712	10306	11723	11974	12966	13717	13725	14511	14517	14603
418	1.0	7	6578	9902	11111	13893
419	1.0	1945	3496	4436	10233
420	1.0	645	754
421	1.0	2950	9164	11584
422	1.0	1158	5520	9495	12002
423	1.0	2855	5784	9427	11793
424	1.0	981	5368	10343
425	1.0	1192	4548	8152	12433
426	1.0	3654	12437	12673
427	1.0	2058	2885	10109
428	1.0	2553	2581	3714	4996	5736	6342	7379	7888	8200	11096	11228	11287	11547	12767	14604
429	1.0	1153	1598	1763	1902	2570	2938	4057	4375	4434	4661	4908	5105	5480	5493	5560	5624	5628	5778	6498	6567	6752	6756	7156	7746	7944	8528	8837	8890	8928	9073	9337	9942	10058	10358	11277	11733	11837	12287	12747	13110	13156	13207	13356	13780	13830	14165
430	1.0	2768	3699	7214	11320	12552
431	1.0	211	2767	3525	7375	12268
432	1.0	3770	5098	7656	10846
433	1.0	1289	2069	2170
434	1.0	1772	3355	4633	9244	10230	13152
435	1.0	2986	9797	11342
436	1.0	1336	2378	7041	12340	13828
437	1.0	2468	14163
438	1.0	295	323	1029	1490	1939	2311	2352	2407	2497	3133	3220	4032	4169	4171	4719	4861	4932	4952	5329	5417	5733	5796	6019	6305	7078	7731	7742	7935	8623	8940	9018	9264	9554	9918	10470	11037	11761	12031	12678	12936	13302	13545	13734	13944	14424
439	1.0	7897	9560
440	1.0	4981	5082	6154	8556	11757
441	1.0	1529	3466	11416
442	1.0	77	261	3724	9111	9716	13741
443	1.0	363	3508	3784	4161	4319	5366	8363	9391	11247	11499	12108
444	1.0	2865	9463
445	1.0	8385	10259
446	1.0	4966	7724	8766
447	1.0	9263	13019	13903
448	1.0	2059	11845
449	1.0	1237	13616
450	1.0	3391	11381	12071
451	1.0	841	2349	5500	8723	11240
452	1.0	2026	7039	8811
453	1.0	1201	3005	7046
454	1.0	134	472	501	548	1148	1627	1873	2405	2423	2724	2793	3046	3097	3405	3476	3529	3641	3851	4019	4371	4668	4835	4991	5341	5626	5727	5760	5848	6027	6201	6240	6674	6935	7011	7100	7174	7691	7716	7759	8111	8352	8381	8957	9067	9205	9285	9435	9935	10142	10508	10529	10701	10785	11213	11251	11532	11893	12170	12764	13105	13238	13377	13645	13684	14045	14120	14399
455	1.0	3060	3577	13126	13577
456	1.0	811	2400	8486
457	1.0	5337	5906
458	1.0	2491	7907	8752	12690	13821
459	1.0	7027	13357
460	1.0	7700	8042
461	1.0	2613	4300	4899	4937	5504	8517	8602	9763	13277
462	1.0	5695	6064	6672	9627	10073
463	1.0	5989	12971
464	1.0	2738	6776	8422	11552
465	1.0	62	296	446	877	1204	1335	1551	1567	1741	1929	2195	2587	2776	3153	3904	4092	4318	4364	5595	5639	5954	6348	6626	7798	8176	8193	8247	8369	8634	8975	9309	9481	9758	10446	10668	10692	10789	11020	11310	11318	11590	12049	12274	12419	13119	13535	14383
466	1.0	651	2297	4060	9864	11225	12425
467	1.0	553	574	3922	5851	7320	10226	11504	12758
468	1.0	3417	4469	4964	10500
469	1.0	1489	1593	12705
470	1.0	623	873	1413	2795	3194	3500	3602	3830	4673	4806	5829	5859	6138	6226	6474	6736	6938	7904	8673	9503	9698	9708	9739	9999	10629	10698	11024	11189	11296	11411	11412	11545	11581	12161	13005	13424	13457	13847	14486
471	1.0	2078	2761	5841	11853
472	1.0	5433	6183	7484	7994	10429
473	1.0	1700	10903
474	1.0	1258	2465	8534	8728
475	1.0	366	3866	7080	7733	11109	11754	12916
476	1.0	1823	2111	2882	2902	3438	4715	7346	8895	9801
477	1.0	1665	3996	5739	6803	12095
478	1.0	2957	6584	7850	12663
479	1.0	1619	6179	13120	13786	13924
480	1.0	591	2351	6732	7922	11795	12562
481	1.0	263	12851	13309
482	1.0	125	155	684	734	879	910	1154	1351	1516	1658	2225	2831	2893	3012	3020	3816	3828	4071	4148	4153	4717	4800	5643	5878	5942	5945	6230	6388	7714	8112	8590	8598	8813	9242	9705	9828	9867	10019	10206	10281	10467	10783	10928	10940	11616	11965	11976	12854	12937	13046	13835	13991	14188	14274	14544	14660
483	1.0	4304	5578	8840	10178
484	1.0	724	1274	2156	2463	2721	10463	11041
485	1.0	83	433	802	1417	1533	2159	2323	2376	2559	2567	2576	2589	2644	2891	2944	3311	3718	3773	4433	4708	4842	4928	5215	5356	5545	5571	5685	6174	6494	6552	6716	6965	7084	7222	7373	7437	7765	7813	7890	8159	9053	10063	10154	10274	10290	10946	10963	11196	11340	11651	11884	12021	12589	12710	12834	13112	13346	13607	14251	14438	14465	14564
486	1.0	1275	1949	6525	7093	12244
487	1.0	17	639	1113	1130	1273	1321	1558	1854	2171	2490	2592	2889	3103	3296	3652	3862	3958	4325	4435	5069	5307	5441	5521	6383	7560	7712	7864	8106	8323	8627	8669	9065	9089	9475	9916	9920	9989	10060	10280	10769	11017	11027	11076	11429	11524	12403	12470	12888	12943	13041	13787	14069	14220	14430	14591	14602
488	1.0	1838	4836	5583	7490	7631	11085	11595	14067
489	1.0	3746	4987
490	1.0	11698	13732	14129
491	1.0	735	5914	8016	8594	8790
492	1.0	8	1448	2796	3406	6153	6659	6946	7134	14326
493	1.0	29	215	884	895	993	1195	2280	2411	2433	2507	3559	3704	3970	4216	4292	4333	5095	5194	6523	8987	9314	10087	10089	10285	11282	11641	12145	12753	12985	13875	14668
494	1.0	2040	9278
495	1.0	78	178	613	669	692	747	1221	1473	1557	1836	1997	2247	2747	2764	3241	3395	3415	3463	3498	4163	4348	4731	5582	5630	6124	6258	6467	6541	6682	6728	6786	7125	7314	7542	7625	7800	7848	8099	8547	8694	9307	9407	9517	9847	9925	10402	10962	10979	11000	11112	11212	11227	11491	11813	12084	12342	12362	12528	13431	13976	14373	14532
496	1.0	486	908	1995	2317	3213	5067	5237	7267	7342	8138	10550	11215	11248	11471	14055
497	1.0	1399	2841	3607	13172
498	1.0	6645	6740	7430	14503
499	1.0	55	1002	1016	1487	2921	3825	4000	5177	5787	7709	8539	8645	8660	9021	9468	9778	10583	11150	12849	13031	13831	14053
500	1.0	4565	8308	8465
501	1.0	4484	7898
502	1.0	5747	7089	9534	12829
503	1.0	1447	10140	13323
504	1.0	2220	5127	6011	7993	10688	12181	13215	13549	13563
505	1.0	3933	10956
506	1.0	3253	13525
507	1.0	344	12267
508	1.0	2476	2538	3346	5693	10209
509	1.0	3915	6559	9214	14176
510	1.0	929	1330	3552	3834	10276
511	1.0	598	742	1888	2182	2636	2808	3269	5709	6188	11082	11369	13340	13558	14068	14675
512	1.0	162	9269
513	1.0	444	7394	8742	13391
514	1.0	934	9500	9615
515	1.0	118	170	257	346	760	1297	2014	2118	2135	2593	2852	3184	3200	3327	3449	3543	3872	4374	4461	4747	5338	5450	5723	5970	5981	6074	6088	6101	6130	6684	6921	7128	7528	7593	7764	8160	8212	8336	8749	9256	9619	9666	9951	10125	10173	10728	11203	11660	11930	12102	12469	12474	12708	12911	13481	13518	13644	13675	14036	14636
516	1.0	5603	10009
517	1.0	1803	3069	4385	11331
518	1.0	324	9943	13053
519	1.0	5506	6829	12745
520	1.0	557	5642	13428
521	1.0	939	12928
522	1.0	1467	1812	4672	10441
523	1.0	4485	11444	11923
524	1.0	347	11582
525	1.0	822	1079	1670	2178	4234	5771	9956	10420	10672
526	1.0	1314	7013	7178	7235	7410	11414	12464
527	1.0	2161	2733	3434	4648	6641	7501	8541	11835	12799	14367
528	1.0	1735	10983	14319
529	1.0	485	7836
530	1.0	2861	3342	5797	6103	13598	14442
531	1.0	223	484	3155	3539	3702	4926	5204	6248	6953	7286	7306	7325	7748	8509	9236	9767	10528	11009	11015	11645	12114	12341	12580	12832	13016
532	1.0	198	7266
533	1.0	1439	1748	2472	9133
534	1.0	2013	3102	4067	9251	11091
535	1.0	177	3136	4328	7250	10202	11836	13096
536	1.0	5816	8925	9552	10492	13192	13327
537	1.0	660	1753	9363
538	1.0	2573	7361	10968	11703	12853
539	1.0	491	2609	8220
540	1.0	9158	9483	13045	14280
541	1.0	33	1479	1843	2041	2128	2565	2628	2691	2843	3836	4068	4640	5208	6283	6387	8641	8642	8708	8894	9072	9532	10102	10255	10514	10666	10678	10877	10952	10987	11394	11468	11535	12086	12214	12291	13047	13191	13210	14130	14434	14522
542	1.0	8731	9730	10053	11506	11759
543	1.0	240	12861	14634
544	1.0	271	967	1724	9882
545	1.0	3150	5594	12572	13937
546	1.0	5013	10231
547	1.0	244	1621	2036	4913	7575	10579	11291	12431	12455	13935
548	1.0	7766	9008
549	1.0	4112	8251	13507
550	1.0	436	2188	4259	5457	8130	8879	13393	14350
551	1.0	1859	3040	4043	7879	10488	10836
552	1.0	990	1734	3505	9649	11046	13930
553	1.0	1207	3043	3170	3533	3617	3944	4101	4239	4554	4752	4799	4922	5045	5296	5853	7316	7591	8104	8445	8965	9358	9558	10371	10380	11557	12615	12886	13792	14178	14337
554	1.0	187	827	3504	3761	4263	8406	9218
555	1.0	6533	9248	13943
556	1.0	3168	7123	11068	13222
557	1.0	650	2045	6006	8108	8670	9385	11938	12177	13451	13933
558	1.0	180	2509	3943	5427	7149	9794	11889	12344	13604
559	1.0	3027	4596	10809	12977
560	1.0	0	217	234	477	534	1011	1442	1740	1959	2089	2183	2575	2631	2648	3049	3072	3128	3206	3322	3356	3359	3636	3638	3701	4189	4208	4217	4671	4765	5014	5044	5156	5164	5328	5681	5785	6034	6083	6314	6347	6591	6592	6985	7302	7457	7881	7900	7956	7967	8034	8314	8559	8650	8684	8864	8927	8954	9060	9167	9226	9245	9315	9514	9782	10083	10101	10376	10539	10545	10689	10729	10854	10908	10959	11185	11797	11815	11849	11937	11946	12046	12432	12514	12831	12850	12940	12950	13141	13282	13329	13343	13475	13826	13982	14001	14002	14116	14568	14648
561	1.0	1779	2049	7918	8257
562	1.0	282	2088	2629	2670	5029	8339	8665	11285	14302	14394
563	1.0	1711	7003
564	1.0	549	755	883	935	1138	1357	1377	1721	2201	2304	2450	2533	2555	2694	2984	3054	3191	3317	3425	3703	4134	4228	4579	4592	4694	5251	5254	5300	5461	5932	5986	6140	6472	6845	6976	7259	7297	7396	7426	7675	8163	8219	8361	8576	8774	8888	9441	9833	10271	10336	10389	10651	10720	10893	10975	10977	11018	11058	11162	11417	11685	11716	11899	12008	12136	12509	12581	12591	12791	12964	13097	13502	13581	13720	13882	13914	13925	14015	14216	14255	14639
565	1.0	1482	4493	6093	6420	8071	12527	12752	12771	14291
566	1.0	2136	8544
567	1.0	7428	13995
568	1.0	3945	6134
569	1.0	10378	13134
570	1.0	1128	6406	9340
571	1.0	1553	8880	11879	14269
572	1.0	179	192	533	586	657	784	974	1412	1637	1692	1757	1857	2067	2264	2660	2778	2827	2983	3196	3414	3631	3645	3712	3798	4288	4890	5252	5790	5803	6039	6287	6491	6515	6522	6616	6722	6754	6852	7105	7284	7319	7480	7524	7756	7895	7975	8076	8664	8848	9413	9791	9852	9954	10172	10293	10536	10676	10691	10703	10875	10942	11295	11803	11809	11840	11869	12074	12304	12409	12503	12557	12664	12790	12945	12968	14034	14098	14431
573	1.0	2496	3247	3462	5370	7723
574	1.0	2817	8049	8671	12994
575	1.0	6052	9570	14665
576	1.0	8729	14539
577	1.0	1884	2350	3955	4298	11592
578	1.0	1430	6432
579	1.0	1453	2424	2869	6292
580	1.0	2572	3796	4310	6863	7910	8469	9579	11951
581	1.0	2700	5180	10986	14372
582	1.0	2005	12485
583	1.0	11428	12378
584	1.0	439	2279
585	1.0	1114	2534	3047	3412	4327	4859	9145	10018
586	1.0	1638	2374	3272	5982	10171	13245	14467	14638
587	1.0	1295	11145	12339	13916	14328
588	1.0	2599	5707	8330	14339	14422	14590
589	1.0	2114	2445	3894
590	1.0	8083	14470
591	1.0	5306	9868	10638
592	1.0	4997	7762	9792	10113
593	1.0	701	1496	5137	6443	7390	14301
594	1.0	2230	5529	9052	12289
595	1.0	419	478	1149	1560	1710	2092	2240	2873	3299	5040	5099	5754	5849	6486	6957	7436	7941	8253	8433	8637	10557	10725	11558	11857	12590	13103
596	1.0	631	5092	5392	6471	6488	7056	7621	8203	8856	10645	12657	13023	13039	13834
597	1.0	114	2155	8484
598	1.0	7230	7795
599	1.0	7281	7821	13534
600	1.0	6132	9687	10334	10861	11265	12626	12998
601	1.0	1881	4146	5201	5813	6005	7059	8814	13136
602	1.0	1232	2781	13907
603	1.0	4144	11984	12140	12489	14344
604	1.0	4091	13947
605	1.0	1247	2598	4252	5213	6749	7137	7190	7448	7569	8399	8558	10560	10938	11073	11799	14653
606	1.0	903	1032	1131	1893	2812	5752	6841	7924	8398	8409	8981	9239	11030	11370	11657	11762	12202	12756	13297
607	1.0	2210	4645	4939
608	1.0	4870	5745
609	1.0	5900	7471
610	1.0	401	9425	12696
611	1.0	678	7228
612	1.0	27	13213
613	1.0	1684	3039	3570	11503	12283	12507	13158	13301	14114	14144
614	1.0	241	7592	9971	12040
615	1.0	3258	4190	4660	5134	12106
616	1.0	1669	2974	7654	10544	13410
617	1.0	3264	11529
618	1.0	522	5492	9518	12284	12988	14047
619	1.0	11619	13711
620	1.0	2574	2685
621	1.0	2517	7144	7950	10363	12472
622	1.0	1712	4557	7664	12775	13385
623	1.0	11153	12188	14136
624	1.0	405	1268	3285	6047	7298	10263	10707	12159	14631
625	1.0	4195	4866
626	1.0	377	416	1323	2032	2752	4025	4172	5135	5838	6454	7194	7234	9183	12957	13006	14320
627	1.0	246	3764	4004	9796	10704
628	1.0	4085	5221	6118	8033
629	1.0	847	3166
630	1.0	1223	11652	13209
631	1.0	2487	8792	11259
632	1.0	615	1115	1231	2695	4912	5183	7966	9806	11065	11604	14524
633	1.0	2550	4705
634	1.0	1797	3482	3717	5439	6150	7199
635	1.0	11995	14514
636	1.0	3254	4527
637	1.0	1293	10006	10331	12508
638	1.0	6771	7802
639	1.0	173	437	654	2835	5684	8444	12331
640	1.0	1445	2874	3192	8322	9472	9856	12952
641	1.0	3473	3540	8421	9955
642	1.0	2403	4914	9949	12740	14548
643	1.0	30	332	790	814	965	1546	1581	1810	2289	2551	2665	2887	2937	3022	4918	5393	5592	5597	5646	5821	6095	6475	7276	7371	7597	8029	8123	8906	8998	9332	9397	9446	9597	9908	9938	10028	10143	10623	11118	11180	11344	11375	11456	11693	11814	11949	12065	12930	13682	13728	13967	14368	14445	14645
644	1.0	850	2249	2281	9923
645	1.0	528	2590	7856	9477
646	1.0	633	1883	9453	12780
647	1.0	1970	3848	6485	10913	13569	14451
648	1.0	6035	6890	8143	8503	10658
649	1.0	5941	10904
650	1.0	1205	7727	8784	9389	11707
651	1.0	498	2176	3668	4023	4271	4893	6045	6190	6717	6877	7001	7344	7433	7450	8019	8100	9227	9267	9279	9831	10493	10910	11583	12175	12237	12260	12404	12669	12778	13369	13568	13646	14376	14479
652	1.0	1401	9198	9324
653	1.0	5515	10505	11181
654	1.0	103	1036	1298	1426	1804	2271	2741	2772	3470	3488	3528	3553	3589	4127	4209	4924	5359	6016	6573	6612	6691	6703	6867	7052	7421	7511	7659	7915	8490	8604	9213	9355	9509	9676	10146	10450	10663	10716	10930	10932	11217	11233	11426	11489	11536	11667	11766	11901	12303	12523	13864	13965	14284
655	1.0	191	8624	9064	10909	13400
656	1.0	3803	4562	7835	10217	12097	13673	14381
657	1.0	7209	10777	12653
658	1.0	1894	2735	3677	4970	9079	11843
659	1.0	37	556	1313	2071	2203	2611	2905	3565	3620	5115	5245	5367	5923	6109	6158	6229	7317	7462	7777	8332	8340	8709	8978	10107	10565	11498	11900	12003	12309	12513	12933	13043	13632	13680	13840	14005	14218	14477
660	1.0	2740	2904	4854	9436	11735	11859	14346
661	1.0	2794	12320
662	1.0	156	2106	3530	4265	5959	7432	10494	11400	12783
663	1.0	1646	3995	4311	5979	6207	7603	9148	10372	10778	11551	11867	14017
664	1.0	770	807	1136	1862	2239	2515	2608	3132	3422	3882	4111	5016	5241	5264	5587	6302	6307	6318	6372	6580	8013	8905	9545	9744	9905	9915	9936	10066	10199	10920	11443	11756	12463	12548	12946	13044	13241	13511	14157	14208	14531
665	1.0	6265	7360	9294	9356	10254	12846	14460	14670
666	1.0	367	409	424	700	1200	1531	1650	1677	2133	2208	2288	2295	2396	3304	3387	3509	4277	4281	4409	5548	5636	6366	6990	7062	7126	7589	7754	8027	8134	8327	8712	9448	9944	10278	10475	10588	10659	10792	10848	10886	10897	10974	11274	11297	11539	12986	13536
667	1.0	1024	5140	10497	11306	14071
668	1.0	2591	2933	4302	12148	13122	14169
669	1.0	466	5767	11205	13620	14566
670	1.0	4462	5902	12866	13651
671	1.0	85	267	588	801	1555	3567	4606	5056	6917	7097	8225	13491	14508
672	1.0	1776	5072	6097	7872	8588	9023	10129	10759	10899	13837
673	1.0	2717	5106	6441	7543	8620
674	1.0	4643	9653	12713	13086	13406
675	1.0	7337	8463	11670
676	1.0	2332	11774
677	1.0	328	4680	7806
678	1.0	184	2157	2211	4530
679	1.0	297	4136	4214
680	1.0	116	681	1434	1656	2410	2642	2712	2936	2958	2997	3161	4401	4450	4539	4698	5919	5976	6459	6479	6646	6719	6862	6980	7237	7514	7541	7605	8181	8228	8238	8458	8506	8563	8805	8859	9384	9872	11520	11973	11991	12093	12604	12877	13123	13977	14146	14520	14526
681	1.0	1057	9822	13533
682	1.0	1254	1571	5108	7395	12186	13260
683	1.0	337	5035
684	1.0	117	233	402	634	1042	1282	1636	1708	2298	2766	2866	2910	3088	3623	3629	3752	3937	5449	5472	6044	6072	6512	6550	6978	7473	7893	7989	8156	8281	8545	8574	9165	9302	9569	9799	9800	10105	10128	10270	10326	10591	11350	11387	11425	12269	12733	12833	13138	13368	13969	14150	14299	14463
685	1.0	130	922	1562	1620	2315	2868	3705	3709	3788	3839	4563	4589	4755	5312	5522	5544	5732	5929	6583	6704	6750	7265	7420	7512	7557	7825	8018	8496	9515	9735	9773	10365	10604	11104	11490	11570	12078	12707	12862	13797	14060	14189	14230
686	1.0	1576	2892	2969	3576	6690	6767	6794	7401	8717	9359	9437	12224	12944
687	1.0	1372	4449	5465	8185	9644	13090	13896
688	1.0	1188	1499	3279	4016	4699	5217	6908	8288	9055	10260	13002	13185
689	1.0	80	5286	6416	14428
690	1.0	9492	12917
691	1.0	1164	2618	2632	5873	7031	10542	12390	12768
692	1.0	3874	10413
693	1.0	1444	6164
694	1.0	2686	6059	10204
695	1.0	10648	11078
696	1.0	5084	5627	10667
697	1.0	1249	2582	10157
698	1.0	3468	5585	5899	6297	11988
699	1.0	3350	9187
700	1.0	242	1213	2254	2434	6053	9677	10025	13825
701	1.0	270	417	593	667	1001	1017	1468	1865	2320	2881	3239	3339	3344	3370	3432	3624	3689	3790	3981	4098	4122	4229	4422	5404	5553	5557	5670	5706	5881	6308	6509	6826	7382	7466	7492	7694	7830	8070	8250	8264	8293	8437	8631	8799	9038	9074	9103	9188	9243	9351	9656	9689	9721	9968	10086	10221	10618	10621	10641	10706	10947	11280	11646	11767	12337	12683	12698	12731	13063	13341	13873	14160	14200
702	1.0	132	10347
703	1.0	3694	4013	5502	9334	10506
704	1.0	28	1882	2545	4951	6831	7277	8320	9753	9984	10533	10824	11714	12137	12335	12910	13464
705	1.0	1288	1452	1492	1600	2435	5265	8169	8277	11110	11717	12597
706	1.0	3511	7065	10664	14554
707	1.0	7282	9353	9873	12563
708	1.0	3728	8909
709	1.0	1709	6251	9210
710	1.0	298	425	638	687	698	1088	1472	1895	2259	2615	3587	3644	4577	4769	4983	5182	5379	5421	5549	5661	5944	5957	6209	6916	6955	7279	8136	8299	9017	9401	9408	9490	9493	9669	9995	10328	10541	10844	11389	11643	11644	11755	12279	12912	13418	13631	13899	14561	14611
711	1.0	456	483	7015	11056
712	1.0	10996	11266	14019	14311
713	1.0	3650	8296	12837	13590
714	1.0	172	2916	5625	7341	13487
715	1.0	2710	3527	6214	7978
716	1.0	5414	7238	8425	9827
717	1.0	1046	4482	5153	5513	7917	8448	8743	10207	12535
718	1.0	93	1784	2198
719	1.0	88	188	375	442	464	515	663	813	871	1073	1109	1348	2518	2689	2706	2729	3581	3711	4087	4203	4266	4354	4775	4867	4919	5119	5373	5484	5654	5662	5863	5877	6329	6478	6648	7044	7048	7245	7499	8605	9006	9109	9751	9785	9899	9959	10138	10401	10416	10555	10597	11013	11764	12006	12171	12465	12717	13946	14177	14357	14542	14620	14664
720	1.0	3029	3158	3384	5847	10742
721	1.0	1543	3199	3843	4766	5779	7446	8258	8537	9451	10548	10754	11160	11677	13211	13592	14480
722	1.0	933	1559	6907	7270	8658	9026	12436
723	1.0	164	1117	2417	2495	2617	2918	3283	3441	3627	4570	4773	5347	5579	5705	6216	6288	6601	6818	7075	7627	7859	7892	8236	8512	8562	8964	10038	10924	11284	11914	13067	13724	13910	14260	14504
724	1.0	2886	2896	3268	4992	5174	5186	5353	5451	6228	7155	8564	10567	12234	12408	13052	14375
725	1.0	3672	9347
726	1.0	6389	8801	13630
727	1.0	1976	2380	4977	10243
728	1.0	8440	10616
729	1.0	204	10428
730	1.0	2166	8132
731	1.0	2840	4768	11488	14365
732	1.0	292	969	3352	3895	4612	5004	5008	6007	6431	6808	6816	7340	8021	10675	11021	12328	12887	12972	13372	13934	14131
733	1.0	2949	10816	11116
734	1.0	653	6665	9703
735	1.0	3259	3289	6012	9901	10151	11052	11363
736	1.0	550	1887	4081	4104	4831	5412	5641	6853	8600	9618	10295	11124	12567	12801	13412
737	1.0	203	434	769	788	798	1105	1215	1640	2219	2777	2955	2966	3411	3446	3777	3850	5019	5111	5166	5205	5246	5424	5562	5590	5758	6187	6381	6881	6894	6914	7164	7683	8137	8325	9069	9223	9255	9276	10098	10234	10454	11312	12056	12486	12692	12712	13194	13472	13640	13655	13671	13966	14080	14509	14658
738	1.0	952	1909	2046	3230	7571
739	1.0	1964	5565	6861	9595	13942	14519
740	1.0	689	984	1648	2980	4250	4703	5478	6152	6282	13589
741	1.0	370	3143	4005	5664	6820	7899	12037
742	1.0	917	13004
743	1.0	744	1580	2103	3492	3900	4489	11232	13557	13921
744	1.0	1743	8591	11661	14018	14221
745	1.0	2563	6958	9525
746	1.0	1554	1780	2883	3842	4093	4095	5471	9690	9699	9992	11455	11618	13363	13624
747	1.0	3429	4941	6655	6837	9966	11612	13574
748	1.0	1390	3688	4641	11807
749	1.0	6610	13448
750	1.0	3024	3234	4141	5133	6624	7242	8240	8535	9370	13638
751	1.0	230	2825	4492
752	1.0	5078	6545	6764
753	1.0	982	2542	11622
754	1.0	335	1471	3987	6415	7289	8197	10238
755	1.0	51	67	682	837	1142	1209	1913	2541	2719	2898	2973	3119	3515	3755	3786	3929	4181	4241	4253	4620	5248	5270	5292	5600	6070	6205	6296	6349	6731	6857	7139	7476	7660	7845	8313	8329	8747	8754	8824	8908	9086	9345	9981	10103	10758	11136	11522	11627	11866	11917	12038	12107	12173	12613	12715	12889	12907	13468	13575	13629	13750	13759	14011	14023	14043	14215	14331
756	1.0	91	239	276	351	471	640	891	896	1161	1383	1393	1465	1685	1814	1911	2977	3245	3480	3685	3991	4044	4157	4479	4887	4902	5354	5569	5765	5772	6537	6673	6723	6832	6848	7407	8301	8502	8514	8842	9059	11174	11264	11525	11765	11788	11902	12310	12938	13216	13489	13891	14154
757	1.0	1239	2048	2569	2834	3447	3797	5255	6104	6316	6495	6806	6936	8432	9620	11148	12275	12301	12807	13445	13743	14622	14650
758	1.0	800	7973	11066
759	1.0	6311	10905
760	1.0	1056	2207	2805	5593	7309	10100	11817	12094	12195
761	1.0	6397	11704
762	1.0	3906	5652	12763
763	1.0	1750	6562	10520	12187	13713
764	1.0	525	1334	10970	12671	12737	12794
765	1.0	398	4785
766	1.0	8255	13257
767	1.0	1349	1424	1745	2452	2901	2972	3719	4224	4497	4624	5466	5474	5576	5621	5908	5930	6254	6842	7551	7914	8575	8974	9417	9540	9574	10213	10237	10249	10670	11263	11516	12155	12236	12602	12919	13230	13621	14003	14289	14606
768	1.0	662	3201	6098	9898
769	1.0	2192	5485	9771	11942
770	1.0	762	774	919	1263	1539	1569	1825	1829	1872	2654	3141	3507	3658	4696	5053	5178	5541	6909	7067	7424	8292	8378	9077	9129	9392	9786	10064	10417	10762	10763	10818	11080	11113	11236	11697	12156	12571	13034	13035	13546	14145	14387	14450
771	1.0	5	181	205	643	958	1582	2830	3004	3548	3883	4037	4235	4357	4366	4798	4961	5311	5828	5916	6068	6105	6204	6590	6594	6653	6779	7103	7140	7581	7717	7855	7889	8052	8510	8697	9143	9547	9640	9648	9715	9807	9906	10130	10700	10882	11971	12333	12347	12482	13057	13149	13163	13182	13280	13988	14521	14550
772	1.0	661	3469	3886	4237	4821	6325	7711	7869	10119	12254	13027	13456
773	1.0	6219	7676	8400
774	1.0	4588	5608	6445
775	1.0	1550	2358	8386	11587	11916
776	1.0	3909	5689	7632	12322	13981	14571
777	1.0	72	4982	7026	7077	8933	14191
778	1.0	655	888	1051	1107	1386	1950	2209	2419	3252	4322	4812	5080	5089	5278	5614	6102	6952	6960	7594	7843	8653	9623	10160	10228	10771	10888	11025	11959	11990	12213	12636	13572	13708
779	1.0	1459	5100	5122	12551
780	1.0	493	3073	4963	7440	11329	13308
781	1.0	397	2413	3222	3691	5152	5273	5298	9241	12235	12395
782	1.0	500	704	1007	1805	1839	2250	2409	3035	3564	3808	3881	4089	5561	6289	6304	7773	8008	8609	8751	8904	9258	10124	11526	11528	12442	14234	14625
783	1.0	3396	7977
784	1.0	64	225	227	294	545	976	1026	1037	1075	1092	1228	1484	1664	1695	1754	1937	2428	2446	2482	2537	2549	2682	2828	3167	3195	3372	3597	3626	3647	3923	4058	4920	4986	5049	5124	5149	5150	5202	5462	5547	5567	5696	5773	6232	6252	6262	6587	6628	6839	6847	6922	7018	7357	7369	7418	7934	8347	8405	8679	8705	8794	8860	8969	8985	9326	9416	9553	9841	10023	10175	10219	10323	10383	10468	10487	10538	10673	10790	11269	11407	11453	11673	11745	11920	12903	13036	13137	13212	13236	13423	13612	13748	13874	14100	14110	14340	14443	14473
785	1.0	4313	9997
786	1.0	823	2391	11483
787	1.0	1370	7685	8295	13315	14240
788	1.0	6042	8734
789	1.0	2052	3271	3410	4627	12332	13342
790	1.0	656	4604	7728
791	1.0	264	511	589	780	796	874	1081	2262	2269	2421	2475	3173	3486	3637	3693	4183	4295	5385	5499	5512	5854	5965	6049	6058	6294	6926	6950	7055	7486	7607	7752	8767	8785	9566	9759	9982	9988	10024	10126	10200	10317	10362	10598	10786	11141	11173	11794	11874	12135	12476	12609	12779	13265	13444	13447	13544	13637	13639	13800	13959	14004
792	1.0	2086	2205	4793	9439	14231
793	1.0	544	2668	7995	8287	10498	11311	11868	12638	14210	14458
794	1.0	1054	1979	5126	5647	7158	11694	12921	13218
795	1.0	1985	5735	9123	13335
796	1.0	3599	3735	5226	6670	8084	8210	12022
797	1.0	898	1663	4670	5184	8229
798	1.0	7087	7595
799	1.0	53	374	750	1630	1697	1811	2616	3013	3093	3266	3575	3792	5656	6364	6860	8168	8780	9115	9655	9775	10208	10564	10639	11505	11653	11739	12399	12828	14224	14268	14287	14402
800	1.0	216	1101	1716	2213	2316	2634	2804	3110	3134	3287	3910	4338	4580	4865	5113	5380	6221	6666	7304	7778	8004	8198	8603	9190	9741	9965	10153	10348	10381	10515	10857	10891	11966	12157	12183	12729	12796	12997	13700	14148
801	1.0	6846	9523	9859	9945
802	1.0	94	1171	1671	2361	2486	3684	4454	4505	4614	4783	5268	5517	5575	5802	5967	6028	6241	6564	6807	6879	6891	6942	7310	7596	8010	8259	8383	8513	9220	9230	10351	10384	10582	10586	11117	11336	11625	12063	12451	13117	13615	14103	14181	14505
803	1.0	1302	4082	5220	7262	9048	14097
804	1.0	1208	2231	5096	7255	8303	8976	12449
805	1.0	11880	12480	13485
806	1.0	924	3459
807	1.0	2917	5988
808	1.0	2666	10013
809	1.0	4363	5200	6271
810	1.0	359	712	1526	3028	4618	5691	6436	9960	9991	11936
811	1.0	120	220	312	400	411	696	1514	1722	1788	1962	2307	2390	2579	2635	2678	2720	2730	3096	3430	3651	3801	3878	4559	4585	4757	4761	4771	4873	5155	5223	5327	5487	5665	5720	6245	6412	6425	6490	6737	6904	6994	7348	7753	8345	8414	8451	8577	8681	8876	9063	9088	9166	9750	9769	9877	10062	10316	10473	10530	10817	11147	11226	11521	12098	12149	12222	12250	12490	12614	12823	12901	12955	12963	13409	13439	14171	14175	14277	14364	14427	14597
812	1.0	897	3789
813	1.0	756	2703	6558	7533	9383	12876
814	1.0	1332	6408	8202
815	1.0	870	2360	2521	8162	12363
816	1.0	4947	10141	10374	14162
817	1.0	3855	13727
818	1.0	7487	11415	11861
819	1.0	8165	9682	11826
820	1.0	506	609	618	787	859	878	1140	1255	1290	1418	1540	1592	1613	1713	1877	2248	2294	2443	2669	2774	2787	2839	2857	3573	3676	3720	3852	4045	4046	4258	4389	4675	4880	5231	5262	6178	6898	7195	7218	7883	8113	8294	8470	8610	8730	8812	9161	9200	9457	9484	9909	9987	10078	10314	10540	11103	11460	11613	11747	12138	12229	12257	12317	12380	12414	13083	13193	13281	13355	13560	13856	14096	14182	14282	14396	14440
821	1.0	520	720	785	1463	1694	2392	2947	3001	3107	3140	3208	3282	3464	4124	4315	4529	4650	4978	5281	5339	5369	5524	5850	5921	6746	8315	8643	8667	8941	9231	9469	9476	9551	9646	9917	10156	10465	10620	10953	11465	11675	11781	12118	12205	12349	12662	12857	13469	13906	14391
822	1.0	695	4376	4441	8529	11597	12467
823	1.0	2473	7688	10472	10847	11396	13587
824	1.0	231	674	757	1675	1861	1908	2146	2790	3890	4356	5101	5249	5550	5795	5830	6300	6442	7303	7399	7447	7815	8125	8356	8867	9348	9414	9422	9695	9720	9849	9889	10022	10303	10718	11349	11591	11841	11941	11958	12262	12606	12738	13114	13823	13845	13871	14124	14135	14468
825	1.0	5615	8081
826	1.0	3324	7066	12601
827	1.0	3811	4114	11289	11956	14105
828	1.0	540	690	930	1172	1186	4347	4419	4573	5309	6819	7982	8756	8946	10222	12873	13884	14168
829	1.0	1502	1517	1672	1847	3021	8970	12949	13229	13774
830	1.0	4142	8177	8201	8778	9169	12133
831	1.0	9091	13610
832	1.0	2528	4240	4346	5028	5284	8779	9892	10082
833	1.0	133	1216	2503	2815	3002	3491	3776	6544	7035	10653	10795
834	1.0	175	262	265	322	597	621	795	970	1147	1151	1280	1324	1389	1628	1661	1662	1701	2199	2343	2363	2422	2477	2713	2964	3079	3115	3151	3183	3544	3731	3734	3760	3824	4355	4543	4599	4642	4681	4929	4995	5059	5443	5463	5783	6355	6390	6744	6840	6850	6899	7669	7682	7968	7981	8041	8466	9044	9098	9415	9626	9680	9883	9911	10123	10193	10527	10743	10773	10822	10918	11005	11434	11752	12055	12089	12230	12860	12902	12906	13270	13388	13543	13633	13710	13877	13931	14403	14432	14478	14484	14562
835	1.0	2382	3572	4972	13354	13513	14044
836	1.0	2737	3687	11678	13227
837	1.0	547	2954	7983
838	1.0	900	1989	2425	3585	4465	4984	5191	6197	7959	8932	9156	9325	10144	10289	11878	12318
839	1.0	174	11200	12039
840	1.0	462	3542	4626	6656	9488	10196
841	1.0	5836	11508	12004
842	1.0	68	1548	3318	4504	6968	9922	10915
843	1.0	1783	5048	6054	6465	8380	8765
844	1.0	5163	14528
845	1.0	163	804	3472	6469	6623	9272	11084	13626	14197
846	1.0	2010	8901
847	1.0	143	431	562	1362	2044	2906	3182	3377	5206	5235	5718	6100	6186	6520	6710	6963	7135	7263	8045	8499	9071	9291	9719	9973	10883	11108	11121	11839	11999	12258	13499	14487
848	1.0	54	287	360	445	963	1522	2630	4012	4394	4475	4632	4733	5015	5400	5990	6001	6385	6464	7380	8863	8891	8915	8944	9513	10067	10633	10921	11382	11647	12110	12226	12296	12899	12914	13426	13742	13783	14063	14237	14317	14338	14355
849	1.0	2393	6595	7782	9228	9871	11154	11725	12191	14421
850	1.0	8338	9711
851	1.0	1120	11832
852	1.0	5190	12803	14079
853	1.0	2104	11278
854	1.0	326	1568	5374	6121	7033	12066
855	1.0	538	824	945	1310	1352	1643	1679	2076	2619	2789	3018	3477	3758	3879	4015	4040	4047	4291	4407	4753	4844	5172	5387	5509	5702	6337	6376	6821	7034	7358	7415	7507	7518	7672	7871	8066	8368	8415	8491	9029	9254	9372	9582	10057	10076	10321	10324	10615	10661	10708	10867	11436	11474	11636	12017	12087	12295	12316	12538	12542	12582	12625	12660	13440	13980	14307	14420	14452
856	1.0	641	1089	3871	3896	3977	4175	4915	5276	5346	8592	9113	13018	14435
857	1.0	98	4156
858	1.0	936	5973	9980
859	1.0	5776	9964	11635
860	1.0	1450	13669
861	1.0	6727	7185
862	1.0	2455	5794	8157	9049	9603
863	1.0	4590	5876	9482	10484
864	1.0	1099	6239	8789	12599	13022	13509
865	1.0	1243	3144	5523	9673	11048	14183	14418
866	1.0	1315	4516	5154
867	1.0	1960	5623	8429	9176	9430	9535	10900	11890	13606
868	1.0	579	843	1618	1916	7722	8306
869	1.0	1705	4909	7271	11083	14295
870	1.0	3217	5083	9824	12180
871	1.0	9250	13941
872	1.0	4167	4737	5891	7197	7633	8757	8875	9011	11553	11630	11954	12739	13897	14585
873	1.0	15	1018	1344	2054	4925	5666	6761	7465	8085	8404	9233	9816	10619	11726	12870	13664	13915
874	1.0	3522	6263	7988	10787
875	1.0	2671	10635
876	1.0	2	733	932	1039	1309	1488	1505	2448	3109	3189	4353	4801	4841	6043	6144	6423	6481	6538	7333	7948	8005	8053	8273	8962	9480	9583	9710	9985	10439	11654	12085	12090	12428	13203	13609	13668	13692	13863	14283
877	1.0	6264	10387	12392	13601	13859
878	1.0	766	10683
879	1.0	149	365	443	583	632	1329	1337	1406	1751	1769	2073	3037	3347	3445	3867	3983	4162	4611	4750	4819	5232	5325	5405	5602	5761	5788	6010	6298	6398	6650	6901	6933	7278	7538	7649	7713	8032	8189	8396	8495	9030	9163	9249	9369	9817	10117	10137	10455	10571	10677	11422	11975	12064	12119	12209	12448	12479	12757	12883	13358	13588	13731	13749	13902	14147
880	1.0	6	61	71	131	1312	1392	1410	1563	1828	2062	2531	2842	2962	3277	3341	3537	4257	4520	4686	4843	4933	4950	5011	5030	5131	5250	5394	5972	6243	6277	6482	6540	6720	7004	7090	7425	7686	7862	8413	8453	8455	8505	8706	8956	9329	9450	9524	9668	9829	10085	10353	10479	10535	10608	10739	10876	10988	11341	11398	11472	11632	11738	11928	12048	12166	12278	12525	13061	13181	13446	14173	14541	14615
881	1.0	247	5440	6267	7908	8626	12440	12797	14203	14592	14621
882	1.0	6529	8028
883	1.0	1704	9292	10850
884	1.0	129	3774
885	1.0	1730	4192	9717	13402	14140
886	1.0	1762	12566
887	1.0	10931	13474
888	1.0	146	248	1132	1686	2329	2474	2501	2942	3066	3366	3483	5577	5616	5667	5750	6137	6513	7159	7705	8061	9386	9641	10269	10418	10839	11035	11332	11828	12199	12821	13171	13204	14159
889	1.0	2375	2657	7706	11740	14104
890	1.0	123	2656	4472	4718	5377	5686	5714	6033	6543	7811	9070	9429	9632	13087	14113	14361
891	1.0	1416	3048	10004	13085	13145
892	1.0	567	2129	12813
893	1.0	566	1281	2464	2692	3938	4578	5580	8659	9473	10643	11608	11633
894	1.0	931	2035	2802	4707	6667	8589	9756	13094
895	1.0	7388	7566	8107	8566	10547	11395	13755	14674
896	1.0	1770	7475
897	1.0	3104	8017
898	1.0	737	889	1157	1270	1318	1322	1359	1395	1611	1678	1802	2124	2139	3465	3706	4212	4406	4569	5079	5257	5688	6275	7036	8549	8625	9039	9202	9320	9614	9622	9825	10182	10730	12028	12251	12586	12666	13249	13252	13304	13754	13814	14073	14423	14447	14563	14614
899	1.0	1009	1013
900	1.0	5287	6622	6993	8877	10872	11729
901	1.0	3331	7409	9787
902	1.0	825	2364	3916	4935
903	1.0	196	3920	6971	12024
904	1.0	273	820	1068	1174	1584	1607	2047	2432	2562	2928	3163	3185	3301	3964	4518	4813	4850	4945	5272	5285	6084	6956	7207	7599	7721	7803	8172	8561	9128	9420	11003	11165	11234	11549	11611	12068	12139	13132	13143	13867	13953	14046	14132	14212	14257	14318	14407	14624	14629
905	1.0	664	3385	12645	13205
906	1.0	764	6235
907	1.0	4160	6394
908	1.0	6928	10166
909	1.0	8543	8836	13224	13978
910	1.0	979	11617
911	1.0	5317	10084
912	1.0	7763	12443	12539	13166
913	1.0	1796	9986	11985
914	1.0	752	3837	6986	7008	8167	9530	12091
915	1.0	3885	4051	4467	13508
916	1.0	4709	7690	8595	12481	12494
917	1.0	76	358	649	3321	3374	5267	7352	9362	9412	11129	11352	12288	12948	12989	13763
918	1.0	5064	9587	14161
919	1.0	9607	11720
920	1.0	4514	14143
921	1.0	2415	3369	4587	5076	7877	8450	9396	10587
922	1.0	2604	13365
923	1.0	962	1856	1965	2939	2961	3340	3680	4526	4781	5047	5460	5886	6213	6438	6630	6658	6886	6991	7469	8035	8260	9366	9611	10690	11176	11218	12054	12103	12421	12588	12935	12958	13697	14025	14401
924	1.0	253	1791	2027	2037	2356	2623	3343	4494	6949	6996	7145	7188	7290	9850	10319	10424	11541	12109	12326	12357	12620	12755	13273
925	1.0	10392	12777
926	1.0	1760	1984	5537	5960	8702	11317	11421
927	1.0	1102	1601	1608	3091	5812	6825	7261	7612	7868	8540	13704
928	1.0	2560	3236	3601	5501	5638	5728	11594	14490
929	1.0	4358	7779	13879
930	1.0	3876	4934	6895	12793	13538	14416
931	1.0	200	259	458	705	1904	2749	2829	3635	3856	3861	5020	5601	5925	6048	7154	7842	8014	8211	9297	9305	9939	10077	10998	11399	11664	11856	12720	12785	13130	13244	13455	13578	14084	14127
932	1.0	5880	7095	11676	12438
933	1.0	254	782	902	1004	1078	1863	2002	2030	2499	3538	3951	4135	4330	4999	5142	5455	6062	6455	6476	7023	8126	9605	10174	10232	10344	10390	11337	11555	11658	12259	12346	13129	13483	13524	13580	13764	13790	14623
934	1.0	36	607	1266	2084	2093	2522	3207	3426	3431	3454	4170	4405	4477	4724	6407	6450	7834	7913	8022	8129	8232	8239	9221	9342	9434	9815	10002	11262	12200	12286	12460	13235	13285	13733	13886	13887	13945	14082	14125	14580	14581
935	1.0	11271	13015
936	1.0	268	580	584	1443	1967	2346	2963	2988	4187	4582	4860	5454	5473	5494	5640	5746	5818	6718	6876	7070	7354	7715	7945	8254	8423	8483	8830	9270	9519	9804	9914	10005	10039	10061	10104	10298	10364	10649	11067	11143	11146	11361	11513	11585	11919	11927	12052	12306	12596	12680	13155	13565	13855	14483
937	1.0	972	1781	3495	4062	5068	7643	8038	8456	12164	12719
938	1.0	2389	4816	7555	13954
939	1.0	4942	9963
940	1.0	590	740	1097	2042	3094	3210	3806	5789	7827	9933	10448	12700	13373	13420	14141
941	1.0	3980	12423	13895
942	1.0	65	89	418	452	2202	2290	2769	3371	3535	3723	4116	4296	4362	4431	4723	4885	5459	5708	6923	7735	7986	8093	8105	8302	8727	8871	8934	8991	9159	10405	10969	11392	11566	12627	12635	12897	13013	13842	13919	14088	14151	14441
943	1.0	208	316	569	1338	1541	1565	1599	1715	2108	2276	2362	2662	2744	2862	3051	3263	3292	3329	3398	3560	4238	4309	4359	4368	4663	4802	4980	5033	5061	5222	5297	5780	6021	6046	6099	6170	6613	7272	7299	7387	7429	7479	7952	8226	8472	8612	8793	8898	8917	8943	9004	9010	9100	9321	9398	9589	9761	9803	9821	9957	10110	10187	10361	10456	10596	10655	10733	10825	10835	11194	11208	11273	11281	11742	11783	11876	12001	12047	12252	12585	12716	12718	12841	13515	13956	14149	14194	14332	14359
944	1.0	4430	7345	10853	13024	13521	14279
945	1.0	24	56	141	236	373	966	983	1014	1217	1673	1688	2442	2467	2746	3074	3325	3448	3868	4083	4219	4279	4471	4658	4786	4882	4940	5000	5396	5653	5809	6334	6483	6724	6789	7667	7894	8011	8065	8078	8208	8584	8606	8961	9642	10177	10747	11014	11060	11220	11433	11848	11863	11979	11989	12153	12231	12297	12884	13115	13164	13267	13284	13411	14142	14297	14325	14409	14587	14607
946	1.0	1579	3833	9541	10356	12612
947	1.0	1493	8524	13881
948	1.0	1391	6611	13479
949	1.0	2523	3251	4453	5274	9058	10744
950	1.0	44	767	1500	2369	3443	5051	5618	6131	10197
951	1.0	301	858	1594	7069
952	1.0	6116	10984
953	1.0	1271	3323	5259	7142
954	1.0	327	2110	3302	5531	5586	8897	9381	9844	10139	10284
955	1.0	4481	6539	7911	13251
956	1.0	3939	9001	13691
957	1.0	7349	12641
958	1.0	2532	3757	5342	7793	10810
959	1.0	5331	5503	9080	10011
960	1.0	5344	11473
961	1.0	3375	6605	7071
962	1.0	4637	4848	10257
963	1.0	6647	12727
964	1.0	2418	3399	3608	3726	3772	3966	4090	4538	4701	5129	6273	6661	7368	8736	9287	9373	9602	9639	9950	9978	10158	10760	10863	10966	10995	11952	12973	14378
965	1.0	6835	12750
966	1.0	5114	13379
967	1.0	95	237	243	602	1218	1690	1785	2306	2394	2872	3015	3212	3523	4285	4652	5010	5081	6278	6309	6393	7536	7563	7741	7854	8174	8504	8759	8783	10112	10118	10410	10594	11011	11931	12124	12732	13140	13296	13312	13504	13701	14285	14537
968	1.0	10	25	90	151	293	806	899	1287	1850	2125	2145	2154	2335	2643	2927	3034	3171	3487	3616	3697	3968	4074	4272	4411	4509	4524	4533	4603	4905	5211	5234	5495	5737	5815	5857	5867	5868	5949	6301	6395	6507	6602	6778	6833	6882	7127	7434	7617	8074	8268	8328	8656	8668	8719	8798	8828	9175	9301	9335	9380	9447	9593	9742	9760	10272	10433	10526	10811	10859	11169	11207	11261	11351	11401	11789	11887	12034	12168	12379	12835	12881	12993	13198	13375	13416	13421	13476	13480	13667	13765	13911	13917	13957	13983	14106	14115	14360	14578
969	1.0	8746	13161
970	1.0	1702	1870	2175	2914	7655
971	1.0	5001	14271
972	1.0	338	1397
973	1.0	6392	6510	14678
974	1.0	476	554	4289	4760	6322	8760	13292
975	1.0	665	1301	1520	2301	2436	3176	3276	4429	5596	7244	7638	10267	10431	12280	12724	12746	13068	13289	13960
976	1.0	122	7760
977	1.0	6880	9600
978	1.0	96	369	449	578	942	991	1080	1440	1566	1768	2164	2285	3026	3075	3117	3146	3197	3235	3485	3550	3989	4284	4487	4564	4748	4823	4824	4883	5806	5835	6082	6310	6484	6697	6784	6828	6974	7092	7094	7990	7997	8051	8536	9036	9479	10186	10192	10198	10426	10458	10474	10480	10902	11095	11326	11418	11705	11732	11865	11903	12075	12198	12810	13367	13374	13683	13693	13766	13793	13922
979	1.0	2851	5763	7451	10373	12999	13201
980	1.0	102	291	432	605	786	943	978	1339	1470	1587	1897	2105	2143	2184	2253	2326	2342	2814	2903	2930	2931	2959	3081	3357	3516	3845	4050	4185	4282	4321	4780	4855	4897	5054	5074	5271	5294	5349	5572	5632	5722	6037	6090	6203	6461	6532	7014	7287	7500	7670	8079	8488	8923	8931	9095	9219	9261	9449	9508	9976	10026	10042	10415	10699	11223	12215	12277	12327	12420	12459	13294	13314	13319	13520	13541	13827	13848	13936	14185	14464
981	1.0	66	256	345	395	403	513	1252	1296	1327	1353	1615	1652	1900	2140	2677	2870	2919	2981	3068	3618	3632	3795	3863	3950	4210	4517	5112	5605	5609	5717	5751	5953	6255	6339	6426	6679	7025	7334	7336	7402	7730	7961	8223	8581	8720	9046	9182	9216	9286	9459	9461	9555	9628	9930	10046	10075	10092	10241	10451	10774	11053	11250	12059	12769	12815	13290	13490	13512	13726	13781	13809	13822	14134	14312	14613
982	1.0	7393	11486
983	1.0	31	461	517	577	783	1262	1478	1867	1878	1978	2641	2877	3237	3320	3490	5289	5651	5915	6514	6671	6999	7161	7307	7833	7887	8087	8769	9185	9900	10127	10794	10860	11406	11921	12439	12923	12965	13321	13371	13419	13661	13958	13971	14012	14461	14641
984	1.0	161	305	595	719	1085	1091	1122	1714	1845	1898	1971	2029	2282	2809	2890	2953	3594	4276	4921	5721	5819	5884	6487	6508	6511	7163	8485	9005	9130	9193	9299	9426	9572	9609	9665	9768	9895	10069	10302	10404	10551	10914	11130	11374	11464	11466	11915	12058	12878	13154	13234	13328	13756	14007	14035	14164	14335	14395	14496
985	1.0	87	108	368	389	441	869	1050	1175	1196	1214	1234	1385	1481	1623	1707	2318	2493	2568	2667	2853	2965	3238	3309	3725	3805	4009	4052	4073	4337	4575	4790	4803	5032	5034	5173	5214	5335	5343	5486	5839	5969	6067	6172	6368	6466	6575	6757	6769	6775	6834	6948	7177	7453	7707	7780	7791	7891	8082	8291	8355	8435	8438	8449	8582	8701	9050	9444	9577	9612	9837	9866	10161	10223	10453	10814	11055	11168	11235	11367	11534	11623	11753	11896	12053	12592	12744	12788	13148	13453	13709	13747	13880	14014	14059	14170	14227	14303	14323	14501	14559
986	1.0	3226	5659	6361	9907
987	1.0	582	1813	2462	2799	3243	3670	3793	4901	5005	5277	5326	5351	6069	6755	6919	7239	7323	7377	7874	7923	8040	8091	8569	8572	8587	8597	9375	9512	10111	11224	11239	11391	11871	11892	12005	12128	12593	12633	12714	13387	13503	13688	14009	14267
988	1.0	679	892	946	1575	1963	2404	2466	2924	3011	3233	3619	3869	4173	4341	4600	4608	4725	4876	5415	5842	6430	6500	6569	7240	7269	7318	7493	9104	9322	9390	9707	9875	10823	11419	11449	11702	11932	12574	13529	13898	14126	14198	14264	14491	14540	14671
989	1.0	1464	1980	2412	2821	3503	3756	4131	4410	4615	4955	5432	5660	5770	7182	7216	8321	8376	8427	8849	9142	9568	10631	11494	11564	11908	12501	12843	13722	13913	13918	14406
990	1.0	751	996	1320	2160	2234	2680	3255	4811	10820	12151	13066	14408
991	1.0	154	330	352	404	422	529	611	834	1040	1071	1121	1343	1371	1518	1536	1624	1933	2300	2314	2633	2742	2975	3070	3260	3293	3501	3857	3931	3956	4080	4336	4550	4740	4889	4967	5158	6327	6404	6473	6753	6884	7020	7120	7229	7274	7658	7755	7810	7822	7912	7965	8030	8187	8375	8573	8698	9726	9746	9843	9890	10017	10265	10491	10503	10553	10944	10976	11197	11272	11605	11909	12096	12150	12179	12192	12233	12360	12537	12725	12838	12868	13298	13320	13348	13403	13519	13820	14024	14397
992	1.0	38	79	319	601	703	1028	1033	1248	1725	1756	1844	1876	2063	2444	2580	2844	2998	3330	3700	3921	4150	4158	4243	4283	4689	4830	5128	5179	5336	5340	5804	5889	6076	6402	6772	7085	7172	7652	7796	7804	7987	8310	8311	8481	8693	9084	9590	9675	9770	10071	10291	10738	10775	11730	12101	12427	12628	12721	13386	13923	13950	14123	14380	14489
993	1.0	48	128	1139	1159	1180	2115	2216	3390	4598	5447	5869	6246	6470	6662	7785	8384	9066	9178	9262	9489	9667	10214	11209	11249	11276	11855	11910	12061	12454	12553	13026	13399	14296
994	1.0	300	465	1133	1162	1378	1460	2935	5229	5233	6843	7531	7790	9121	10184	10705	10949	10994	11088	12504	13721	14595
995	1.0	379	482	702	726	1291	2152	3489	3864	4066	5759	6462	7170	7254	7564	8474	8806	9019	9783	10181	10215	12212	12248	12575	13102	13221	13486	14072
996	1.0	3740	10459
997	1.0	9818	11881
998	1.0	560	721	730	791	1020	1059	1062	1083	1373	1394	1497	1542	1583	1786	1806	1896	2308	2367	2504	2806	3071	3174	3204	3603	3715	4007	4014	4155	4513	4678	4847	4875	5228	5236	5682	5856	6079	6400	6413	6449	6528	6582	6669	6773	7247	7384	7510	7580	7590	7794	8478	8596	8963	8977	9275	9424	9542	9638	9748	10045	10239	10266	10563	10624	10650	11355	11629	11907	11939	12013	12030	12163	12272	12313	12387	12452	12505	12652	13199	13217	13246	13255	13286	13401	13605	13706	13868	14010	14099	14599	14672
999	1.0	34	311	413	763	1508	1683	1846	1903	1940	2196	2359	2734	2951	3223	3554	3600	4152	4397	4408	4500	4503	4796	4936	4965	5062	5892	6078	6114	6906	7107	7181	7217	7257	7370	7439	7444	7553	7611	7718	7840	7901	8044	8096	8186	8331	8662	8685	8741	8786	9022	9181	9215	9996	10015	10460	10549	10741	10868	10972	11201	11379	11440	11905	12321	12559	12839	12918	12983	13109	13133	13317	13396	13550	13767	13806	14250
1000	1.0	481	570	905	1477	1485	1703	2100	2258	3038	3061	3413	3568	4039	5253	5977	7243	7363	8036	8182	8441	8869	9025	10170	10466	10483	10590	10801	11689	12201	12270	12594	12905	13838	14605	14654
1001	1.0	6374	6713
1002	1.0	11054	11393
1003	1.0	26	206	228	245	299	308	356	494	521	542	793	809	848	949	1025	1261	1366	1421	1610	1681	1918	2256	2319	2322	2387	2838	2850	3000	3307	3332	3494	3526	3614	3759	4220	4625	4959	4988	5002	5680	5890	6013	6015	6195	6346	6687	6791	6802	6969	6973	7231	7364	7385	7544	7739	7770	8151	8373	8460	8527	8608	8619	8804	9093	9112	9206	9280	9382	9586	9766	9808	9809	10070	10262	10315	10352	10509	10985	11045	11537	11662	11724	11913	12080	12174	12515	12554	12617	13124	13225	13303	13334	13696	13770	13890	14040	14139	14619	14635
1004	1.0	2034	10421	11359
1005	1.0	13	57	166	362	381	473	671	816	1069	1229	1586	1603	1622	1926	2056	2116	2206	2454	3211	3437	3471	3590	3739	3880	3902	4001	4094	4137	4206	4249	4372	4384	4459	4486	4770	5301	5542	5734	6253	6272	6375	6417	6444	6555	6570	6607	6620	6712	7232	7324	7814	7851	7866	8063	8207	8353	8461	8585	8615	8739	8795	8958	9034	9201	9207	9387	9537	9661	9757	9979	10040	10147	10486	10697	11006	11063	11451	11719	11731	11960	11963	12044	12245	12484	12534	12610	12658	12826	13077	13405	13465	13547	13678	13681	13715	13729	14261	14343	14494	14502
1006	1.0	3625	7963
1007	1.0	2193	3918
1008	1.0	92	852	1350	1808	1830	2023	2168	2274	2438	2845	3030	3988	4031	4613	5159	5871	5962	6145	6242	6324	6785	7131	7165	7416	7505	7651	7720	7781	8286	8318	8387	8744	8893	8955	8992	9016	9083	9117	9330	9487	9869	9947	11260	11324	12412	12864	12908	13033	13310	13331	13510	13623	13658
1009	1.0	189	354	626	1047	1817	2165	2217	2701	3261	3291	3433	3574	3690	4072	4186	4236	4388	4849	5037	5675	5764	6270	6291	6931	6984	7210	7329	7662	7678	7942	8101	8170	8392	8403	8411	9120	9160	10525	10634	11007	11155	11244	11427	11438	11442	11470	11478	11846	11873	12062	12239	12385	12579	12830	12882	13030	13239	13264	13498	14278
1010	1.0	1404	1419	2457	5650	6468	12067	12512	12697	13791	13852	14232
1011	1.0	19	284	318	336	489	541	685	746	1556	1954	2177	2370	2516	2833	2989	3228	3267	3865	3901	4521	4746	5192	6668	6900	7201	7350	8025	8666	8967	9526	9854	10734	10890	12576	12896	12969	13139	13351	13433	13539	13551	13670	14000	14552
1012	1.0	140	251	313	390	855	961	1098	1920	2330	2458	2813	2820	2945	3393	3571	4684	4693	4730	5162	5305	5399	5448	5883	6320	6705	6812	6959	7419	7525	7606	7853	7873	7971	7972	8195	8285	8348	8531	8753	8914	9281	9470	9471	10273	10408	11043	11256	11376	11467	11601	11642	11715	11785	12042	12338	12570	12735	12932	12941	13091	13268	13473	13744	13866	14248
1013	1.0	508	530	741	1242	1341	1547	2117	2788	3249	4174	4180	4568	4938	5381	5458	5978	6315	6608	6642	6893	7189	7515	8365	8648	9174	9194	10607	10626	10685	11446	11511	12069	12324	12765	12858	13262	13417	13627	13736	13997	13999	14021	14092	14516
1014	1.0	10164	12498
1015	1.0	709	5087
1016	1.0	1104	2709	2753	3131	3547	5490	5591	6396	7880	8397	8831	9189	10068	10490	12218	13073	13757
1017	1.0	9891	13458
1018	1.0	1816	13450
1019	1.0	121	145	190	636	799	941	1010	1023	1049	1076	1177	1235	1236	1374	1408	1409	1515	1644	1676	1680	1737	2246	2646	2651	2995	3023	3114	3126	3164	3493	3810	3859	3973	4018	4179	4373	4470	4664	5322	5352	5406	5631	5901	5926	5961	5998	6323	6345	6664	6729	6792	6887	6967	7438	8031	8354	8408	8865	8868	8896	8986	9003	9191	9235	9290	9421	9706	9876	9940	10003	10559	11404	11727	11818	11862	11885	11891	11933	12160	12384	12493	12607	12703	12774	12848	12939	12980	13231	13617	14033	14070	14090	14118	14201	14236	14363	14513
1020	1.0	81	306	1400	1449	1462	1885	2080	2091	2638	2864	2911	3056	3118	3456	3458	4003	4448	4537	4874	4975	4994	5107	5418	5445	5510	5622	5657	5800	6286	6338	7111	7362	7470	7491	7537	7858	7919	8023	8457	8803	8809	10366	10532	10640	10880	10912	11159	11313	11378	11709	11749	11924	12374	13082	13361	13599	13600	13663	14108	14252	14609
1021	1.0	45	781	1053	1269	2420	2561	2982	3169	3679	4202	4307	4545	4900	4958	4962	5116	5181	5302	5372	5658	6344	6503	6966	7017	7291	7300	7761	7846	8447	8548	9140	9318	9336	9591	9732	9772	10048	10435	10584	10829	11149	11198	11308	11476	11576	11609	13176	13220	13844	14042	14612
1022	1.0	201	423	716	745	1256	1326	1749	1925	2673	2913	2926	3036	3124	3138	3177	3407	3598	3903	3934	4437	4714	4878	4954	5505	5807	6414	6440	6615	6799	6979	7331	7411	7523	7679	7841	8039	8183	8580	8825	8979	9037	9056	9157	9344	9491	9651	9681	9696	9838	10309	10461	10748	10856	11077	11852	12211	12396	12415	12578	12631	12640	12694	12760	12898	12927	12959	12979	13459	13576	13870	13920	14086	14102	14238	14405
1023	1.0	32	222	274	309	314	447	460	833	955	977	1257	1456	1507	1948	2000	2018	2293	2324	2711	3058	3099	3403	3736	3993	4061	4143	4404	4532	4630	4869	4884	5094	5125	5161	5209	5290	5894	5922	6171	6358	6517	6685	6851	6911	6970	8050	8068	8248	8333	9013	9085	9203	9295	9328	9406	9466	9507	9693	9747	9874	9934	10247	10292	11044	11087	11161	11186	11953	11977	12011	12018	12216	12242	12364	12424	12649	12924	13202	13208	13442	13805	13829	13962	14369	14527	14643
1024	1.0	106	277	304	315	565	652	708	1211	1246	1361	1388	1407	1588	1795	1928	1991	2070	2122	2226	2408	2536	2784	2846	3130	3408	3519	3557	3582	3745	4188	4741	5431	5498	5704	5774	5866	6026	6293	6330	6421	6597	6640	6951	7236	7246	7359	7600	7642	7774	8103	8428	8443	8471	8858	8997	9082	9284	9674	9802	9894	9897	9904	10120	10227	10311	10444	10481	10603	10772	11069	11089	11127	11152	11187	11279	11918	11950	12070	12885	13007	13322	13378	13554	13854	13939	14081	14117	14190	14533	14551	14633
1025	1.0	383	496	505	956	1124	1423	1682	1924	2275	2388	2626	2652	2663	2897	2991	3362	3584	3674	4029	4076	4275	4427	4665	4767	4810	6343	6410	6572	6913	7460	7461	7999	9311	9399	10168	10205	10537	10881	11390	11410	11459	11708	12468	12540	12895	13098	13190	13254	13768	13801	14075	14414	14475
1026	1.0	463	576	718	821	835	1165	1267	1365	1530	1968	2011	2251	2786	2876	3284	3749	3985	4117	4125	4593	4644	4662	5320	6159	6962	7050	7322	7738	7817	7867	8155	8179	8351	8492	8538	8677	9107	9394	9502	9624	9885	10031	10188	10630	11314	11325	11544	11620	11699	11997	12366	12951	13579	13652	14076	14333	14637
1027	1.0	16	124	171	1006	1561	1590	2535	3156	3514	3532	3769	3853	4138	4617	4674	4702	4763	5121	5410	5559	5875	6065	6117	6516	6588	6972	7024	7376	7540	7772	8133	8312	8362	8764	9303	9338	9528	10299	10419	10605	10684	11454	11822	11888	12099	12685	12742	13237	13370	13540	13636	13843	13861	13904	14050	14488	14569	14644
1028	1.0	4829	5207
1029	1.0	3534	10115
1030	1.0	50	617	629	830	916	1012	1647	1842	1892	2012	2094	2119	2273	2494	2690	2888	3105	3157	3835	4022	4369	4732	4791	5088	5157	5185	5397	5617	5905	5909	5948	6234	6335	6961	7112	7215	7861	8026	8120	8122	8154	8194	8826	8935	8999	9014	9274	9498	9701	9714	9948	10145	10159	10477	10656	10945	11022	11028	11303	11683	12207	12526	12618	12681	13025	13404	13413	13463	13622	13776	13992	14314	14341	14342	14439	14457
1031	1.0	1657	1809	1915	2265	2365	2406	2943	3145	3275	3348	3457	3766	3812	3932	3990	4204	4301	4649	4845	5003	5065	5199	5556	5703	5931	6096	6149	6530	6534	6638	7412	7936	8058	8520	8887	8903	8960	9293	9367	9486	10149	10216	10878	10907	10997	11002	11204	11366	11763	12356	13084	13093	13240	13278	14112	14669
1032	1.0	2940	11801
1033	1.0	6521	11983
1034	1.0	7857	12798
1035	1.0	7082	13561
1036	1.0	2131	7474
1037	1.0	9051	12247
1038	1.0	41	388	474	507	728	1112	1283	1767	2060	2099	2107	2241	2658	2664	2698	3461	3743	3785	3818	3846	3898	4205	4402	4774	5038	5360	5951	6129	6319	6681	6824	7175	7378	7404	7757	7852	8119	9857	9998	10385	10682	11307	11682	11870	12365	12630	12691	12890	13183	13628	13647	13905	13912	14101	14235	14245
1039	1.0	694	759	817	1358	1527	1589	1866	1930	2227	3203	3460	3518	3729	3775	3982	4247	4387	4826	4993	5481	5599	5673	5879	6161	6177	6184	6983	7054	7088	7328	7506	8713	8821	9141	9273	9633	9637	10190	11166	11178	11315	11333	11945	13038	13074	13964	14324
1040	1.0	7799	8599
1041	1.0	4451	6384	6742	13611
1042	1.0	5314	11229
1043	1.0	2003	3244
1044	1.0	2854	12573
1045	1.0	2469	5612	9709	11606	14400
1046	1.0	101	448	857	1193	1194	1425	1451	1523	1728	1818	2020	2144	2347	2453	2696	2785	2999	3363	3633	3639	4036	4244	4584	4764	4838	4852	4868	4895	4957	5041	5263	5275	5837	5898	6151	6156	6401	6593	6903	7002	7546	7831	8209	8249	8817	8832	8920	8938	9431	9713	9961	10370	10489	10779	10805	10973	11004	11026	11171	11288	11507	11672	11820	12105	12294	12446	13014	13032	13118	13247	13283	13635	14272	14415	14529
1047	1.0	199	469	887	909	1044	1691	2215	2244	2683	2732	2759	2818	3250	3303	3364	3524	3899	4193	4242	4287	4417	4726	4815	5046	5507	5554	5911	5999	6359	6518	6868	6869	7169	7405	7539	7925	8326	8750	9683	9736	9836	9851	9926	10499	11107	11300	11383	11492	11706	12285	12524	12730	12865	12995	13125	13258	13872	13994	14305	14534	14535
1048	1.0	137	3224	5280	5319	6351	7124	8761	9819	10438	10709	11437	11894	12695	12981	14074	14209
1049	1.0	113	499	732	925	1156	1355	1815	1835	1851	2345	2373	2441	2492	2773	2908	3402	3648	3675	3730	3804	3809	3924	3946	3972	4227	4367	4379	4616	4809	5110	5176	5279	5918	5987	6091	6326	6371	6504	6535	6609	6811	6830	7096	7160	7173	7750	8080	8269	8316	8507	8552	8616	8916	10134	10382	10572	10714	10834	11242	11565	11628	12141	12642	12880	13305	13350	13608	13739	14262
1050	1.0	9	410	1152	1325	1414	1570	1739	1789	2366	2659	2693	2791	3078	3080	3215	3435	3499	4246	4749	4853	5036	5136	5144	5169	5407	5604	5744	5823	5943	5974	6022	6106	6127	6453	6499	6872	7532	8215	8640	8686	8711	8748	8839	8910	8936	8968	9054	9131	9257	9410	9411	9860	9931	10375	10403	10504	10812	10954	11496	11517	11538	11593	12083	12127	12147	12422	12792	12920	12953	13160	13173	13324	13716	13811	14426
1051	1.0	600	646	789	1096	1197	1491	2348	2594	2783	2824	2858	3111	3149	3541	3583	3642	3732	3928	4064	4222	4542	4631	5442	5482	5698	5782	5964	5991	6073	6077	6113	6247	6506	6866	6897	7141	7183	7206	7211	7513	7568	7598	7701	7847	7860	7902	8072	8118	8144	8337	8388	9304	9360	9544	9740	10114	10627	10671	11098	11305	11441	11445	11484	12393	12875	12961	12970	13167	13179	13233	13376	13380	13522	13798	14121	14152	14549
1052	1.0	1718	2771
1053	1.0	3423	4534	6701	8150	11579
1054	1.0	47	249	551	585	648	904	1087	1100	1189	1317	1340	1474	1577	2212	2277	2414	2431	2483	2756	2765	2837	3418	3782	4033	4270	4511	4716	4720	4851	5258	5260	5413	5610	5730	6194	6748	6751	7176	7312	7406	7459	7549	7570	7637	7647	7747	7976	8002	8062	8090	8725	8966	9033	9097	9354	9361	9378	9546	9691	9779	10001	10329	11119	11258	11301	11345	11385	11477	11575	11786	11806	11883	11906	11957	12206	12225	12350	12517	12611	12674	12686	12743	12996	13065	13131	13293	13333	13407	13454	13583	13979	14222	14273	14449	14507
1055	1.0	52	182	672	686	867	882	1031	1125	1233	1544	1641	2075	2148	2736	2900	3165	3452	3484	3992	4306	4351	4403	4428	4544	4691	4858	4871	5018	5470	6003	6009	6146	6360	6693	6912	7076	7321	7339	7620	8350	8511	8714	9312	9678	10256	10412	10574	10580	10636	10830	11131	11164	11199	11211	11360	11573	11603	11760	12162	12169
1056	1.0	1642	4536	14156
1057	1.0	775	4329
1058	1.0	2675	5552
1059	1.0	169	9331
1060	1.0	3971	10236
1061	1.0	59	109	391	454	518	606	647	668	1015	1052	1250	1376	1480	1521	1574	2174	2268	2309	2430	2451	2755	2899	3033	3172	3232	3240	3310	3710	3741	3832	3858	4386	4525	4907	5304	5316	5491	5551	5791	6128	6141	6560	6586	6780	6892	7012	7047	7292	7573	7622	7687	8164	8224	8231	8246	8367	8417	8431	8639	8770	9035	9040	9670	9834	9952	10162	10592	10686	10866	10884	10889	10933	11071	11081	11219	11246	11302	11543	11562	11578	11912	11943	12029	12478	12675	12726	12795	12809	13048	13049	13384	13392	13505	13804	13833	14315	14498	14510	14555
1062	1.0	2057	13648
1063	1.0	11365	12466
1064	1.0	711	920	1525	1807	2485	2624	3120	3521	3596	3967	4772	5195	5409	5777	5814	5882	5934	6434	6810	7009	7932	8121	8166	8436	8446	8721	8899	9171	9222	9594	9631	10176	10191	10628	11151	11230	11580	12271	12300	12434	12639	13307	14138	14293	14495
1065	1.0	100	307	527	619	812	831	992	1003	1168	1300	1305	1495	1564	1634	1717	1969	2286	2325	2688	3076	3227	3727	3841	3960	4151	4221	4294	4621	5188	5196	5398	5467	5508	5679	6700	6883	6975	7104	7355	7414	8056	8149	8370	8379	8710	9972	9990	10155	10242	10442	10798	10800	11133	11182	11327	11364	11679	11736	11882	11981	12299	12314	12319	12456	12619	12644	12672	13180	13248	13383	13484	13523	13888	14013	14186	14347	14462	14493	14545	14652
1066	1.0	285	355	625	1437	1932	2008	3721	4086	4254	4418	4468	4910	5402	5808	6447	6621	6634	6814	6941	6943	7022	7058	7086	7308	8439	9556	9743	10341	10752	11190	11328	11475	11955	12045	12117	12372	12522	12728	13366	14207
1067	1.0	42	384	604	815	828	1179	1181	1369	1411	1771	1819	2120	2223	2328	2699	2723	2745	3178	3428	3659	3686	3891	3936	3952	4297	4789	5075	5330	5516	5726	5738	5895	6025	6030	6032	6167	6313	6448	6632	6865	6982	7010	7132	7586	7681	7903	7958	8227	8334	8567	8636	8676	8988	9057	9138	9543	9635	9686	10201	10294	10600	10644	10737	10833	10992	11128	11238	11299	11748	11850	11877	12010	12410	12622	12942	13088	13169	13311	13470	13666	13808	13975	14077	14091	14213	14384	14454	14646
1068	1.0	866	1534	1890	2153	2540	2757	2782	2932	3116	3419	3455	3563	4344	4446	5357	5573	5574	5896	6269	6274	6526	6766	7113	7138	7233	7535	7602	8127	8222	8464	8972	9271	9433	9679	10065	10097	10518	11768	12142	12550	12623	13113	13271	13758	13876	14062	14348	14656
1069	1.0	281	455	680	1119	1224	1837	2338	2344	2429	2440	2952	3198	3221	3358	3604	3662	3667	3947	4006	4059	4510	4622	4804	4863	4930	5469	5798	6031	6577	6603	6631	6998	7167	7519	7769	7928	8652	8688	8735	8737	8889	8937	9259	9288	9510	9630	10379	10614	10745	10843	10943	11042	11257	11293	11540	11695	11746	11773	12219	12511	12699	12929	13526	13570	13753	14087	14413
1070	1.0	138	317	537	832	846	987	1030	1316	1606	2001	2150	2302	2586	2625	2811	3561	3666	3681	3984	4079	4299	4655	4948	4998	5299	5674	5690	5755	5855	6169	6362	6435	6855	7038	7587	7974	8516	8884	8953	9062	9124	9234	9505	9621	9749	10020	10457	11049	11051	11193	11270	11323	11346	11935	12158	12208	12701	12722	12814	12818	13009	13449	13492	13500	13641	13656	13745	13802	14041	14321	14412	14500	14515	14608
1071	1.0	7223	9613
1072	1.0	255	342	406	572	840	849	1272	1532	1602	2137	2512	2718	2775	3336	3558	3771	3925	4273	4425	4535	4647	4711	4828	5025	5629	5749	5888	6654	6699	6844	7019	7079	7208	8020	8733	8827	8918	8939	9020	9151	9192	9536	9921	10010	10050	10116	10169	10342	10761	10782	10799	11275	11405	11485	12009	12143	12325	13187	13300	13531	13687	13707	13779	14133	14270	14482
1073	1.0	364	372	612	666	1387	1454	2066	2303	2470	2661	2707	3031	3106	3278	3733	4399	4797	5446	5810	9139	9636	10425	10646	10695	10791	11010	12027	12146	12407	12483	12665	12787	12817	12974	13242	13326	13398	13516	13659
1074	1.0	7567	8319
1075	1.0	581	5170	5920	6321	8153	9224
1076	1.0	2079	4795	6071	6148	6261	7885	8426	8618	9460	9565	9737	9855	10014	10258	12564
1077	1.0	4508	5910	11680	14119
1078	1.0	2672	5864
1079	1.0	232	387	510	523	555	749	844	1123	1129	1198	1368	1886	2098	2287	2292	2606	2607	2722	3044	3121	3478	3912	4069	4110	4164	4903	4974	5024	5141	5741	6063	6875	6930	8037	8515	8726	8755	8808	8819	9268	9861	10094	10185	10245	10340	10746	10925	11047	11741	12120	12608	12656	13011	13111	13435	13452	13738	13813	14030	14155	14492
1080	1.0	193	427	487	610	856	1259	1486	3378	3595	3999	4334	4762	4820	5269	5518	5938	5993	6066	6542	6730	6874	7365	7435	7458	7775	7801	7805	7832	8722	9031	9144	9443	9561	9585	9765	9793	9820	10135	10360	10577	10755	10756	10934	11094	11386	11447	12584	13000	13336	13414	13963	14107	14485	14676
1081	1.0	3376	10310
1082	1.0	84	275	278	535	912	1108	1134	1202	1244	1375	1719	1727	1731	1736	1917	2050	2077	2113	2321	2354	2355	2381	2612	2948	2956	3082	3373	3453	3517	3888	3976	4035	4168	4261	4540	4595	4735	4953	5203	5210	5308	5419	5525	5543	5588	5924	6782	7030	7315	7489	7719	7776	7829	7863	8012	8335	8389	8480	8613	9204	9659	9924	9958	10359	10443	10578	10887	11830	11961	12132	12228	12232	12241	12555	12605	12702	12805	12926	13062	13104	13466	13548	13699	13777	13929	14054	14256	14362	14446	14570
1083	1.0	135	953	2109	3214	5350	6163	7661	8007	8192	8745	9937	12684	13206	13788	13970
1084	1.0	2946	5225	8233	9467	10012	10464	10652	10892
1085	1.0	5435	11101	13602
1086	1.0	3969	10642
1087	1.0	202	490	997	1084	1090	1405	1535	1766	2278	2526	3551	3609	3823	4499	4547	4744	5295	5420	5827	5861	6107	6422	6692	6929	7241	7743	7884	7916	8371	8522	8523	8655	8776	9041	9127	9211	9319	9650	9962	10296	11192	11514	11734	12266	13101	13389	14371	14398	14572
1088	1.0	115	235	382	561	715	890	923	1000	1307	1420	1476	1998	2009	2097	2180	2399	2530	2684	3313	3682	3794	5042	5324	5483	5645	6057	6087	6160	6380	6477	6549	6600	7180	7496	8067	8086	8487	8732	9186	9663	10440	10452	10496	10566	10837	11666	12371	12386	12677	12804	12984	13232	13530	14628
1089	1.0	927	1176	1738	1871	1996	2006	2028	2232	2385	3016	3052	3067	3142	3380	3781	3813	4215	4391	4944	5160	5310	5528	5712	6237	6367	6864	6995	7151	7226	7285	7338	7604	7787	7927	8073	8094	8115	8178	8533	8635	8674	8862	9116	9173	9296	9346	9419	9564	9672	10030	10047	10203	10264	10307	10788	11334	11691	11790	12253	12298	12308	12377	12389	12991	13650	13762	13984	14031	14083	14618	14630
1090	1.0	776	1311	1614	1875	2017	2571	2751	3100	3181	3622	3819	4184	4218	4350	4488	4777	4943	5085	5197	5425	5997	6056	6424	6735	6945	7063	7073	7367	7550	8206	8344	8902	9154	9724	9727	9812	10919	11099	11380	11823	13153	13291	13985	14530
1091	1.0	2172	9504
1092	1.0	4324	7116
1093	1.0	10731	12261
1094	1.0	768	5984
1095	1.0	221	1794	4594	14056
1096	1.0	4382	6758
1097	1.0	329	386	451	683	699	738	773	1422	1433	1461	1649	1742	2395	2401	2505	2705	2780	2803	2920	2994	3280	3367	3663	3696	3753	3844	3873	3930	3998	4096	4264	4571	4586	4807	4846	4879	5118	5436	5566	5672	5833	5917	5958	5995	6180	6341	6357	6551	7193	7391	7530	7588	7906	7984	8158	8300	8307	8607	9075	9404	9516	9617	9728	9788	10037	10512	10570	10796	10803	10855	11210	11254	11690	11925	12036	12354	12402	12417	12496	12546	12558	12577	12647	12773	12784	12956	13060	13072	13168	13177	13362	13775	13789	13807	13832	13940	14122	14351	14456
1098	1.0	252	4683	9155	10021	12816
1099	1.0	9784	10059
1100	1.0	5334	11779
1101	1.0	11701	14651
1102	1.0	7294	9932
1103	1.0	635	3187	3295	3586
1104	1.0	18	371	539	725	1008	1169	1457	1626	1787	1860	2007	2025	2479	2770	3101	3807	3815	3962	4398	4597	4635	4745	4989	5012	5091	5145	5230	5282	5323	5382	5437	5649	5852	5939	5992	6089	6108	6333	6458	6547	6759	6763	6781	6859	7064	7152	7456	7497	7601	7616	7630	7650	7699	7812	7992	8009	8279	8678	8777	8857	8881	8885	9092	9147	9606	9723	9826	10055	10195	10471	11170	11982	12126	12441	12754	13147	13295	13441	13584	13686	13926	14006	14022	14184	14389	14499	14523
1105	1.0	105	272	286	608	1137	1278	1299	1398	1831	2015	2019	2096	2848	2860	3262	3273	3630	3698	3754	4120	4349	4973	5123	5212	5611	5671	5719	5897	5928	6202	6635	6809	7488	7610	7644	7824	7954	8290	8680	8882	8926	9047	9704	10224	10282	10476	11132	11167	11252	11533	11656	12616	12679	12982	12990	13076	13157	13219	14158	14557	14600
1106	1.0	2715	3502
1107	1.0	1381	6080	8947
1108	1.0	9298	10665
1109	1.0	148	279	426	497	642	658	677	881	1183	1990	2016	2051	2238	2296	2647	2681	2836	2925	3257	3297	3424	3566	3605	3611	3959	4262	4345	4424	4553	4728	5303	5820	6008	6227	6497	6596	6925	6939	6944	7332	7522	7534	7618	7640	7671	7819	8069	8097	8184	8477	8796	9327	9832	9970	10589	10632	10674	10732	12413	12651	12871	12913	13279	13332	13778	13846	14353
1110	1.0	1537	1625	1927	2245	2353	2577	3907	3935	4034	4042	4178	5063	5365	5940	6081	6122	6162	6579	6783	7102	7117	7184	7213	7252	7397	7427	7726	8135	8199	8377	8621	8758	9368	9662	9754	9764	9790	9813	10035	10275	10423	10510	11034	11137	11283	11519	11527	11948	12000	12130	12359	12435	12560	12661	12845	12893	13029	13056	13425	13932	14029	14211	14249	14292	14576	14657
1111	1.0	348	421	675	697	706	707	836	960	985	1043	1055	1067	1141	1292	1667	1874	2082	2147	2218	2337	2437	2600	3042	3628	3877	4676	4738	5283	5489	6328	6405	6452	6463	6964	7301	7559	7626	7985	8054	8390	8402	8850	9371	9884	10617	10712	11029	11033	11102	11144	11461	11631	11659	12025	12154	12220	12405	12842	13054	13593	13719	13883	14094	14417	14512
1112	1.0	168	250	558	710	863	1041	2033	2372	2610	2676	2750	2832	3084	3193	3205	3513	3531	3747	3926	4690	4877	4891	5198	5822	5824	5968	6119	6120	6176	6231	6604	6625	6739	6745	6770	6801	6836	7417	7614	7653	8266	8267	8479	8649	8716	8924	8950	8973	9252	9694	9731	10108	10333	10394	10396	11304	11377	11481	11805	12144	12243	12329	12348	12621	12668	12770	12987	13059	13064	13184	13306	13415	13817	13909	14327
1113	1.0	512	872	1082	1187	2102	2514	2895	3612	4026	4201	4636	4834	4839	5022	5193	5389	6698	6777	6989	7980	8434	8971	8994	9352	9474	10610	11123	11134	11156	11722	12026	12488	13055	13359	13676	14026	14474	14588
1114	1.0	35	39	97	361	524	771	1511	1552	1604	2242	2312	2909	3098	3216	3290	3555	3744	3748	3914	4030	4049	4159	4248	4498	4818	5006	5007	5031	5138	5171	5313	5635	5769	5933	5936	6004	6340	6480	6493	6915	6932	7157	7343	7613	7684	8161	8204	8218	8493	8699	8787	8984	9199	9485	9549	9652	9685	9846	9919	10007	10167	10335	10388	10485	10865	11184	11267	11615	11624	11671	11744	11792	12100	12204	12240	12426	12547	12549	12723	12808	12934	13081	13162	13471	13582	13685	13799	13900	13908	13993	14049	14228	14308	14336	14677
1115	1.0	407	714	940	944	1578	1660	1668	1947	1981	2460	2655	2728	3009	3361	4024	4176	4207	4365	6427	6437	6805	7000	7051	7221	7224	7452	7498	7937	8064	8278	8695	8715	9400	9559	9562	9684	10136	10330	10397	10595	10768	10960	11177	11758	11825	12256	12312	12352	12473	12646	13495	13595	13660	13702	13784	14038	14382	14546
1116	1.0	63	320	959	1086	1238	1303	1429	1616	1938	2031	2162	2186	2310	2627	2915	4011	4021	4332	4779	4927	5438	6020	6268	6312	6377	6524	6563	6585	6741	6992	7204	7280	7478	7495	7826	8675	8775	8886	9365	10180	10377	10436	10519	10612	10950	10980	11172	11457	11718	11784	11798	11808	11864	12273	12343	12477	12759	13069	13261	13477	13858	14065	14206	14667
1117	1.0	4549	10081
1118	1.0	3312	5825
1119	1.0	4200	4679	10516	14179
1120	1.0	82	176	258	343	435	614	797	1103	1219	1435	1956	1958	2043	2416	3108	3316	3335	3613	3751	4343	4444	4491	4495	4560	4872	5103	5148	5189	5243	5244	5514	5606	5607	5975	6173	6198	6386	6409	6411	6460	6637	6977	6981	7053	7060	7109	7383	7400	7740	7844	7909	8046	8180	8272	8519	8700	8861	9212	9289	9350	9478	9573	10044	10210	10297	10345	10462	10815	10862	11019	11100	11500	11684	11926	11978	12041	12487	12520	12536	12568	12583	12629	12894	13001	13186	13275	13740	13795	13796	13851	14214	14313	14481	14594
1121	1.0	195	392	453	509	748	779	937	1384	1901	1905	2163	2327	2398	2879	2880	2934	3135	3767	3840	4105	4149	4380	4523	4685	4832	5219	5291	5401	5526	5558	5980	6185	6244	6257	6554	6822	7203	7205	7313	7556	7823	7949	8271	8282	8297	8554	8557	8823	9310	9349	9548	9601	9660	10096	10552	10575	10581	11222	11253	11546	11548	11569	11831	12445	12450	12518	12925	13226	13349	13493	13567	13785	14187	14662
1122	1.0	153	290	573	829	845	1027	1061	1126	1572	1687	1696	1764	1798	1849	1853	1923	1955	1992	2061	2200	2502	2708	2739	3008	3083	3129	3354	3497	3610	4041	4099	4118	4177	4370	4474	4507	4561	4601	4792	5333	5391	5805	5846	6060	6224	6285	6363	6714	7146	7366	7374	7463	7468	7725	8057	8241	8526	8661	8692	8740	9409	9550	9835	9886	9913	10736	10808	10901	10923	10935	10982	11023	11036	11142	11191	11241	11298	11309	11330	11469	11493	11542	11728	11791	11875	12012	12315	12383	12453	12541	12806	13174	13353	13585	13927	14241	14294	14411	14583
1123	1.0	8462	10993
