1	1.0	93	107	1444	1784	2250	2491	3766	4167	4376	4441	4562	4992	6164	7057	7680	7715	7773	7907	8752	8807	8904	9953	10217	11373	11423	11597	11922	12097	12356	12440	12467	12563	12690	13688	13821	14192	14381	14625
2	1.0	739	1500	1759	1841	2063	2263	2397	2560	3236	3385	3421	3601	4066	4931	5501	5638	5728	6924	7251	7583	7692	7749	8200	8298	8806	10288	10726	10874	11506	11759	12543	12645	12869	13205	13269	13718	14490
3	1.0	901	3032	7697	10562	10827	11064	14649
4	1.0	467	1066	6496	7356	8245	10804	14061
5	1.0	30	110	402	503	676	753	765	790	819	842	1282	1699	1708	2298	2762	2866	3088	3188	3281	3549	3592	3629	3752	4280	5027	5131	5449	5524	5589	6126	6352	6373	6702	6978	7256	7473	7502	8156	8560	8574	8707	8781	8788	8949	9000	9165	9341	9405	9643	10051	10105	10128	10154	10591	10857	11115	11350	11387	11632	12196	12210	12361	12709	12729	12733	13132	13138	13368	13682	13803	14150	14463	14550
6	1.0	2	747	762	774	919	1078	1263	1539	1569	1825	1829	1872	2247	2602	2641	2654	3141	3507	3512	4182	4604	5053	5178	5325	5541	6147	6909	7067	7307	7424	8292	8378	8502	9077	9129	9152	9392	9710	9712	9786	10064	10304	10417	10762	10763	10818	11000	11080	11113	11195	11236	11430	11523	11697	12156	12571	12598	13034	13035	13546	13661	13764	13863	14129	14145	14387
7	1.0	55	253	681	770	922	1136	1434	1502	1517	1862	2030	2037	2239	2356	2515	2608	2623	2712	2921	2958	3343	3422	3882	4111	4401	4450	4698	5016	5241	5264	5587	5919	5976	6307	6318	6372	6479	6580	6862	6949	6996	7188	7290	7514	7541	8013	8181	8228	8458	8506	8563	8859	8905	9545	9744	9850	9872	9905	9915	9936	10066	10199	10319	10424	10583	10920	11443	11520	11541	11756	11908	12093	12109	12326	12357	12463	12548	12604	12620	12755	12877	12946	13241	13273	13511	13977	14157	14208	14520	14526	14531
8	1.0	644	2819	3152	4077	4501	5130	6280	6295	6797	7619	11821	11853	12819	14540
9	1.0	1135	1820	2024	2127	2156	2334	2601	3660	3791	7628	8465	10463	10894	12081	12960	13144	13243
10	1.0	160	868	7792	8900	8983	10312	13494
11	1.0	492	650	1279	1944	2045	2371	2553	4063	5464	6006	6470	6843	8108	8395	8553	8670	9013	9385	10002	11079	11634	11696	11938	12177	13127	13451	13634	13933
12	1.0	520	667	682	720	785	948	1463	1479	1694	1865	1910	2214	2379	2392	2576	2947	3001	3107	3140	3208	3282	3337	3339	3464	3689	3875	3897	4315	4529	4640	4650	4842	4978	5270	5281	5339	5369	5670	5687	5850	5921	6349	6733	6746	7813	8315	8366	8420	8643	8667	8894	8941	9053	9231	9469	9476	9551	9646	9656	9917	10054	10091	10156	10253	10274	10411	10465	10514	10620	10621	10706	10953	11465	11468	11646	11675	11781	12086	12118	12205	12349	12662	12857	13191	13469	13906	14251	14391	14465
13	1.0	287	360	508	679	704	741	756	1054	1547	1571	1684	2078	2409	2447	2578	2632	2703	2892	3226	3366	3483	3570	3977	4142	4174	4475	4530	4568	4600	4632	5015	5317	5381	5400	5667	6238	6500	6513	6558	6562	7306	7401	7493	7515	8061	8364	9194	9322	9390	10067	10084	10269	10607	10633	11035	11382	11449	11503	11511	11647	12133	12226	12296	12324	12442	12632	12765	12768	12858	13171	13204	13262	13627	13742	13783	13997	14021	14039	14063	14092	14617
14	1.0	1363	3062	3860	6686	7119	8360	8929	9283	10447	10606	11138	11329
15	1.0	165	205	332	353	457	504	634	814	964	965	975	1416	1546	1581	1675	1761	1810	1861	1908	2146	2289	2333	2543	2937	3022	3059	3087	3179	3256	3890	4154	4356	4366	4522	5249	5592	5830	6165	6300	6418	6442	6550	6726	7268	7615	7634	7778	7815	7838	7855	7893	8029	8123	8416	8454	8657	8906	9348	9414	9422	9695	9849	9967	10022	10130	10300	10386	10657	10916	11290	11344	11591	11833	11841	11958	11967	12077	12092	12262	12789	12930	13037	13287	13313	13700	13871	14124	14135	14448	14468	14518
16	1.0	271	967	1724	1756	4445	9609	9882	9892	12749
17	1.0	6760	9581	10279	14616
18	1.0	5683	6256	6571	6652	10937	11231	13089
19	1.0	7248	7808	9616	9781	10422	13430
20	1.0	241	300	7592	7960	9971	10357	12040	13850	14254
21	1.0	2768	3699	4126	7214	11320	12552
22	1.0	8148	11439	11648	12264	12827	12840	14290
23	1.0	269	2391	3905	4146	4303	5836	6261	7991	8578	8852	9910	10014	10687	10926	11335	11483	12004	12227
24	1.0	839	2907	4342	4923	7964	8942	9343	9538	12689
25	1.0	4226	4381	4396	4639	6870	11362	11804	13427	14525
26	1.0	1390	2584	2748	3688	4641	5637	6927	9578	10996	11775	11807
27	1.0	3692	3708	6250	6707	7629	8611	9237	11409	13189
28	1.0	915	954	1022	1653	2022	2197	2260	2605	2622	2970	3440	4107	4269	4430	5697	5701	6119	6354	6621	7345	7547	8270	8342	8418	8791	8873	9090	9225	9339	9539	9694	10339	10399	10513	10853	11304	11371	11554	11897	12043	12185	12281	12561	13024	13151	13364	13521	13714	13723	13987	14094	14279	14573
29	1.0	651	1319	2297	4060	6306	9864	11225	12425	12856	13116
30	1.0	670	1659	2039	2126	2132	2141	2272	3787	5026	5239	5847	6143	8482	9702	13862
31	1.0	479	860	1988	6721	12351	12761
32	1.0	243	1237	1469	2018	2506	3606	4166	4202	4623	4692	4825	6136	6278	7465	7788	7849	8103	8419	8481	8546	9726	9816	9894	10027	10407	11097	13021	13090	13503	13616	13690	13857	14476
33	1.0	456	483	5247	7015	7443	8617	11056	12545
34	1.0	69	630	1935	2093	2377	3506	3657	3793	3885	3987	4051	4467	4476	5437	5801	5979	6369	6576	7209	7558	7821	7940	8359	9434	9671	9975	10318	10398	10740	10777	10957	11210	11406	11497	11681	11886	12121	12292	12575	13102	13285	13486	13508	14581
35	1.0	894	1529	2229	3466	3854	7148	11416	14536	14553
36	1.0	1264	1331	4729	5331	5503	6796	9080	10011
37	1.0	17	425	639	1113	1130	1273	1321	1424	1505	1558	1745	1854	2171	2452	2490	2592	2889	2901	2972	3103	3296	3652	3719	3862	3958	4325	4352	4435	4624	5069	5307	5474	5521	5549	6279	6383	6842	7551	7712	7864	8053	8106	8299	8323	8575	8627	8669	8974	9017	9065	9089	9417	9475	9540	9916	9920	9989	9995	10174	10213	10280	10670	10769	11017	11027	11076	11429	11524	11654	12182	12236	12470	12602	12943	13041	13418	13621	13787	14003	14069	14089	14220	14283	14430	14561	14591	14602
38	1.0	2471	3397	3889	4452	10240	10719	11074	11563	11692	11977	13196	13989	14366
39	1.0	1017	1403	1720	1752	2674	2726	3089	3401	3777	4862	5166	6199	6419	6509	7164	7382	7399	7962	8810	8843	8883	9103	9223	9243	9446	9520	9840	9941	10056	10718	10832	10999	11403	11782	11838	12076	12698	13272	13472	13586	14247	14334	14368
40	1.0	37	56	236	373	556	966	983	1014	1313	1630	1811	2071	2203	2467	2611	2746	2905	3093	3325	3565	3620	3792	4083	4219	4658	4786	4882	4940	5115	5245	5367	5396	5656	5809	5923	6109	6364	6474	6483	6789	6860	7317	7462	7667	7721	7777	7894	8065	8078	8208	8332	8584	8709	8978	9655	10107	10208	10564	10565	10639	10994	11060	11220	11498	11505	11739	11848	11863	11900	12153	12231	12297	12309	12399	12933	13043	13115	13267	13411	13662	13680	13840	14005	14142	14218	14409	14477	14607
41	1.0	462	3542	3655	4626	5858	6446	6502	6656	8633	9488	10196	11560	12429	12502	12962	13434	13898	14051	14304
42	1.0	45	363	557	622	1632	3508	3784	4161	4319	4837	5013	5366	5642	5966	6378	6970	7464	7487	8363	9391	10033	10231	11247	11499	12108	12424	13428
43	1.0	379	553	574	1239	1383	1450	1822	2048	2152	2563	2569	2834	3019	3447	3797	3922	4545	4811	5255	5851	6104	6316	6495	6806	6936	6958	7320	7621	7871	7887	8075	8432	9091	9525	9620	10226	11148	11504	11698	12275	12301	12758	12807	13039	13195	13321	13419	13445	13610	13743	14035	14197	14363	14622	14632	14650
44	1.0	1206	12394	14217	14455
45	1.0	5669	9497	10602	12033	12375
46	1.0	292	486	908	969	1995	2274	2317	3213	3352	3895	3913	4410	5004	5008	5067	5237	5259	6007	6196	6210	6431	6808	6816	7267	7340	7342	8138	9032	9110	9496	10550	10675	11021	11215	11248	11471	11730	12328	12510	12887	12972	13372	13934	14055	14131	14595
47	1.0	43	122	516	727	735	792	1528	1543	2121	2861	3060	3199	3342	3576	3577	3822	3843	3965	4173	4680	4887	5058	5779	5797	5941	7446	7760	7818	7920	7970	8258	9096	9437	9451	10548	10904	11160	11677	12379	12593	13126	13577	13592	13598	14390	14442	14480	14666
48	1.0	744	946	1575	1580	2103	2704	3259	3289	3292	3398	3492	3900	4341	4489	5276	5842	6012	7533	8591	9321	9901	10151	10252	11052	11072	11232	11363	11661	11783	12718	13557	14018	14221
49	1.0	485	1342	1629	1983	3314	3334	4055	4260	5120	6059	6222	7150	7249	7423	7836	8274	9969	10749	11397	11858	13643
50	1.0	218	393	808	2653	3064	3579	4345	5227	5290	6599	7783	8175	8704	9134	9929	10088	11121	11348	12521	13259	13276	13338	14433
51	1.0	865	1153	1318	1562	1598	1763	1902	2570	2938	3578	3817	4008	4057	4374	4375	4434	4512	4569	4619	4661	4666	4888	4908	5043	5105	5146	5480	5493	5560	5624	5628	5700	5778	6086	6092	6498	6567	6598	6752	6756	6934	7156	7526	7746	7944	8110	8265	8500	8528	8691	8837	8890	8928	8951	9073	9202	9337	9465	9580	9625	9778	9942	10058	10244	10358	10813	10927	11277	11602	11733	11837	11964	12072	12287	12336	12747	13110	13156	13207	13356	13397	13780	13816	13830	14165	14202	14582
52	1.0	46	1236	1274	1436	1974	2112	2158	2554	2796	3209	3328	3403	3707	6135	6299	7733	7858	7882	7996	8024	8031	8196	8221	8868	10032	10753	10939	11077	11202	12376	12847	13146	13361	13395	13885	14033	14243	14513
53	1.0	1230	2222	2990	3416	3477	4223	6689	8989	9811
54	1.0	23	60	99	181	805	958	1698	1921	2645	2830	3004	3055	3086	3548	3593	3640	3669	3799	4037	4133	4697	4756	4798	4904	5050	5090	5311	5321	5568	5634	5740	5768	5828	5916	6068	6105	6236	6283	6531	6653	6788	6878	7103	7140	7548	7585	7717	8052	8114	8510	8835	8870	9143	9317	9571	9599	9640	9906	10327	10521	10700	10727	10838	10882	10906	11016	11032	11452	11776	11810	11811	11971	11993	12333	12462	12634	13057	13100	13149	13163	13182	13280	13951	13988	14195	14229	14352	14521
55	1.0	2480	5009	9149	10669	12116	13596
56	1.0	103	399	500	568	603	723	870	1426	1512	1804	1813	2271	2360	2521	2532	2558	2618	2741	2772	3168	3470	3488	3528	3589	4127	4180	4209	4968	5359	5458	5860	6042	6573	6612	6703	6867	6893	7052	7123	7421	7511	7659	7695	7915	8152	8162	8244	8490	8587	8604	8648	8734	8844	9213	9355	9509	10018	10072	10111	10542	10585	10930	10932	11217	11233	11489	11536	11667	11766	11871	11901	12303	12363	12523	12975	13158	13222	13478	13736	13836	13965	14019	14144	14284	14596
57	1.0	1729	3113	5218	5371	5729	9126	9432	10261	12863
58	1.0	302	5555	7085	8243	13345	14078
59	1.0	550	587	665	1301	1520	1711	1887	1979	2301	2630	2668	3011	3276	4081	4104	4429	4831	5344	5412	5641	5647	6853	7003	7040	7158	7244	7638	8600	8626	9618	9949	10267	10295	10781	10821	11124	11448	11473	11694	12567	12724	12740	12746	12797	12801	12899	13068	13289	13412	14263	14621	14671
60	1.0	7	6578	9902	11111	13893
61	1.0	330	1143	1690	1969	3017	4473	4612	5125	6000	7122	7168	7723	8696	9045	9777	10247	10654	10976	13562	13705
62	1.0	25	132	143	562	1099	1164	1612	2044	2161	2176	2384	2436	2574	2685	2733	2906	3034	3182	3377	3668	4023	4074	4271	4504	4531	4634	4648	4712	4725	4893	5362	5495	5691	5718	5873	6001	6045	6100	6190	6520	6584	6641	6710	6717	6778	6963	7135	7261	7344	7412	7433	7501	7578	7789	7850	7933	8045	8088	8541	8798	9227	9267	9291	9719	10140	10347	10493	10713	10869	10883	10910	10921	11169	11583	11835	11999	12168	12188	12258	12260	12778	12799	12852	13568	13646	14367	14376	14487	14491	14578
63	1.0	156	601	811	1057	1059	1083	1373	1497	1554	1670	1780	1881	1950	2178	2367	2522	3201	3204	3252	3355	3603	4007	4088	4234	4243	4453	4481	4513	4896	5128	5168	5201	5228	5477	5682	5771	5889	6076	6079	6311	6539	6772	6804	6890	7059	7172	7247	7384	7432	7564	7843	7911	8143	8197	8310	8478	8596	8731	8814	8872	9275	9690	9733	9898	9956	10239	10420	10624	10672	10905	11400	11455	11618	11638	11657	11916	13217	13235	13251	13401	13853	13923	14599	14672
64	1.0	295	306	323	396	420	1029	2134	2192	2311	2352	2407	2497	2805	2825	2864	3118	3133	3220	4169	4171	4536	4932	5417	5485	5733	6019	6305	6800	7121	7442	7886	8016	8469	8623	8772	9018	9146	9148	9554	9771	9893	10366	10369	11037	11761	11942	12035	12936	13944	14066
65	1.0	544	1090	1590	1760	2399	2530	2599	2710	3452	3769	3979	4628	4702	4763	4829	4975	5207	5430	5796	5960	6057	6065	6214	6858	6972	7078	7241	7939	7995	8214	8287	8557	8593	8816	9049	9303	9528	9939	10498	10611	10998	11513	11577	11779	11868	11988	12447	12638	13003	13240	13636	14050	14286	14379	14458	14488
66	1.0	440	1445	2072	2874	6553	6940	8322	9472	10780	11637	13865	14346
67	1.0	282	5332	9150	10840	12381
68	1.0	321	1225	1295	2487	3716	7129	7186	7353	7677	8792	11145	12339	13916	14258	14328
69	1.0	36	129	335	482	567	607	767	794	914	1201	1266	1330	1492	1806	1876	2084	2129	2917	3005	3063	3207	3268	3454	3774	4010	4028	4158	4170	4283	4289	4477	4760	4941	5127	5174	5175	5451	5471	5731	5804	5819	5831	5988	6055	6228	6397	6407	6450	6543	6629	6643	6645	6740	7289	7878	7913	8129	8474	8564	8760	9076	9221	9342	9511	9815	10158	10404	10551	10567	10738	10917	11061	11206	11262	11338	11704	12094	12200	12212	12286	12460	12813	12916	13052	13386	13713	13733	13886	13945	14012	14125	14503	14580
70	1.0	1110	1858	2339	3053	3892	4566	4670	4737	5799	5891	6075	7197	7633	8757	8875	9011	9377	10368	11419	11553	11630	12643	12739	13248	13897	14585
71	1.0	357	1399	1430	1744	1915	2151	2548	3058	3861	4851	5584	6358	6432	7081	7377	7957	8309	9606	10250	10495	10971	11501	11962	12101	12700	13172	14267	14358
72	1.0	994	1379	5622	6192	6771	7253	7323	7636	7802	10929	11969	12392	13079
73	1.0	378	2168	2613	3679	4284	4300	4824	4899	4937	5504	5581	7327	7744	8517	8529	8602	9033	9344	9763	13277
74	1.0	70	191	266	423	1251	1256	1281	1447	1912	1953	1999	2059	2110	2228	2235	2305	2336	2529	2538	2911	2926	3092	3493	3855	4112	4314	4329	4382	4413	4437	4572	5531	5580	5586	5612	5862	6115	6566	6758	6902	6945	7331	7389	7523	7537	7674	8039	8429	8537	8624	8658	9037	9056	9154	9187	9541	9844	10900	11135	11845	11867	12546	12612	12655	12751	12924	12959	13211	13323	13400	13727	13801	13819	14119	14400	14601	14610
75	1.0	1821	2074	4487	7472	7997	8141	8579	11153	12820	12844	14136	14459
76	1.0	77	261	1192	1233	1307	1998	2009	2278	2483	2688	2713	2855	2878	3165	3511	3534	3682	3724	3727	3927	3992	4151	4175	4428	4548	4871	4924	5378	5470	5483	5735	5861	6691	6975	7065	7496	8067	8086	8511	8595	8599	8732	9111	9427	9779	10115	10438	10440	10664	11164	11385	11603	11793	12186	12674	12804	12981	13260	13530	13741	14084	14273	14449	14554
77	1.0	3186	4360	7561	12265	12529
78	1.0	223	263	484	531	957	1976	2489	2924	2957	3155	3298	3420	3539	3564	3702	3911	4012	4926	5000	5102	5114	5204	5532	6248	6529	6569	6696	6953	7115	7286	7299	7318	7325	7372	7428	7429	7455	7565	7748	8028	8509	8606	8614	9010	9236	9398	9767	9865	10528	10626	11009	11015	11354	11599	11645	12014	12114	12224	12341	12580	12832	12841	12851	13016	13309	13379	13995	14008	14149	14193	14194	14359
79	1.0	67	837	1142	1209	2541	2719	2898	2973	3048	3119	3482	3515	3755	3786	3929	4181	4253	4620	4766	5248	5292	5361	5578	5600	5835	6070	6205	6296	6731	6784	6857	7013	7139	7410	7476	7521	7563	7660	7845	8313	8329	8747	8754	8824	8908	9345	9479	9804	9981	10103	10186	10356	10758	11136	11522	11627	11866	11917	12038	12107	12173	12613	12715	12889	12907	13066	13468	13575	13629	13750	13759	14023	14043	14215	14331
80	1.0	114	150	502	1162	1712	2125	2155	3233	3948	4557	4788	5395	5747	7061	7664	7952	8484	8565	8683	8797	9492	10409	10823	11482	11494	12187	12574	12688	12775	12829	12917	13385	13542	13649	14300
81	1.0	5	623	643	873	1413	1582	2551	2665	2795	3185	3194	3301	3448	3500	3575	3602	3830	3883	4235	4279	4357	4673	4806	4909	4918	4961	5393	5829	5859	6095	6138	6204	6226	6334	6590	6594	6736	6779	6938	7371	7581	7597	7889	7904	8673	8697	8961	9397	9503	9547	9648	9698	9708	9715	9739	9775	9807	9908	9999	10028	10143	10629	10698	11014	11024	11118	11180	11189	11296	11384	11411	11412	11433	11545	11581	11693	11814	11949	11989	12065	12161	12347	12482	13005	13164	13424	13457	13728	13847	14486	14587
82	1.0	115	172	382	498	598	648	742	990	1000	1305	1391	1888	2273	2365	2393	2636	2673	2756	2808	2988	3145	3258	3269	3275	3457	3551	3990	4190	4418	4660	4845	5065	5134	5625	5640	5709	5931	6096	6154	6160	6186	6188	6533	7223	7263	7360	7388	7782	7868	8090	8487	8887	9071	9228	9248	9293	9356	9367	9613	9973	10061	10146	10412	11046	11082	11108	11133	11154	11190	11327	11399	11605	11725	11757	11882	12106	12191	12225	12618	13093	13232	13340	13479	13487	13558	13565	13704	14068	14203	14207	14238	14421	14460	14675
83	1.0	1773	1993	7876	7963	8146	12115
84	1.0	918	1364	3431	3607	3615	3738	4724	5315	6014	8262	9881	9974	10427	12741
85	1.0	85	436	588	695	801	1460	1504	1970	2064	2466	2794	2862	2963	3567	3848	4241	4259	4447	4606	4981	5056	5082	5457	5620	6267	6485	6676	6917	7089	7097	7227	7779	8261	8522	8879	9169	9634	10913	10949	10997	11088	11435	11834	11927	12050	12184	12320	12504	13188	13393	13491	13529	13569	14350	14451	14508	14592
86	1.0	117	233	339	717	1042	1174	1636	2138	2213	2634	2644	2766	2790	2849	2887	2910	2979	3077	3123	3481	3623	3713	3778	3829	3937	4395	5293	5356	5390	5472	6044	6382	6475	6512	6536	7276	7477	7768	7943	7989	8281	8545	8998	9012	9190	9302	9332	9569	9597	9629	9741	9800	10029	10153	10270	10326	10488	10623	10891	11216	11375	11425	11456	11479	11750	12183	12269	12276	12833	13607	13761	13969	14132	14299	14564	14645
87	1.0	662	702	1549	1848	2088	2461	2511	2528	2711	3426	4121	4160	4240	4346	4906	4911	5028	5284	5689	6040	6098	6394	7508	7710	8043	8239	9019	9240	9870	10082	11353	12398	13949
88	1.0	31	276	305	577	719	979	1122	1262	1493	1714	1765	1772	1867	1878	1971	1978	2029	2175	2488	2499	2604	2763	2877	2950	2953	3594	4044	4156	4157	4233	4455	4464	4506	4902	4921	4942	4969	5289	5651	5915	6276	6281	6476	6508	6514	7407	7430	7655	7728	8475	8503	8524	8542	8769	8981	9164	9185	9324	9768	9963	10212	10794	10860	11130	11205	11268	11466	11584	11617	12408	12923	12965	13365	13371	13553	13732	13881	13958	14164	14496	14641
89	1.0	74	297	1253	1428	3963	4400	5021	7839	9136	11518	12423
90	1.0	186	210	1975	5827	6787	7483	7517	7809	8147	8782	9137	11860	14276
91	1.0	168	249	421	697	707	775	985	1043	1055	1437	1577	1628	2033	2043	2050	2082	2147	2218	2232	2372	2437	2610	2750	2845	2846	2975	3084	3467	3747	4236	4468	4720	4734	4738	5059	5283	5514	5822	6405	6420	6739	6792	6836	6964	7301	7414	7495	7570	7620	7637	7662	7909	7968	8071	8154	8390	8466	8716	8759	8850	8862	9036	9122	9184	9252	9486	9884	10617	11029	11033	11102	11461	11631	11752	11805	12025	12075	12154	12220	12527	12621	12752	12770	12771	12842	12893	12987	13054	13593	13633	13660	13719	13817	13870	14291	14327	14417	14640	14667
92	1.0	204	1275	2640	3443	5051	5618	5759	6462	6765	6821	7162	9658	9783	10197	10428	10710	12244	13440	14205	14558
93	1.0	54	208	260	267	408	445	569	571	963	1338	1522	1541	1555	1565	1609	1743	2108	2362	2415	2662	2697	2744	3173	3263	4038	4238	4309	4359	4394	4663	4733	4802	4822	5033	5222	5297	5927	5990	6170	6385	6464	6617	7031	7171	7272	7380	7877	8201	8226	8450	8778	8863	8891	8915	8917	8944	9100	9177	9383	9513	9589	9803	10110	10161	10596	10825	10835	10841	11194	11273	11358	11742	11839	11844	11876	12001	12047	12110	12252	12390	12585	12716	12914	13417	13426	13642	14237	14332	14338	14355	14516
94	1.0	268	740	761	1982	2296	2346	3474	4305	5055	7403	7454	8058	9462	9533	9776	11114	12497	14370
95	1.0	180	240	1260	2509	2884	3943	5427	7149	7704	9794	10218	11530	11889	12344	13604
96	1.0	522	1498	1638	1987	2374	3272	3418	3531	3881	4089	4245	4293	4390	4499	4719	4952	5982	7189	7747	7785	8982	9211	9238	9729	10149	10171	12290	12633	12988	13150	13245	13301	13869	13894	14234	14317	14375	14467	14638
97	1.0	2912	6233	8532	10133	11929	13986	13998	14388
98	1.0	450	466	631	2190	4407	5092	5392	6064	6488	6774	7056	8203	8856	8877	10073	10645	10851	10872	11729	12234	12657	13023	13834	14452
99	1.0	731	2621	5832	8235	11237
100	1.0	736	4833	6649	8568	13058	13590
101	1.0	185	358	649	931	1056	1494	2035	2740	2802	2971	3192	3321	3866	3887	4707	4854	5267	6219	6667	7309	7352	7700	8022	8042	8400	8589	8665	9061	9362	9412	9436	9756	9856	11129	11285	11735	11859	12195	12288	12948	12952	13094	13763
102	1.0	144	495	6606	7147	7351	8682	13619
103	1.0	242	475	1213	2254	2434	2976	4657	4884	6053	9677	10025	10041	13825
104	1.0	12	194	729	777	1286	1349	1775	1832	2169	2807	3109	3475	3661	3664	3983	4084	4194	4497	4563	4696	4736	4841	5070	5466	5522	5546	5576	5621	5908	5930	6144	6254	6456	6683	7220	7279	7529	7914	8005	8099	8102	8139	8273	8283	8521	8647	8703	9027	9557	9574	9583	9773	10237	10249	10306	11263	11516	11723	11974	12090	12155	12428	12919	12966	13230	13668	13717	13725	14289	14450	14511	14517	14603	14606
105	1.0	91	419	478	656	807	1149	1560	1656	1710	2092	2240	2873	3021	3237	3245	3299	3756	4494	4514	5040	5099	5285	5754	5772	5849	6486	6719	6957	7145	7436	7649	7833	7941	8238	8253	8433	8637	9005	9119	10069	10557	10725	11558	11857	11973	12401	12501	12590	13103	14143	14146	14406
106	1.0	972	1781	2230	2986	3003	3495	3520	3945	4062	4097	4144	4960	5068	5529	5950	6134	6471	7643	8038	8311	8456	8922	9052	9797	10127	11342	12164	12289	12489	12636	12719	13315	14344
107	1.0	947	2478	9084	9627	10775	11626
108	1.0	701	1119	1268	1496	2338	2440	3338	3667	4087	5137	5330	6031	6443	6998	7390	7769	8988	9166	9749	10036	10214	10263	10843	10943	11257	11892	12701	13753	14301
109	1.0	591	2255	2340	6168	6732	7737
110	1.0	1232	1336	1669	2378	2781	2974	4485	11444	11923	13410	13907
111	1.0	1227	1651	4480	8494	8518	10034	14429
112	1.0	20	377	528	532	594	1079	1323	1894	2032	2402	2590	4358	4590	4643	5454	5707	5724	5838	5844	5876	6454	6718	6755	7234	7856	8330	8485	8913	9477	9482	9845	9895	9914	10216	10298	10484	11888	12957	13506	13757	13879	14320
113	1.0	5715	6139	6193	6208	8822
114	1.0	244	1155	1621	2036	2252	2758	3160	3274	3941	3998	4656	4913	5167	7575	9772	10021	10346	10579	11291	12431	12455	12816	13935
115	1.0	1160	1285	1860	3217	3514	3980	5077	6159	8242	9826	10372	11378	12500	12736	13297	13638	13904
116	1.0	290	476	595	653	881	917	1247	1898	2096	2136	2233	2598	3027	3318	3392	3399	3429	3608	3726	4252	4370	4462	4596	4745	5213	5902	6220	6285	6661	6665	6749	6809	6837	6968	7008	7137	7190	7281	7448	7534	7569	7834	7885	8068	8211	8399	8426	8544	8558	9092	9203	9624	9665	9703	9770	9855	10387	10560	10760	10809	10824	10923	10931	10935	10938	10966	11023	11073	11149	11612	11799	12052	12413	12564	12720	12754	12866	12973	12977	13004	13474	13528	13534	13651	14123	14499	14653
117	1.0	592	4392	4751	5229	6225	7408	7582	8407	9247	10599	10989	12194	12246	12800
118	1.0	1347	1949	4958	6429	6525	7093	10765	11458	11531	12650	14408	14527	14565
119	1.0	164	211	511	530	1117	1234	1242	2117	2417	2544	2617	2666	2918	3137	3249	3283	3441	3486	3525	3627	3693	4570	4938	5347	5579	5705	5978	5996	6058	6216	6288	6294	6315	6601	6608	6642	6818	7375	7627	7752	7793	7859	7892	8236	8365	8512	8562	8767	8964	9174	10013	10038	10362	10598	10885	10924	11157	11284	11446	11582	11794	11914	12069	12507	12876	13067	13724	13910	13999	14114	14259	14260	14504
120	1.0	29	154	215	293	602	884	895	993	1195	1933	2145	2280	2306	2411	2433	2633	3091	3559	3704	3970	4216	4292	4333	5084	5095	5194	5627	5867	6523	6700	7120	7127	7235	7617	7741	7755	7854	8237	8878	8987	9314	10017	10087	10089	10118	10285	10350	10648	10667	11078	11282	11414	11641	11931	12145	12464	12537	12753	12985	13875	14115	14668
121	1.0	133	480	686	797	867	1216	1293	2257	2503	2552	2815	2829	3002	3479	3491	3776	4858	5875	6087	6380	6544	6831	7035	7311	7509	9478	9830	10006	10331	10653	10795	10879	10936	10990	11253	11822	12335	12508	12685	13370	13554	13913	13948
122	1.0	33	51	141	152	620	641	743	999	1320	1362	1859	2013	2038	2234	2261	2481	2700	3040	3147	3450	3588	3750	3763	3908	4043	4068	4123	4335	4361	4805	5180	5208	5345	5597	5743	5841	5963	6072	6110	6112	6387	6428	6581	6795	6937	7118	7219	7445	7786	7879	7969	8011	8561	8840	8845	9086	9087	9102	9323	9522	9592	9858	10255	10406	10522	10678	10836	10877	10986	11012	11432	11550	11611	11710	11770	11778	12068	12122	12151	12214	13266	13316	13746	14011	14166	14322	14445	14627	14629
123	1.0	328	369	640	712	892	1785	2394	2507	3015	3368	3619	4272	4411	4652	5010	5081	5880	6239	6309	6395	6436	6507	6602	7006	7095	7142	7657	7663	7806	8275	8328	8504	8656	8783	8789	8828	9966	9991	9994	10112	10594	11011	11676	11777	12124	12438	12481	12494	12732	12954	13022	13140	13142	13375	13504	13701	13921	13983	14126	14198	14285	14537	14584
124	1.0	118	170	254	257	346	760	1039	1297	2002	2014	2118	2135	2243	2410	2593	2637	2639	2852	2936	3184	3200	3327	3449	3538	3543	3872	4000	4135	4461	4747	5338	5441	5450	5723	5970	5981	6043	6074	6088	6101	6130	6455	6459	6481	6684	6921	7023	7128	7528	7560	7593	7764	8126	8160	8212	8336	8749	9256	9619	9666	9951	9985	10060	10125	10173	10344	10390	10728	11203	11555	11660	11930	12085	12102	12178	12255	12259	12403	12469	12474	12708	12849	12888	12911	13481	13518	13524	13644	13675	13692	13760	13790	14036	14623	14636
125	1.0	237	404	625	831	1102	1114	1121	1343	1518	1624	1717	1809	2325	2403	2943	3047	3176	3227	3315	3412	3562	3931	4423	4538	4649	4740	4859	4910	4914	5003	5440	5596	5703	6149	6249	6327	6430	6519	6753	6877	6884	7001	7450	7612	7908	7912	8019	8030	8100	8375	8520	8573	8698	8719	9279	9639	9746	9831	10341	10431	10491	11197	11909	12192	12237	12280	12624	12669	13198	13320	13348	13820	13960	14210	14462
126	1.0	239	351	471	687	698	782	891	896	902	1088	1145	1161	1393	1465	1538	1579	1655	1672	1685	1702	1814	1863	1895	1911	2053	2534	2788	2977	3346	3473	3503	3540	3986	4490	4608	4915	5224	5421	5455	5540	5569	5660	5692	5765	5770	5834	6537	6673	6723	6832	6848	6955	7216	7228	8301	8321	8376	8421	8514	8842	8846	8849	8898	9059	9142	9401	9408	9568	9774	9839	9955	10631	10870	11174	11337	11462	11525	11658	11707	11755	11765	11788	11902	12449	12938	12949	13214	13216	13489	13631	13677	13891	14060	14154	14264	14611
127	1.0	78	98	149	298	365	443	583	632	1004	1074	1329	1337	1406	1751	1769	1836	2073	2259	2615	2914	3037	3347	3445	3587	3643	3644	3658	3867	3951	4162	4163	4330	4611	4750	4819	4999	5232	5405	5602	5630	5661	5761	5788	5944	5957	6010	6062	6298	6398	6589	6650	6901	6933	7278	7538	7713	8032	8136	8189	8396	8495	9030	9163	9249	9369	9605	9817	10117	10137	10232	10455	10571	10677	11389	11422	11644	11975	12064	12119	12209	12310	12448	12479	12757	12883	13044	13129	13358	13483	13588	13731	13749	13899	13902	14147
128	1.0	72	119	338	468	564	713	823	841	980	1038	1060	1288	1370	1397	1452	1466	1600	2058	2349	2435	2869	3489	3490	3621	3646	3728	3820	4268	4555	4700	4701	5265	5336	5500	5699	5845	6024	6191	6292	6672	6999	7161	7170	7198	7467	7685	7988	8169	8277	8295	8723	8909	9250	9254	9388	10109	10767	10819	11110	11240	11717	12353	12368	12597	13221	13941	14072	14240
129	1.0	460	1405	2324	2738	3994	3995	4311	6516	6776	7274	7603	8422	8802	10049	10778	11551	11552	12369	13901	14017	14354
130	1.0	288	303	414	847	971	1024	1302	1833	2314	2968	3166	3388	3954	4082	4706	5140	5220	5266	6633	6798	7262	8717	9048	10229	10576	12197	12206	14071	14097
131	1.0	104	374	559	885	1284	1345	1380	1758	1951	2004	2189	2595	2616	2798	2823	3013	3162	3202	3255	3266	3545	3546	3653	3802	4377	5388	5475	6038	6303	6873	7584	7648	7698	7702	8216	8280	8412	8551	9002	9306	9393	10052	10507	10845	11057	11092	11319	11653	12020	12111	12223	12323	12358	12519	12587	12828	12922	13042	13360	14224	14287	14329	14453	14497
132	1.0	1700	3673	10391	10903	11610	13818	13828
133	1.0	1803	2368	3069	4385	5506	6565	6829	6846	8762	9130	9523	9732	9859	9900	9945	11331	11357	11732	11992	12745
134	1.0	127	2810	8442	12016	13938
135	1.0	853	875	1254	1665	1838	1984	2510	3234	3468	3722	3996	4091	4653	5585	5739	5899	6207	6297	6379	6624	6803	7766	8240	8535	8855	8907	9008	9265	9370	9494	10625	10709	11158	11266	11817	12095	12189	12596	12812	13496	13815	13947	14074	14311
136	1.0	226	1116	1144	2106	2462	3656	3870	4141	4836	5133	5326	5710	5946	5959	6260	7242	7745	8476	8952	9653	11391	11596	11743	12167	12569	12713	12783	13086	13587	13771	13968	14048
137	1.0	3694	4013	5502	6911	7771	9334	10506	14275
138	1.0	673	693	1475	1723	9531	10148	10337	10478	10679	13566
139	1.0	3251	4886	5274	6574	7072	7905	8818	10189	10745	11369	11571	12532	13876	14076	14137	14298
140	1.0	44	161	655	752	888	1020	1085	1091	1542	1583	1845	2010	2369	2496	2517	2550	2770	2890	3330	3381	3442	3530	4812	5080	5089	5163	5278	5496	5515	5813	5884	6005	6060	6131	6322	6402	6449	6511	6655	7144	7192	7794	7950	8167	8346	8693	8901	8963	9426	9572	9664	9842	9992	10139	10291	10302	10505	11025	11181	11271	11355	11374	11464	11915	11959	12012	12030	12058	12091	12242	12332	12472	12878	13015	13234	13246	13255	13572	13624	14099	14335	14411
141	1.0	203	434	578	750	788	798	929	1009	1013	1439	1489	1593	1735	1748	2204	2219	2358	2680	2777	2841	2966	3163	3180	3411	3446	3462	3552	3700	3834	3974	3978	4328	4580	4607	5019	5093	5111	5205	5246	5370	5424	5562	5721	5742	5929	6029	6187	6221	6381	6487	6610	6623	6651	6768	6881	6894	6914	6956	7029	7275	7683	7804	8142	8325	8959	9069	9276	9336	9429	9590	10098	10234	10348	10349	10951	11188	11198	11312	11515	11587	11705	11994	12056	12486	12556	12705	12712	13194	13220	13448	13640	13655	13671	13721	13971	14080	14113	14673
142	1.0	5816	8925	9552	13192
143	1.0	128	138	238	552	832	846	900	987	1050	1082	1159	1258	1746	1837	2102	2149	2302	2364	2425	2465	2514	2629	2672	2675	2904	3384	3390	3585	3814	3916	4047	4299	4465	4834	4947	4956	4984	4997	5029	5078	5403	5469	5780	5855	5864	5984	6362	6374	6545	6556	6622	6727	6777	6989	7185	7959	7980	7998	8001	8227	8434	8612	8622	9352	9718	9792	9977	10167	10321	10374	10459	10702	10708	10715	10922	11051	11054	11367	11486	11878	11935	12026	12208	12318	12340	12538	12603	12637	12653	13676	14026	14027	14394	14413	14420	14437	14500
144	1.0	0	217	234	284	390	1011	1098	1959	2089	2183	2516	2575	2631	2813	3072	3128	3267	3322	3356	3359	3701	4189	4208	4671	4765	5328	5399	5681	5785	6083	6314	6347	6591	6592	7419	7457	7881	7900	7956	8314	8348	8559	8650	8666	8927	8954	9167	9226	9245	9514	9526	9782	10101	10539	10545	10689	10729	10854	10908	10959	11185	11715	11785	11797	11815	11937	11946	12046	12432	12514	12735	12940	13139	13141	13343	13826	13982	14002	14116	14648
145	1.0	140	166	251	313	541	855	961	1920	2330	2458	2820	2945	3393	3571	4290	4316	4684	4693	4730	5162	5305	5364	5448	5883	6034	6320	6705	6812	6959	7005	7525	7606	7853	7873	7971	7972	8006	8195	8285	8531	8753	8914	9281	9470	9471	10273	10408	11043	11256	11376	11467	11601	11642	12042	12338	12570	12932	12941	13091	13268	13433	13467	13473	13551	13744	13866	14001	14248
146	1.0	871	4919
147	1.0	526	674	757	996	1068	1573	1607	1639	1843	1864	1913	2041	2160	2320	2628	2725	2743	2843	3247	3370	3599	3735	3836	4122	4225	4232	4813	5226	5550	5557	5795	5881	6308	6670	7447	8070	8084	8125	8137	8210	8356	8437	8641	8799	9072	9133	9532	9720	9888	10004	10102	10303	10454	10666	10952	11086	11280	11349	11816	11941	12022	12139	12516	12606	13047	13143	13210	13461	13823	13845	13867	14128	14130	14318	14434	14509	14658
148	1.0	11	212	301	627	751	769	986	1105	1215	1548	1640	2047	2472	2928	2955	3085	4124	4850	4898	4979	5060	5590	5686	5714	5758	5821	6880	7199	7803	7811	9070	9255	9600	9938	10325	10517	11003	11165	11549	12692	13085	13145	13215	13563	13966
149	1.0	6588	11546
150	1.0	283	772	906	1204	1357	1431	1514	1980	2304	2307	2450	2587	2694	2801	3054	3096	3394	3651	3801	3878	4251	4559	4687	4771	4800	4873	5223	5254	5432	5633	5720	5775	5874	5932	6047	6490	6706	6738	6845	6904	7179	7297	7348	7623	7732	7784	8193	8219	8414	8577	8876	9088	9101	9441	9758	9769	10062	10336	10651	10717	10817	10893	10977	11018	11226	11521	11685	11827	12149	12222	12250	12490	12495	12509	12614	12955	13050	13159	13250	13559	13694	13925	14015	14171	14427	14597	14647
151	1.0	139	411	459	549	696	886	1138	1178	1210	1255	1446	1855	1962	2525	2579	3383	3430	3720	3949	4134	4483	4694	4757	4761	5155	5456	5694	6737	6793	6910	6976	7016	7110	7396	7520	7562	7579	7624	8098	8163	8345	8638	9217	9833	9879	10271	10975	11001	11162	11417	12152	12355	12382	12499	12791	12963	13071	13097	13223	13299	13720	14109	14216	14348
152	1.0	123	465	491	517	599	628	737	783	913	973	1133	1328	1352	1453	1594	1697	1827	2220	2573	2656	3320	3391	3522	3705	3826	4145	4378	4443	4718	5023	5172	5186	5221	5377	5468	5650	5655	5702	5767	6033	6155	6263	6399	6468	6856	7225	7254	7349	7518	7531	7591	7654	7689	7762	7790	8130	8132	8415	8427	8530	9015	9029	9039	9121	9135	9847	9993	10076	10113	10184	10235	10284	10429	10544	10615	10787	10867	11686	11703	12008	12024	12071	12439	12512	12533	12542	12625	12641	12867	12964	13087	13228	13581	13669	13791	14232	14402	14566
153	1.0	538	824	854	945	1163	1310	1404	1415	1592	1613	1679	1847	2076	2424	2457	2609	2619	2670	2720	2789	3018	3148	3563	3758	3879	4015	4040	4291	4458	4581	4592	4753	4844	5242	5387	5738	5895	6118	6337	6376	6435	6603	7034	7138	7191	7305	7507	8066	8104	8230	8368	8491	9179	9372	9582	9679	9789	10057	10141	10206	10324	10661	11381	11436	11474	11636	12017	12067	12087	12295	12316	12550	12582	12660	12697	12818	13249	13253	14062	14307	14404	14656
154	1.0	66	256	345	395	403	513	612	1296	1327	1353	1615	1652	1900	2140	2677	2870	2919	2981	3068	3618	3632	3795	3863	3950	4210	4517	5112	5124	5605	5609	5751	6255	6339	6426	6679	6699	7025	7334	7336	7402	7730	7961	8223	8347	8581	9046	9182	9216	9286	9459	9461	9536	9555	9628	9930	10046	10075	10092	10169	10241	10451	10774	10799	10973	11053	11250	11275	12059	12665	12769	12815	13290	13512	13726	13781	13809	13822	13827	14134	14613
155	1.0	158	1064	1782	2221	2313	2508	2583	2828	2989	2993	3270	3364	3365	3379	3510	3591	3975	4132	4417	4551	4638	4784	4920	4990	5057	5104	5156	5256	5536	5564	5619	5872	6489	6871	7288	7357	7418	7574	7767	8015	8213	8663	8705	8834	8969	9315	9364	9374	9457	9588	9736	9805	9878	10121	10286	10355	10468	10609	10694	10757	10831	10852	10911	11125	11245	11911	11947	12285	12471	12648	12693	12872	13040	13170	13318	13437	13712	13860	13874
156	1.0	3	64	225	227	294	545	976	1026	1037	1075	1092	1228	1252	1484	1664	1695	1754	1937	2428	2446	2482	2537	2549	2682	2818	3167	3195	3250	3372	3524	3597	3647	3923	4058	4986	5049	5149	5150	5202	5462	5547	5567	5696	5717	5773	6232	6252	6262	6587	6628	6839	6847	6922	7018	7369	7934	8405	8679	8794	8860	8985	9316	9416	9553	9841	10023	10175	10219	10323	10383	10487	10492	10538	10673	10790	11269	11407	11453	11673	11687	11745	11920	12903	13036	13125	13137	13212	13236	13423	13612	13748	14016	14100	14110	14312	14340	14443	14473
157	1.0	12291
158	1.0	318	454	1277	1552	1973	2370	2439	2787	2833	2909	3242	3554	3676	3739	3765	4249	4546	4688	4770	5444	5530	5955	6142	6206	6375	6815	6885	8063	8601	8690	8730	8739	9484	9537	10511	10842	10890	11090	11600	12079	12302	12491	12776	12983	13405	13488	13571	13591	13752	14196	14386	14659
159	1.0	231	12738
160	1.0	1341	1623	2115	2473	3560	3637	4587	6046	6049	6201	7055	7486	7688	9396	9489	9759	9946	10090	10847	11396	13447
161	1.0	506	618	671	883	935	1030	1140	1290	1454	1713	1851	2248	2268	2533	2707	2774	2839	2851	2857	3106	3317	3703	3831	4228	4297	4675	5231	5461	5755	5763	5986	6125	6472	7181	7259	7451	7587	7675	7866	8294	8334	8576	8610	8774	8888	9066	9139	9280	9636	9891	10373	10382	10389	10720	10972	11010	11276	11615	11662	11669	12136	12534	12920	12999	13201	13355	13458	13490	13550	13659	13882	14041	14255	14282	14412
162	1.0	125	155	312	606	879	1154	1179	1316	1369	1377	1418	1721	1877	2669	2954	2984	3012	3020	3178	3425	3455	3573	3816	3828	4071	4258	4320	4579	4717	4880	5262	5300	5487	5878	5942	5945	6412	7010	7132	7218	7426	7753	7883	8222	8361	8367	8451	8470	8590	8812	9138	9200	9705	9867	10065	10078	10467	10473	10783	10833	10940	11058	11103	11128	11346	11460	11480	11613	11716	11768	12138	12257	12274	12380	12410	12511	12581	12591	12823	12901	13046	13409	13439	13470	13560	13570	13729	13758	13802	13811	13835	13914	14175	14182	14277	14364	14440	14544
163	1.0	277	781	933	1326	1361	1409	1490	1737	2080	2413	2416	2420	2913	3150	3177	3222	3333	3423	3598	3903	4493	4534	4665	5152	5298	5594	6463	6596	6615	6701	7026	7250	7270	7552	7679	7841	7910	7949	8150	8158	8548	8831	9241	9298	9548	9651	9660	9682	9873	10176	10309	10803	10907	11260	11487	11508	11836	11852	12271	12343	12395	12396	12487	12760	13190	13208	13307	13567	13920	13937	14020	14086	14405	14512	14657	14662
164	1.0	177	1183	1642	2104	2561	2737	3131	3136	3375	3611	3687	3803	4262	4900	4982	5181	5302	5789	6503	7071	7087	7130	7282	7300	7332	7595	7846	7867	7880	8724	8933	9140	9297	9353	10829	11278	11308	11576	11663	11678	11854	12235	12836	13096	13227	13244	13844	14156	14353	14574
165	1.0	4	53	111	1965	2961	4030	5047	5251	5447	5460	5517	5535	5886	6438	6561	6658	6991	7260	7469	8035	8780	9366	9563	10400	11117	11218	11356	11567	11625	12007	12054	12421	12935	12958	14025
166	1.0	14	167	326	429	755	1063	1199	1419	1568	1596	1755	1826	1942	2181	2546	2585	2822	3191	3649	4002	4165	4817	4892	5384	5476	5725	6140	6158	6229	6527	6988	7143	7283	7330	7494	7979	8095	8124	8168	8340	8410	8468	8629	8838	9007	9115	9308	9442	9452	9596	10150	10183	10964	11126	11221	11321	11509	11899	12003	12015	12032	12066	12203	12330	12513	12874	12904	13078	13632	14219	14268	14297	14471	14577
167	1.0	1441	8317	14058
168	1.0	65	89	418	452	464	512	547	825	952	1128	1348	1909	2046	2114	2202	2290	2495	2769	2799	2854	3243	3324	3535	3723	3757	3874	3947	4026	4059	4116	4362	4431	4723	4773	4885	4935	5066	5337	5459	5492	5757	5906	6246	6406	6923	6993	7066	7075	7983	7986	8093	8105	8302	8339	8534	8702	8727	8728	8871	8934	8971	8991	9028	9159	9262	9340	9667	9796	10379	10405	10413	10810	10969	11134	11209	11249	11392	11566	11595	11796	11855	11910	11985	12061	12454	12553	12573	12601	12627	12635	12798	12897	13213	13842	14088	14151	14296	14302	14441
169	1.0	2445	2456	3894	4199	4743	6211	6619	8092
170	1.0	6865	11299
171	1.0	179	192	586	657	974	1412	1637	1692	1757	1857	1946	1952	2067	2648	2660	2778	2827	2983	3196	3414	3645	3712	3762	3798	4288	4782	4890	5252	5790	5803	6039	6287	6491	6515	6522	6616	6722	6754	6852	6985	7284	7480	7646	7756	7865	7975	8664	8848	8864	9413	9791	9852	10172	10293	10536	10676	10691	10703	10875	11295	11803	11809	11840	11869	11972	12074	12409	12503	12557	12664	12790	12945	12950	13282	14034	14098	14392	14431
172	1.0	6	61	71	73	380	543	1021	1035	1312	1392	1410	1563	1828	2062	2167	2531	2842	2960	3277	3341	3427	3537	3957	4020	4257	4520	4558	4610	4686	4742	4843	4933	4950	5011	5030	5250	5972	6243	6501	6540	6720	6889	6954	7004	7090	7930	8263	8289	8343	8453	8455	8956	9038	9329	9450	9458	9668	9862	10085	10353	10479	10535	10608	10764	11031	11398	11621	11738	11928	12278	12525	12659	13061	13181	13730	14173	14615
173	1.0	131	514	907	1184	1240	1747	2142	2863	2962	3122	3154	3305	3768	3780	4109	4682	4917	4946	5394	5648	5893	6217	6218	6277	6284	6482	6715	6743	7091	7207	7392	7425	7686	7797	7862	8048	8391	8413	8430	8505	8689	8815	8847	9260	9395	9423	9524	9814	9829	10095	10106	10524	10622	10637	10739	10793	10876	10965	10988	11039	11341	11424	11472	11737	12048	12165	12530	12772	12859	13446	13532	13892	14310	14393	14541
174	1.0	316	398	1599	1753	1891	1986	2201	2216	2276	2390	2493	2540	2932	3051	3116	3244	3329	3369	3419	3625	4368	4446	4622	4785	5061	5574	5727	6028	6099	6274	6526	6861	7479	8010	8225	8472	8513	8972	9063	9363	9761	9821	9957	10132	10187	10361	10523	10587	10655	10733	11281	12263	13026	13271	13852	13956	14170
175	1.0	826	2941	9780
176	1.0	1332	6408	8202
177	1.0	10	359	1218	1271	1482	1526	1734	2299	2872	3095	3212	3246	3323	3616	4618	4713	5161	5314	5907	6002	6404	6677	7037	7678	7727	7953	7965	8187	8555	8784	8945	9085	9196	9389	9418	9649	9960	10164	10410	11105	11880	11887	11936	11955	12480	12498	12599	13010	13312	13403	13485	13509	13930	14360
178	1.0	95	106	304	422	493	611	716	834	1205	1208	1246	1459	1507	1536	1795	1991	2300	2676	3028	3070	3127	3205	3253	3260	3505	3938	4061	4080	4254	4285	4336	4877	4889	4967	5096	5122	5235	5968	6093	6176	6393	6452	6473	6559	6854	6979	7063	7236	7255	7536	7985	8140	8174	8266	8499	8570	8825	8979	9214	9406	10265	10503	10553	10944	11127	11229	11306	11680	12096	12150	12175	12179	12233	12360	12372	12725	12868	13122	13184	13298	13369	13415	13499	13525	13896	14117	14176	14190	14397	14479
179	1.0	90	146	248	806	1287	1576	2154	2231	2404	2927	2942	3171	3968	4414	4533	4876	5211	5577	6016	6690	6794	6833	7159	7705	8074	8303	8592	8609	8668	9104	9175	9258	9263	9380	9742	9819	10272	10433	10859	11207	11289	11332	11789	11932	12821	12835	13018	13019	13308	13765	13903	13911	14159
180	1.0	184	764	1089	1111	1132	1686	1750	1839	1850	1963	2157	2211	2329	2474	2501	2643	2969	3035	3434	3869	3871	3896	4980	5615	5616	5750	5868	5949	6137	6235	6361	6767	6835	8081	8751	8841	8943	9113	9386	9641	9875	10418	10520	10839	11702	11828	12199	12283	12750	12993	14106
181	1.0	1919	5840	13070
182	1.0	80	197	309	392	401	776	890	923	1053	1076	1458	1530	1643	2070	2130	2476	2603	3104	3130	3407	3734	3794	3959	3961	3985	3993	4003	4067	4276	4448	5209	5286	5372	5645	5693	6198	6414	6416	6966	7163	7176	7187	7285	7293	7337	7460	7550	7819	8017	8282	8428	8463	8483	9082	9160	9193	9318	9425	9438	9440	9534	9838	9853	10008	10209	10397	10584	11366	11469	11476	11556	11666	11670	11831	12148	12696	12864	13420	14395	14428
183	1.0	247	745	1401	2885	3224	3480	3685	3770	3811	3991	4256	4479	4977	5184	5319	5354	5520	5563	7124	7240	7647	7787	7822	7899	8217	8761	8976	9097	9198	9251	9654	9681	10243	10248	10569	10704	10750	10784	10846	10871	11192	11264	11437	11619	11894	12034	12695	13519	13552	13711	13772	13957	14105	14209	14419	14548
184	1.0	222	579	658	843	1267	1618	1985	2000	2210	2382	2572	2840	3101	3156	3532	3566	3605	3853	4016	4025	4117	4197	4617	4645	4674	4768	4939	4972	5083	5121	5939	6469	6783	7024	7194	7230	7540	7616	7795	8133	8241	8351	8394	8572	8779	9107	9123	9896	10299	10605	11454	11488	11812	12099	12180	12742	12756	12845	13237	13292	13335	13538	13626	13859	14576
185	1.0	76	314	416	804	903	977	1006	1032	1499	1561	1905	2163	2205	2577	2856	3374	3382	3677	3840	4138	4380	4523	4541	4630	4793	4816	5135	5559	5752	5825	5894	6162	6185	6517	7427	7722	7772	8199	8288	8306	8312	8324	8380	8398	8519	8543	8764	8833	8836	8861	9272	9439	9747	9824	10096	10260	10482	10684	11030	11084	11186	11352	11762	12202	12391	12412	12436	12649	12654	12785	12989	13002	13185	13226	13349	13734	13843	14569	14643	14644
186	1.0	394	2978	3779	4048	5143	7028	7166	7273	9752	12104	12531	13794
187	1.0	229	1034	3849	5348	9043	10211	14377
188	1.0	96	370	431	449	724	942	991	1080	1440	1566	1749	1768	1925	2164	2182	2285	2717	2933	3075	3117	3146	3197	3406	3485	3550	3580	3717	3915	3989	4005	4564	4823	4878	4883	5206	5439	5806	6082	6310	6484	6697	6799	6974	7092	7094	7134	7990	8051	8536	8580	8620	9587	10178	10192	10426	10458	10474	10902	11095	11265	11326	11418	11865	11903	12176	12198	12293	12631	12810	13296	13367	13374	13683	13693	13766	13793	13922	14042	14372
189	1.0	162	981	1314	1346	1585	1631	2671	2742	3026	3159	3235	3294	3396	4304	4439	4466	4509	4748	4827	5165	5663	6492	6828	6882	7032	7977	8000	8756	9269	9501	9593	9760	10198	10283	10635	11140	11614	12711	12802	13165	13325	13421	13594
190	1.0	409	424	877	1002	1016	1200	1265	1464	1487	1677	1791	2027	2133	2139	2288	2295	2396	2821	3509	3825	3904	4131	4277	4281	4409	4955	5126	5548	5595	5954	6215	6366	6990	7062	7126	7709	8247	8970	9021	9320	9448	9468	9750	9944	10475	10588	10659	10668	10792	10848	10886	10897	10974	11139	11150	11274	11318	11590	12986	13119	13218	13229	14053	14436
191	1.0	62	220	296	367	446	700	1118	1335	1551	1567	1741	1929	2195	2635	2678	2730	2776	3153	3304	4092	4318	5639	5665	6245	6348	6425	6695	6994	7482	7589	7798	8027	8176	8327	8369	8549	8634	8681	8975	9309	9481	9877	10019	10316	10446	10530	10692	10789	11147	11310	11539	11559	11564	12049	12098	13304	13535	14383
192	1.0	286	554	982	1061	1248	1269	1398	1471	2282	2444	2542	2848	2860	2982	2998	3169	3424	4195	4398	4405	4689	4703	4792	4795	4866	5116	5212	5236	5340	5478	6202	6344	6528	7046	7077	7080	7155	7644	7761	8155	8452	8680	8882	8926	9704	10071	10224	10282	10435	10563	11132	11167	11325	11533	11609	11622	11699	11754	11997	13176	13219	13895	14191
193	1.0	105	319	366	560	703	721	730	1394	1786	1896	2019	2308	2504	2806	2844	3630	3715	3754	3837	3921	4847	5129	5200	6271	6400	6582	6669	6773	6986	7510	7580	7652	7954	8089	8232	8290	9530	9638	9922	10266	10650	10914	11109	11252	11629	11939	12272	12452	12505	12652	13199	13605	13756	13868	14007	14082	14489
194	1.0	2513	6212
195	1.0	34	224	1519	1674	1846	2196	2492	2908	2985	3451	3804	3946	4227	4367	4379	4503	4864	5913	5953	5987	6091	6371	6504	6535	7043	7160	7217	7439	7718	8145	8662	8685	8993	9300	9996	10543	11640	11905	12880	13008	13460	13462	13773	14167	14288
196	1.0	38	183	274	337	726	766	897	939	1070	1550	1762	1790	2816	2896	3029	3331	3789	3842	4139	4192	4363	4478	4705	5035	5154	5179	5416	5434	5745	5870	6041	6061	6148	6639	6939	6960	7202	7295	7358	7485	7870	7946	8349	8385	8386	8440	8486	8742	8912	9299	9454	9576	9730	9737	9738	9745	9787	9822	10053	10338	10445	10601	10616	10683	10983	11038	11183	11771	11970	12311	12427	12566	12706	12909	12928	13391	13402	13533	13537	13573	13574	13601	14281	14380	14528	14642
197	1.0	349	444	461	822	1291	1306	1378	1725	2207	2524	2650	2886	2935	3229	3556	4085	4516	4633	4667	4808	4901	4985	5353	5593	6548	6895	7069	7136	7258	7394	7415	7571	7668	7676	8033	8047	8059	8220	8255	8919	9424	9983	10181	10215	10378	10558	12019	12128	12248	12786	13134	13257	13337	13514	13722	13878	13889	14009	14057	14246	14461	14556
198	1.0	24	324	344	645	754	820	858	934	1217	1245	1333	1396	1478	1584	1673	1688	1705	1796	1906	2432	2442	2562	2865	3074	3102	3349	3850	3868	3964	4147	4471	4472	4484	4518	4881	4945	5001	5139	5233	5272	5646	5653	6011	6084	6103	6724	7178	7271	7422	7599	7896	7898	7994	8087	8358	8489	9128	9420	9463	9500	9615	9632	9642	9943	9986	10177	10276	10430	10502	10705	10747	10820	10895	10967	11083	11979	12181	12267	12419	12492	12853	12884	13053	13200	13284	13549	13953	14046	14239	14257	14265	14271	14295	14325	14361	14407
199	1.0	130	273	1620	2315	2868	3709	3788	3833	3839	4589	4755	5312	5544	5732	6538	6583	6704	6750	7182	7420	7512	7557	7825	7948	8018	8172	8496	9735	10365	10604	11104	11234	11490	11570	11586	12078	12707	12862	13797	14189	14212	14230
200	1.0	258	581	615	652	708	748	927	941	1067	1235	1374	1388	1646	1701	1892	1945	2265	2591	2882	3099	3361	3408	3496	3519	3613	3856	4032	4179	4310	4436	4664	4912	4954	4970	5148	5225	5306	5401	5489	5556	5704	5866	5905	6026	6345	6460	6465	6637	6729	7774	7966	8041	8054	8271	8338	8443	8809	8865	8896	8999	9158	9284	9467	9483	9711	9868	10120	10233	10297	10464	10575	10638	11100	11303	11317	11950	12055	12405	12980	13378	13796	14070	14169	14484	14524	14533
201	1.0	6541	6682
202	1.0	684	926	1171	1516	1671	2153	2191	2555	2731	2831	4454	4614	5268	5357	5985	6241	6388	6403	6564	6807	6942	7113	8383	9220	9242	9558	9828	10097	10351	10540	10586	10928	11336	11616	11712	12063	13113	13399	13502	13615	14188	14274	14639
203	1.0	6052	9570
204	1.0	126	280	519	995	1190	1488	2173	2283	2426	2642	2997	3045	3351	4224	4353	4460	4539	4769	4787	4983	5097	5132	5182	5379	6423	6709	6817	6980	7021	7068	7386	7504	8188	8357	8571	8712	8962	8980	9108	9384	9490	9515	9647	10287	10308	10439	10849	10873	10948	10955	11297	11643	11688	11895	12172	12704	12824	13197	13203	13536	14567
205	1.0	1	722	818	851	1170	1531	1650	1722	1879	2208	2779	3387	3678	4212	4326	4340	4591	5052	5363	5426	5613	5636	6331	7007	7696	7754	7816	7931	8134	8892	9277	10278	10647	10723	10751	10806	11980	11996	12060	12400	13501	14174	14655	14663
206	1.0	8	1448	6946	14326
207	1.0	333	962	1654	1856	2939	3340	3680	4017	4526	4781	6213	6350	6630	6886	7105	7895	8260	9445	9611	10690	11176	12073	12103	12588	12968	13697	14401
208	1.0	219	477	533	746	784	859	878	893	1048	1093	1387	1506	1540	1595	2264	2294	2443	2847	3631	3671	3683	3737	4045	4046	4255	4389	4502	5192	5288	5453	6094	6178	6259	6317	6365	6898	7153	7195	7319	7524	7608	7665	7703	7837	8076	8113	8459	8467	8820	8866	9114	9161	9180	9333	9521	9584	9909	9954	9987	10314	10613	10735	10797	10942	10961	10978	11093	11372	11463	11495	11747	11802	12190	12304	12317	12407	12414	12891	12976	13083	13193	13281	13556	13614	13856	13973	14028	14172	14466	14469	14552
209	1.0	169	9331
210	1.0	5072	9023	10899
211	1.0	3654	12437	12673
212	1.0	4451	6384	6742
213	1.0	27	147	347	660	678	800	924	968	1005	1191	1220	1223	1509	1524	1617	1633	1793	1873	1964	2166	2380	2468	2500	2761	2826	3057	3158	3285	3288	3404	3695	3893	3997	4004	4211	4286	4556	4576	4583	4615	5216	5411	5753	5760	6182	6391	6627	6663	6838	6896	6920	7041	7326	7431	7973	8077	8498	8800	9162	9402	9403	9595	9810	9863	10251	10472	10696	10701	10707	10802	11066	11368	11402	11650	11652	11668	11713	12134	12565	12667	12682	13175	13209	13352	13564	13689	13812	14037	14163	14330	14410	14519	14579	14631
214	1.0	350	470	861	876	1801	1824	2095	2266	2341	3041	3665	3764	4794	5238	5762	6644	6680	8116	8205	8687	9081	9132	10093	10220	10225	10896	11561	12444	13665	13955
215	1.0	576	718	827	1008	1046	1058	1545	1704	1844	1968	2011	2170	2523	2580	2876	3007	3504	3749	4093	4125	4662	5513	5786	5817	5992	6457	6605	6678	7050	7322	7545	7601	7738	7817	8448	8492	8538	8677	8678	8743	8885	9292	9373	9885	10031	10043	10188	10259	10630	10744	10850	10863	10995	11544	11588	12126	12366	12370	12951	13136	13579	13584	13926	13950	14333	14365
216	1.0	187	196	289	821	950	1028	1033	1289	2069	2188	2332	2809	3284	3761	4095	4150	4263	4265	4695	5583	5695	7490	7631	7796	8406	9058	9218	9229	9604	10160	10238	10494	10711	11314	11774	12628	13012	13328	13363	13406	13887	14067	14316
217	1.0	609	734	787	910	1270	1351	1678	1788	2225	2893	3465	3617	3852	3944	4153	4364	4799	5643	6230	6275	6626	7714	8112	8445	8598	8625	8813	9622	9825	10281	10380	11020	11255	11965	11976	12028	12229	12586	12854	12886	12937	13991	14096	14337	14396	14447	14660
218	1.0	116	385	889	1157	1207	1322	1359	1395	1611	1770	1802	2124	3043	3170	3533	3706	4101	4239	4406	4554	4752	4776	4922	5079	5142	5257	5296	5688	5787	5853	7036	7316	7398	7475	8805	8965	9358	9614	10182	10371	10730	11557	12251	12615	12666	12843	13252	13754	13792	13814	14073	14178	14423	14563	14614
219	1.0	7888	11287	11547
220	1.0	16	124	596	835	850	984	1165	1840	2251	2786	2980	3254	3458	3906	3920	4527	4593	4644	4869	5109	5320	5533	5652	6081	6117	6282	6415	6636	6647	6962	6971	8296	8588	8880	8995	9055	9338	9368	9381	9394	9502	9591	11431	11995	12221	12506	12727	12837	13017	13513	13932	13974	14514	14637
221	1.0	376	688	1222	1513	2055	2427	2484	3225	3345	3400	3742	5603	5843	5904	7645	7758	7897	8550	9068	9560	10009	10343	10724	11787	11832	12345	12782	13095	13263
222	1.0	58	463	539	725	845	1051	1626	1730	1787	1831	2007	2025	2209	2479	2940	3071	3815	3876	3966	3971	4090	4322	4349	4474	4597	4627	4635	4830	4973	4989	5123	5145	5333	5382	5611	5649	5719	5736	5852	5897	5928	6071	6089	6102	6264	6273	6547	6635	6763	6859	6952	7064	7379	7488	7630	7992	8671	8692	8736	8857	9287	9607	9623	9913	9950	9978	10055	10166	10195	10471	10476	10619	11170	11298	11720	11801	11990	12213	12441	12721	12793	12982	13076	13157	13441	13686	13708	13927	14006	14140	14158	14416
223	1.0	79	1062	1107	1386	2418	2419	3139	3174	3264	3772	4678	5117	5614	5856	7368	7456	7590	7594	8977	9542	9699	9748	10228	10363	10771	11529	11952	12163	12313	12994	13286	14378
224	1.0	455	2344
225	1.0	10144	10289
226	1.0	809	4054	8605	12915
227	1.0	4588	5608	6445
228	1.0	113	291	849	1156	1272	2105	2253	2775	2814	2930	3081	3357	3771	4050	4321	4780	4828	4897	5572	6090	6461	6654	7079	7500	7670	8079	8488	8923	9095	9219	9449	9976	10782	11223	11405	12143	12277	12325	12327	13187	13300	13520	13687	13848	14270	14482
229	1.0	102	432	605	786	943	978	1470	1587	1897	2143	2184	2326	2342	2903	2931	2959	3516	3845	4185	4282	4456	4515	4669	4855	5054	5074	5271	5294	5349	5527	5632	5722	6037	6203	6532	7287	8055	8931	9099	9261	9508	10026	10042	10194	10415	11040	12215	12420	12459	13294	13314	13319	13527	13541	13928	13936	14185	14309	14464
230	1.0	2691
231	1.0	86	381	488	816	1069	1503	1586	1926	2056	2101	2206	2454	3010	3437	4075	4078	4100	4137	4206	4213	4372	4416	4459	4486	4651	5287	5358	5375	5734	5766	5952	6272	6417	6607	6620	6712	6762	7042	7106	7133	7196	7232	7324	7335	7544	7828	7951	8060	8353	8461	8795	8958	9034	9197	9387	9586	9661	9928	10147	10534	11063	11292	11316	11408	11451	11711	11731	12484	12610	13080	13429	13465	13547	13678	13698	13715	13990	14261	14343	14444	14494
232	1.0	19	213	336	430	489	685	911	1556	1622	1733	1954	2177	2875	3228	3626	3865	3901	4323	4426	4521	4746	5376	5519	5644	5781	6451	6668	6900	7201	7350	7693	7938	8025	8967	9326	9357	9854	10734	10776	11075	12576	12762	12896	12969	13351	13539	13613	13670	13799	14000	14093	14253
233	1.0	417	1001	1127	1468	1778	1972	2792	3286	3344	3624	3783	3790	4098	4196	4654	4722	4894	5101	5553	5706	6166	7049	7303	7466	7492	7554	7694	8293	8630	8771	8867	9118	9188	9232	9689	9755	10221	10641	11413	11767	12337	12731	12978	13020	13063	13114	13128	13810	14593	14624
234	1.0	83	270	433	593	802	1417	1533	2128	2323	2376	2565	2567	2589	2881	2891	2944	3239	3311	3432	3718	3773	3981	4229	4422	4433	4708	4928	5215	5404	5538	5545	5571	6174	6494	6552	6716	6826	6965	7084	7222	7373	7437	7765	7830	7890	8159	8250	8264	8631	8708	9009	9074	9351	9721	9889	9968	10086	10290	10618	10946	10947	10963	10987	11340	11394	11535	11651	11842	11884	12021	12589	12683	12710	12834	12931	13112	13341	13346	13703	13873	14160	14200	14438	14522
235	1.0	633	9453	12780
236	1.0	199	342	406	469	887	1044	1194	1523	1691	1818	2144	2215	2347	2512	2718	2759	2999	3363	4036	4193	4584	4598	4647	4726	4838	4868	4957	5025	5275	5507	5629	5837	5898	6156	6359	6844	6869	6903	7405	7539	7546	7831	7925	8249	8827	8939	9151	9713	10010	10050	10370	10489	10761	10791	10805	11300	11507	11706	12446	12995	13014	13118	13247	13283	13531	13635	13872	14272
237	1.0	255	364	448	572	666	709	1451	1532	1728	2020	2066	2137	2303	2453	2470	2661	2696	3031	3278	3558	3633	3639	3733	3925	3940	4244	4399	4425	4535	4711	4797	5087	5446	5749	5810	5888	6151	7002	8209	8854	8996	9020	9192	9921	10342	10425	10646	10695	10941	11004	12009	12027	12146	12483	12817	12974	13242	13326	13382	13398	13516	13707	13779	14133	14204
238	1.0	909	1193	1425	2244	2683	2732	2785	3303	3899	4242	4287	4815	4852	4895	5041	5046	5554	5911	5999	6401	6518	6868	7169	8326	8750	8817	8920	8938	9431	9683	9836	9851	9926	9961	10499	10546	10779	11107	11383	11492	11672	11820	12105	12524	12730	12865	13032	13258	13994	14305	14534	14535
239	1.0	101	112	536	546	857	1706	2498	2894	2996	3439	4027	4103	4128	4415	4420	4574	4764	4857	5073	5263	5318	5422	5511	5676	5748	6017	6356	6593	7381	7708	7820	7921	7947	8632	8651	8832	9455	9506	9762	10000	10958	11026	11171	11288	11339	11343	12294	13108	13751	13769	13849	14415	14472	14529	14538
240	1.0	1031	1474	1544	1641	1882	2081	2148	2406	2463	2651	2753	2900	3484	3932	4351	4544	4672	4691	4849	4951	5018	5413	5679	5948	6003	6353	6360	6549	6748	6984	7277	7339	7549	7566	8350	8714	9359	9753	9984	10001	10074	10256	10547	10574	10748	10970	11131	11211	11360	11568	11575	11664	11760	11883	12526	12671	12687	13333	13755	14424
241	1.0	28	182	435	636	672	799	1023	1177	1462	1644	1676	1893	2075	2086	2091	2375	2545	2646	2736	2946	3472	4306	4355	4599	4874	5273	5445	5606	5631	5901	5926	6009	6321	6841	6887	6912	6967	7053	7383	7600	7742	8014	8153	8272	8320	8508	8829	9239	9312	9350	9684	9722	10441	10533	10580	11070	11313	11404	11714	11727	11749	11885	12137	12160	12169	12536	12848	13231	13464	13611	13617	14090	14118	14201	14231
242	1.0	10294	10992
243	1.0	1094	1907	4432
244	1.0	3405	3851
245	1.0	3939	9001	13691
246	1.0	6634	7022	11272
247	1.0	221	272	371	791	1137	1169	1278	1299	1315	1625	1764	1800	1870	1880	1916	2015	2131	2389	2400	3248	3262	3376	3698	3807	4014	4120	4140	4155	4594	4870	4875	4934	5012	5091	5230	5282	5323	5716	5846	6035	6108	6333	6413	6458	6714	6759	6928	6997	7264	7474	7610	7650	7699	7725	7824	7987	8777	9147	9183	9209	9244	9565	9723	10045	10048	10230	10236	10310	10658	10736	10808	10888	11050	11191	11370	11450	11649	11879	11907	12013	12140	12387	12679	12990	13147	13152	13154	13456	13706	13782	14010	14022	14056	14184	14389	14557	14600
248	1.0	563	2800	7074	10568
249	1.0	157	1158	3143	3827	4136	4214	5309	5664	6820	7441	7926	9495	10222	11041	11824	11890	12002	12037	12415	12676
250	1.0	163	690	1203	1635	2087	2090	2291	3006	3014	3360	3672	3838	3953	4053	4307	4313	4383	4646	4971	5678	5989	6849	7027	7409	8083	8109	8257	8424	8851	8897	9347	9823	9927	9997	10100	10392	10531	11085	11239	11294	11311	11574	11951	11986	12268	12777	12971	13357	13630	14470	14560
251	1.0	341	1304	1779	1792	1797	1884	1960	2040	2049	2194	2388	2721	2727	3218	3348	3812	3884	4204	4550	4716	5157	5277	5351	5410	5428	6111	6392	7039	7076	7291	7341	7635	7874	7922	7993	8107	8382	8556	8729	8801	8811	9145	9278	9430	9579	9848	9907	10254	10257	10414	10462	11204	11259	11395	11592	11607	11898	11944	12005	12239	12331	12562	12838	12846	13394	13841	13952	13980	14223	14539	14674
252	1.0	21	75	134	173	246	334	437	582	778	921	938	951	989	1077	1666	1715	2547	2760	2835	2916	2929	3024	3039	3125	3459	3670	3864	4191	4421	4496	4721	4949	5005	5374	5509	5659	5756	5869	5947	6050	6069	6121	6123	6389	6613	6919	7239	7269	7347	7387	7763	7918	7923	8008	8040	8091	8256	8569	8597	8738	9004	9026	9210	9375	9512	9707	9716	9798	9806	10099	10432	10456	10685	10688	10742	11091	11224	11572	11795	11956	12082	12125	12305	12404	12406	12714	13387	13606	13620	14162	14225
253	1.0	2085	2331	3219	4602	4966	5355	5415	5912	6183	7033	7361	7411	7724	8766	10277	10561	10968	11751	12734	13092	13422	13967	14506
254	1.0	311	570	1250	1508	1683	2005	2100	2174	2734	3600	4152	4397	4500	4525	4796	5062	6078	6128	6892	7257	7370	7611	7840	7901	8044	8096	8164	10015	10460	10549	10868	12485	12675	12826	12839	12905	13109	13133	13183	13767	13806	14250
255	1.0	137	202	525	997	1007	1036	1231	1298	1535	1805	2357	3553	3609	3823	4114	4278	4547	4744	5280	5295	5420	6107	6351	6422	6947	7395	7884	7916	8177	8776	9041	9650	9676	9962	10450	10663	10716	11068	11322	11426	11514	11526	11734	12644	12737	12794	12921	13101	13135	13389	13864	13943	14371	14572
256	1.0	52	235	490	561	590	715	1084	1420	1476	1495	1619	1766	2097	2180	2455	2526	2684	3313	3691	3824	5042	5324	5794	6179	6265	6477	6530	6595	6600	6692	6929	7180	7321	7743	8157	8523	8654	8655	9127	9186	9294	9319	9663	9972	10296	10452	10496	10566	11421	12266	12371	12386	12677	12984	13120	13278	13786	13924	14398	14628	14670
257	1.0	372	499	732	840	925	1355	1602	1815	1835	2345	2773	3336	3402	3648	3675	3730	3924	3972	4273	4616	4809	5110	5176	6114	6326	6609	6830	7019	7096	7107	7173	7208	7750	8020	8080	8269	8316	8507	8552	8616	8720	8733	8916	8918	10116	10714	10834	11242	11379	11485	11565	11628	12141	12642	12787	13305	13608	14262
258	1.0	340	862	1182	1276	1339	1356	1477	1483	1936	2267	2373	2441	2859	3050	3112	3809	4408	4659	4965	5279	5713	5892	5918	6747	6811	6905	7014	8393	9022	9125	9153	9215	9456	9567	10079	10134	10501	10556	10572	10593	10699	10741	10828	11201	11347	11940	11998	12051	12057	12131	12367	12475	12766	13107	13317	13350	13396	13654	13739	14598
259	1.0	198	1087	1100	1601	1657	2026	2198	2212	2431	2494	2701	2765	2902	3105	3151	3438	3628	3782	4270	4301	4327	4457	4565	5108	5199	5258	5443	5610	5774	6150	6293	6521	6534	6693	6745	6751	7346	7555	7559	7835	7861	7936	8062	8540	8649	8725	8895	8903	8940	8960	9044	9691	9701	9801	10003	10227	10394	10477	10731	10856	10878	11002	11022	11065	11258	11604	11763	11806	11906	11957	11983	12517	12611	12681	12686	13065	13084	13454	13459	13463	13673	13776	13877	13909	13931	13992	14081
260	1.0	439	1115	1823	1966	2279	2695	2923	3572	4715	5183	5684	7045	8444	14112
261	1.0	9282	13580
262	1.0	2486	6891
263	1.0	626	8403
264	1.0	4469	10334	10500	10861	12626
265	1.0	2469	9709	11606
266	1.0	151	899	998	1003	2193	2335	3066	3487	3697	3808	3918	4524	4603	4709	4905	4963	5234	5346	5408	5561	5737	5815	5857	6289	6301	6304	7229	7434	7440	7690	7736	8149	8268	8371	9301	9335	9447	9890	10526	10811	11261	11301	11351	11401	11528	11786	11954	12299	12443	12881	12944	13166	13416	13476	13480	13667	13824	13917	14435
267	1.0	100	285	307	355	527	619	812	992	1168	1300	1564	1634	2286	2837	3073	3076	3523	3841	3956	3960	4221	4621	5100	5188	5196	5398	5467	5508	5808	5812	6447	6510	6883	6941	7058	7086	7104	7308	7355	8021	8056	8370	8379	8566	8710	9535	9556	9743	9990	10124	10155	10242	10442	10798	10800	11182	11328	11364	11475	11679	11736	11981	12117	12314	12319	12456	12539	12551	12619	12672	12728	13180	13383	13484	13523	13888	14013	14186	14347	14493	14545	14652	14678
268	1.0	265	275	278	407	535	617	912	1244	1375	1719	1727	1731	1736	1871	2077	2113	2321	2354	2381	2612	2948	3009	3373	3453	3517	3888	3976	4011	4035	4207	4218	4953	5203	5210	5308	5352	5419	5543	5588	5924	6328	6782	7030	7719	7829	8012	8335	8389	8480	8613	9204	9659	9958	10436	10578	10909	10960	11334	11830	11961	12232	12241	12702	12805	12830	12926	13030	13104	13495	13777	13883	13929	14083	14256	14362	14382	14570
269	1.0	63	320	566	714	940	944	1303	1429	1578	1616	1660	1668	1938	1947	2031	2162	2186	2460	2655	2728	2915	3126	3502	3810	4021	4024	4332	4365	4779	4927	6020	6054	6268	6312	6377	6427	6437	6563	6741	6785	6850	7000	7051	7204	7221	7224	7280	7452	7498	7826	7937	8064	8278	8675	8695	8715	8775	8886	9116	9296	9400	9559	9562	9706	10012	10136	10180	10191	10330	10519	10612	10652	10768	10892	10950	10980	11172	11177	11718	11758	11784	11808	11825	11862	12256	12352	12384	12477	12646	12759	12803	13069	13261	13477	13595	13702	13784	13858	14038	14546
270	1.0	153	829	1243	1687	1849	1853	1868	1992	2052	2061	2200	2883	3129	3144	3271	3354	3969	4099	4507	4549	4601	4683	5435	5523	5805	6171	6224	7463	8085	8462	8526	9047	9155	9404	9460	9675	9835	10081	10202	10258	10642	10993	11101	11142	11228	11243	11594	11728	11875	12364	12541	13174	13342	13602	13664
271	1.0	121	190	1515	1738	2735	2897	4373	4470	4994	5406	5998	6286	7111	7470	8023	8233	8986	9003	9191	9918	9923	9940	10912	11159	11843	11891	11933	12374	12607	12939	13082	13599	14044	14252	14609
272	1.0	81	171	322	327	689	936	956	1151	1280	1324	1400	1449	1553	1648	2281	2535	2596	2812	3056	3279	3302	3456	3935	4250	4537	4685	4699	5217	5219	5409	5657	5793	5973	6152	6338	6390	7102	7117	7362	7491	7924	8333	8457	8554	8621	8803	9754	10037	10419	10559	10573	10640	11519	11709	12000	12435	12560	12748	12906	12925	12927	13056	13540	13589	13600	13663	13978	14211	14269	14280	14292	14293
273	1.0	2179	3569	6018	6618
274	1.0	2520	6266
275	1.0	524	12426
276	1.0	8932
277	1.0	882	1662	1939	2709	3067	3142	5170	5329	5591	5920	6146	6396	8397	9189	10068	10203	10837	11639	12162	12218	12520	12583	13073
278	1.0	331	412	624	758	1101	1226	1591	1645	1716	1977	2316	2383	2564	2714	2804	2871	3110	3190	3287	3910	4119	4308	4338	4393	4758	4865	5668	5685	5887	6505	6666	6688	7576	7609	8004	8501	8603	9208	9799	10063	10515	10660	10681	10864	11214	11598	11780	11934	12129	12157	12166	12544	12781	13603	14148
279	1.0	207	216	864	1146	1354	1432	1438	1931	2159	2185	2224	2386	2559	3134	3319	3444	3917	4106	5113	5380	5826	5935	6370	6546	6827	7200	7304	7413	7641	8198	8642	8706	9379	9608	9965	10080	10313	10320	10381	10898	10991	11008	11059	11179	11196	11966	12373	12796	12811	12997	13028	13051	13178	13339	13347	13390	13672	13972	14085	14547
280	1.0	9518	12284	14047
281	1.0	1816	13450
282	1.0	22	325	1693	2449	2797	3326	4710	5452	5811	5983	6439	7577	8304	8497	8628	8646	8853	8874	10354	10449	10770	12088	12892	12967	13121	13381	13432	13961	14032
283	1.0	7780	8449
284	1.0	1381	2079	6080	8947
285	1.0	9491	9696
286	1.0	5776	9964	11635
287	1.0	136	413	473	474	616	728	1019	1095	1283	1360	1427	1603	1869	1903	1940	2068	2107	2359	2687	2992	3090	3308	3413	3461	4198	4412	4528	4774	4840	4916	4936	5017	5570	5937	6036	6161	6614	6681	6790	6823	6906	7243	7296	7363	7404	7444	7929	8186	8190	8583	8586	8713	8741	8990	9106	9181	9313	9610	9657	9857	10016	10170	10385	10434	10466	10469	10697	10801	11420	11682	11870	12023	12201	12217	12307	12418	12430	12559	12594	12670	12691	13099	13436	13695	13735	14095	14180	14199	14356	14589
288	1.0	41	481	507	668	817	905	1112	1358	1485	1527	1589	1703	1767	1930	2227	2258	2451	3061	3203	3460	3518	3568	3775	3785	3982	4001	4039	4247	4384	4402	4993	5038	5253	5360	5491	5599	5951	5977	6129	6177	6184	6586	7054	7088	7175	7328	7378	7506	7622	7757	7852	8036	8182	8441	8821	8869	9025	9141	9273	9834	9998	10483	10590	10933	11166	11178	11307	11315	11689	11719	11912	11943	11945	12270	12630	13074	13838	13912	13964	14101	14235	14605	14654
289	1.0	613	669	932	1309	1473	1997	3132	3161	3189	3241	3395	3415	3463	4731	4801	5177	5582	6124	6302	6646	6671	6786	7237	7314	7333	7542	7605	8539	8547	8645	8660	8694	9480	9517	9880	9925	10402	11227	11491	11813	11921	11991	12084	13031	13123	13431	13774	13831	13918	14373	14532
290	1.0	49	178	638	692	733	880	1221	1241	1472	1557	1934	2412	2448	2747	2764	3498	4348	4577	5045	6209	6258	6467	6728	6916	7125	7265	7625	7800	7848	8644	9307	9407	9493	9669	10328	10541	10554	10844	10962	10979	11112	11212	11721	12279	12342	12346	12362	12528	12912	13609	13976
291	1.0	3919	13330
292	1.0	201	585	654	675	710	1047	1125	1176	1292	1317	1608	1667	2028	2277	2571	2600	2995	3042	3261	3433	3690	3745	4033	4072	4188	4261	4302	4350	5431	5498	5764	5784	5961	6120	6270	6597	6611	6640	6664	7151	7315	7567	7642	7653	7810	7927	8002	8122	8178	8319	8411	8471	8479	8635	8659	8966	9473	9527	9546	9672	9876	10322	10329	10333	10396	10444	10490	10525	10712	10830	11007	11119	11155	11427	11438	11573	12703	12743	12882	12996	13239	13291	13293	13583	13762	14236	14278	14665
293	1.0	584	614	1097	1249	1334	1967	2012	2016	2172	2638	2657	2681	2784	3094	3210	4482	5064	5473	5711	5818	6223	6657	7706	7827	8423	9504	9529	9603	10039	10268	11067	11146	11286	11585	11740	11819	12306	12535	13155	13839	13855	14104	14161
294	1.0	35	510	555	646	694	789	872	2001	2116	2586	2594	2606	2722	2858	3211	3290	3541	3561	3583	3590	3880	3928	4064	4110	4998	5482	5782	6073	6444	6570	6866	6983	7183	7513	7568	7851	7860	8037	8118	8204	8839	9304	9740	10020	10114	10340	10486	10627	10671	10925	11098	11305	11323	11441	11484	11671	12044	12100	12158	12875	13167	13179	13233	13376	13380	13522	13656	13681	13745	14549
295	1.0	109	361	391	759	1197	1368	1376	1414	1521	1574	1866	1886	2098	2150	3038	3121	3471	3710	3729	4386	4790	4903	5141	5214	5304	5316	5481	5486	5741	5969	6032	6141	6764	7292	8207	8224	8291	9035	9124	9201	9637	9757	10040	10866	10889	11543	11960	11963	12245	12247	12478	12658	12744	12809	13077	13384	13392	13452	13453	13492	13648	13747	13833	14315	14492	14498	14515
296	1.0	193	232	427	523	610	844	856	1123	1129	1198	3025	3478	4069	4164	4974	5343	6063	6066	6542	6930	7047	7775	7832	8276	8515	8722	8726	8755	8763	8819	9144	9268	9820	9861	10185	10746	10934	11302	11386	12120	12608	12656	13561	14030	14559
297	1.0	48	317	387	441	537	749	1606	1883	2287	2292	2607	2811	2965	3044	3378	3662	3666	3902	3912	4079	4575	4655	4803	4948	5024	5071	5269	5299	5301	5690	5938	6067	6769	6855	6875	7038	7157	7167	7453	7974	8516	8699	8808	9062	9234	9443	9621	9765	10094	10135	10245	10360	10457	10614	11049	11094	11193	11270	11722	11741	11744	11896	12488	12814	12929	13009	13435	13449	13500	13641	13738	13813	14155	14308	14676
298	1.0	2663	9674
299	1.0	9784	10059
300	1.0	40	1173	3409	3634	9168	12113
301	1.0	635	3586
302	1.0	4839	5542
303	1.0	2034	10421	11359
304	1.0	9626	14562
305	1.0	400	589	874	1139	1899	2262	2405	2421	2423	2568	2767	3046	3097	3309	3476	3529	4019	4183	4337	4371	4759	5565	6027	6935	6948	7607	7691	7707	7759	7791	8701	8785	8921	8957	9444	9575	10126	10223	10317	10786	10981	11141	11208	11213	11251	11623	11753	11773	11893	12595	13105	13148	13515	13800	13880	14399
306	1.0	264	442	780	796	1081	2269	2475	4295	4778	5385	5499	5512	5854	5965	6926	6950	7499	9006	9566	9785	9982	9988	10024	10200	11013	11173	11874	12135	12171	12433	12476	12609	12779	13265	13377	13444	13544	13637	13639	13959	14004	14177	14357	14620	14664
307	1.0	637	659	1065	1106	1150	1308	1740	1914	1943	2065	2270	2588	2987	3300	3386	3636	4108	4113	4231	4339	4440	4442	4463	4552	4605	4629	4814	5386	5488	5539	6157	6290	6888	7101	7449	7516	7527	7639	7666	8003	8234	9266	9645	10179	10376	10393	10721	11512	11665	11769	11849	11968	12112	12123	12249	12334	12397	12831	12947	13288	14266	14349	14385	14425	14575
308	1.0	534	575	838	1294	1442	1941	1957	2187	2539	2967	3049	3206	3638	4070	4217	4230	5014	5044	5164	5187	5497	5956	6734	6987	7083	7302	7673	7807	7967	8034	8131	8684	9060	9598	10083	10766	11655	11772	11800	11829	11904	12416	12850	13329	13408	13475	14233	14306	14345	14568
309	1.0	2318	6172	14087
310	1.0	174	11200
311	1.0	47	84	250	352	529	551	904	1040	1071	1189	1202	1371	1917	1932	2008	2109	2111	2217	2351	2414	2832	3115	3193	3293	3501	3721	3857	4086	4294	4511	4690	4735	4891	5037	5158	5260	5350	5402	5617	5623	5730	6194	6231	6638	6814	6825	6943	7112	7312	7406	7417	7459	7614	7658	7661	7776	7799	7863	7976	8007	8192	8439	8826	8950	9176	9354	9361	9378	9727	9843	9871	9924	10159	10752	11345	11377	11477	12045	12350	12522	12579	12684	12910	13131	13206	13306	13366	13407	13576	13979	14222	14314	14457
312	1.0	135	558	836	863	953	1041	1108	1134	1172	1340	1614	3082	3214	3513	3926	4168	4508	5198	5525	5807	5824	5910	6163	6234	6604	6625	6735	6770	6801	6961	7294	7489	7982	8745	8924	8973	9731	9932	9937	10108	10123	10359	10443	10887	11365	11481	12132	12144	12207	12228	12243	12261	12329	12348	12466	12555	12605	12668	13025	13059	13062	13064	13404	13466	13548	13788	13970	14054	14341	14446
313	1.0	540	1124	1344	1830	3100	3124	3934	4029	4076	5190	5465	5962	6951	8425	9016	9330	9602	9644	9897	10168	10364	10759	11410	12468	12694	12979	13510	13789	14079	14206	14414	14612
314	1.0	189	916	930	1141	1186	1382	1389	1718	1996	2006	2017	2042	2355	2438	2771	2956	3016	3036	3052	3181	3291	3380	3574	3622	3806	3813	3819	4186	4347	4388	4419	4488	4540	4573	4595	4732	4944	5085	5197	5310	5505	5712	6056	6237	6424	6440	6819	6931	7020	7210	7226	7604	8073	8206	8267	8344	8674	8902	9120	9724	9933	10047	10264	10480	10634	10956	11099	11144	11199	11442	11470	11823	12062	12193	12211	12308	12378	12873	12898	13264	13498	13650	13699	13884	13984	14024	14031	14102	14168	14530
315	1.0	42	384	763	1045	1658	1799	2060	2649	2679	2757	2951	3223	3232	4102	4148	5151	5575	5792	5865	5994	6030	6167	6713	7012	7503	7553	7734	8127	8331	8374	8431	8672	8786	9040	9952	10152	10737	11071	11106	11440	12142	12321	12451	12600	12726	12795	12918	12942	13048	13438	13674	13975	14091	14103	14242	14454	14510
316	1.0	94	142	159	866	1534	1771	2083	2237	2328	2361	2459	2519	2782	3310	3684	3741	4344	4505	4783	5039	5147	5534	5573	5677	5802	5896	5967	6269	6879	7233	7310	7535	7596	7602	8117	8259	8884	8930	9078	9105	9230	9253	10384	10582	11122	11700	12411	12457	12855	13117	13274	13653	13737	14077	14181	14505	14555
317	1.0	565	6330
318	1.0	10945	14342
319	1.0	7711	7869	12254
320	1.0	1461	2920	9673	12647	14183	14351	14418
321	1.0	1961	2527	3800	11674
322	1.0	9818	11881
323	1.0	11267	12240
324	1.0	1167	1212	1366	2556	2706	2729	2793	3332	3536	3821	4065	4266	4867	4988	4991	5373	5423	5484	6195	6687	6973	7048	7245	7364	7365	8460	8619	9109	9725	9766	10305	10508	10509	10555	10722	11045	11388	12006	12515	13303	13919	14040	14586	14626
325	1.0	26	206	228	245	299	308	356	494	521	542	793	848	949	1025	1261	1421	1610	1627	1681	1834	1918	2256	2319	2322	2387	2614	2838	2850	3000	3307	3494	3526	3614	3759	4220	4625	4762	4959	5002	5626	5680	5890	6013	6015	6197	6346	6555	6662	6791	6802	6969	7231	7385	7739	7770	8151	8373	8381	8527	8608	8804	9067	9093	9112	9206	9325	9382	9808	9809	9979	10070	10262	10315	10352	10985	11047	11447	11537	11724	11913	11987	12080	12174	12554	12617	13011	13111	13124	13225	13238	13334	13696	13770	13890	14139	14502	14619	14635
326	1.0	4929	7238	9827	12230
327	1.0	13	59	214	518	647	988	1015	1229	1402	1480	2309	2366	2430	2620	2755	2899	3033	3172	3240	3265	3832	3858	4205	4907	5551	5791	6319	6560	6780	7573	7687	8231	8246	8417	8473	8639	9670	10592	10686	10884	11081	11246	11534	11562	11578	12890	13049	13169	13628	13647	13804
328	1.0	57	410	604	828	1052	1181	1196	1411	1819	2120	2223	2659	2699	2723	2745	3428	3499	3659	3686	3891	3936	3952	4094	4789	4853	5006	5075	5144	5169	5516	5604	5726	5974	6025	6253	6313	6575	6632	6982	7532	7586	7681	7903	7958	8341	8384	8636	8676	8910	9057	9543	9635	9686	9860	10600	10814	11006	11238	11748	11850	11877	12010	12422	12622	13088	13311	13666	13808	14213	14384	14646
329	1.0	9	362	1152	1325	1739	1789	2693	2791	3080	3149	3215	3435	3642	3732	4222	4246	4749	5136	5407	5698	5823	5943	5991	6077	6106	6127	6247	6453	6499	6834	6897	7206	7598	7814	8215	8337	8640	8686	8711	8748	8968	9054	9131	9257	9410	9411	9931	10375	10403	10504	10954	11445	11517	11538	11593	12029	12083	12127	12147	12393	12792	12953	12970	13160	13173	13716	13798	14152	14426
330	1.0	388	1570	2099	2241	2658	2664	2698	3078	3743	3818	3846	3898	4387	4826	5036	5673	5879	6824	6872	8119	8615	8936	9633	10162	10190	10682	11219	11333	12365	13038	13324	13505	13905	14245	14324
331	1.0	108	389	501	1148	1385	2667	2716	2724	3641	3725	4009	4668	5076	5335	5798	6021	6466	6674	7011	7100	7174	7716	8111	8525	8582	9050	9205	9285	9435	9630	10163	10453	10529	11175	12053	12170	12764	13645	13709	14014	14303
332	1.0	87	120	368	472	548	680	815	869	1224	1481	1707	2003	2057	2853	3238	3604	3681	3805	4585	5032	5034	5327	5341	5839	5848	6757	6766	6775	7891	8082	8355	8435	8464	8567	8770	8793	9051	9207	9271	9433	9505	9510	9577	9866	9935	10142	10518	10644	10785	11055	11168	11532	12592	12623	12788	13526	13684	13942	14045	14059	14323	14501
333	1.0	7669	10743
334	1.0	2350	3955	4298
335	1.0	145	176	580	1443	1842	2888	3108	3417	3835	3859	4187	4444	4491	4532	4560	4791	4860	5153	5160	5494	6132	6173	6386	6411	6876	7070	7354	7400	8183	8830	9212	9224	9235	9270	9274	9519	10077	10207	10448	10649	11005	11143	11361	11500	11684	11919	11978	12518	12629	12678	12894	13006	14141	14214	14475	14483	14630
336	1.0	50	629	830	1012	1647	2094	2119	2582	2690	3157	3751	3796	4022	4369	4403	4582	5088	5185	5397	5909	5925	6153	6335	6659	6863	6864	7154	7212	7215	7945	8026	8120	8194	8254	8935	8946	9014	9498	9564	9678	9687	9714	9948	10104	10145	10461	10636	10656	10862	10915	11028	11683	12640	12998	13354	13413	13622	13795	14339	14439	14507	14669
337	1.0	773	2395
338	1.0	252	329	2705	5995
339	1.0	230	691	898	1663	3350	3436	3746	3933	3942	4274	4312	4492	4637	4754	4976	4987	5383	5900	6675	7471	8171	8229	8251	8252	8746	10437	12663	12861	13507	13618	14543	14634
340	1.0	3187	3295
341	1.0	3984	8585
342	1.0	82	195	397	453	458	509	621	705	937	1104	1384	1435	1661	1901	1904	1958	2485	2624	2752	2879	2880	2934	3135	3312	3527	3547	3767	4149	4172	4275	4495	4832	4848	5020	5189	5195	5334	5463	5490	5526	5558	5783	5882	5980	6048	6257	6343	6409	6554	6810	7109	7203	7205	7376	7556	7823	7842	7978	8409	8700	8721	9171	9222	9349	9415	9487	9594	9911	10345	10527	10581	10665	11222	11548	11569	11579	11926	12041	12300	12434	12445	12450	12870	12895	13033	13106	13186	13224	13455	13578	13785	13851	13861	14127	14187	14313
343	1.0	262	343	795	970	1131	1147	1807	1981	2343	2363	2398	3316	3596	4343	4543	4642	4995	5103	5243	5244	6116	6242	6805	6977	6981	7060	7740	7844	7981	8046	8899	9079	9883	10193	10210	10595	10815	10822	10918	11019	11230	11434	12312	12385	12473	12568	12902	12908	13001	13027	13275	13302	13373	13740	14432	14478
344	1.0	11701	14651
345	1.0	348	354	706	852	960	1350	1407	1588	1680	1817	1874	1875	2023	2337	2652	2692	3030	3781	3877	3988	4184	4676	4943	4964	5425	5997	6324	6572	6995	7073	7131	7246	7367	7416	7651	8101	8115	8170	8402	8992	9064	9371	10307	10481	10603	10772	10919	11069	11244	11633	12377	12389	12572	12991	13153	13623	13985	14618
346	1.0	1010	1211	1311	1408	2165	2246	2385	2626	2751	3023	3164	3335	4018	4215	4391	4681	4861	5322	5528	5675	6251	6291	6323	6367	7329	7338	7626	7942	8094	8354	8392	8408	8533	8893	9098	9173	9290	9305	9346	9419	9812	10030	10470	10773	10788	11380	11478	11659	11691	11790	11818	11846	12031	12253	12298	13388	13545	13658	13710	13954
347	1.0	5094	13442
348	1.0	3714	4200	4679	10516	14179
349	1.0	13555	13625
350	1.0	188	663	2518	3230	3371	3581	4354	5654	5708	5863	5877	6329	6478	6648	7735	7928	8352	9751	9959	10138	10416	10597	12717	13013	13946
351	1.0	97	600	771	1096	1604	2348	2783	2824	3111	3216	3914	4049	4159	4542	4631	5138	5313	5442	5744	5936	5964	6004	6022	6113	6340	6448	6506	6915	7141	7211	7393	7684	7701	7847	7902	8072	8144	8161	8218	8388	8493	8787	8984	9199	9360	9485	9544	9652	9919	10485	10812	11184	11393	11792	12204	12547	12723	12934	12961	13081	13582	13685	13908	13993	14121	14608
352	1.0	39	310	768	1187	1491	1511	1890	2242	2312	2625	3098	3555	3612	3740	3744	3748	4052	4248	4498	4818	5007	5022	5031	5171	5191	5193	5552	5635	5674	5769	5933	6368	6480	6493	6932	7114	7343	7613	7672	8953	9474	9549	9685	9846	10007	10201	10335	10388	10610	10865	11496	11502	11624	12549	12722	12808	13055	13162	13359	13471	13900	14049	14228	14244	14321	14336	14474	14588	14677
353	1.0	3367	7984
354	1.0	9631	12639
355	1.0	738	12773
356	1.0	2949	10816
357	1.0	88	281	428	487	515	813	1109	1175	1259	1486	1989	2689	2895	3595	3711	3999	4073	4201	4334	4510	4636	4775	4820	5119	5173	5389	5518	5885	5993	6133	6169	6240	6577	6698	6730	6874	7082	7177	7435	7458	7751	7801	7805	7857	8438	8688	8889	8937	8994	9031	9156	9288	9561	9612	9793	9837	9899	10577	10755	10756	11042	11123	11156	11235	12465	12584	12699	13000	13327	13336	13414	13963	14107	14120	14227	14485
358	1.0	375	405	1073	1180	1214	2429	2952	3198	3221	3358	4006	4203	4296	4804	4835	4863	4930	5342	5662	6631	6708	7044	7298	7519	8652	8735	8737	9178	9259	9585	10401	11293	11540	11695	11746	11764	12159	12219	12388	14542
359	1.0	18	148	175	573	608	642	1027	1457	1696	1794	1798	1955	1990	2238	2502	2647	2739	2925	3257	3273	3497	3962	4041	4118	4553	5063	5303	5365	5671	6008	6122	6363	6711	6761	6781	6899	6944	7146	7152	7468	7497	7726	7812	8009	8057	8279	8618	8653	8765	8881	9172	9264	9409	9832	9886	11036	11241	11330	11656	11791	11982	12577	12616	12651	12806	13130	13270	13279	13295	13331	13585	13915	14241	14523
360	1.0	68	259	279	426	497	677	920	1537	2245	2353	2477	2708	2749	2836	3663	3760	3907	4424	4728	5048	5414	5537	5746	5820	5914	5940	6227	6434	6497	6579	6694	6840	6925	7116	7213	7252	7522	7588	7640	7671	7682	7917	8069	8097	8135	8184	8362	8377	8404	8446	8477	8594	8796	9117	9327	9662	9680	9764	9790	9970	10005	10275	10423	10510	10589	10632	10674	10732	10982	11034	11137	11283	11527	11620	12130	12661	12860	12871	12913	13332	13425	13543	13652	13778	13846	14029	14294	14403
361	1.0	92	315	496	661	664	1049	1086	1422	1423	1928	2249	2408	2536	2627	2715	2991	3138	3280	3557	3674	3930	4031	4143	4427	4714	4767	4777	4846	5098	5159	5566	5607	5871	6145	6410	6524	6913	7359	7478	7505	7530	7720	7781	7999	8447	8858	8997	9157	9311	9365	9399	9516	9802	9947	10129	10311	10537	10643	10796	10881	11152	11161	11187	11279	11324	11390	11459	11608	11861	11864	11918	12273	12540	12578	12774	12784	12885	12956	13007	13254	13310	13768	13807	13854	14065	14122	14226
362	1.0	451	699	1126	1433	1572	1923	2505	2581	2686	2780	2994	3008	3083	3297	3610	3753	3844	4177	4561	4586	4807	4925	4996	5391	5436	5658	6180	6685	7193	7366	7374	7391	7484	7543	8050	8248	8300	8307	8661	8740	9075	9550	10512	10901	11096	11309	11493	11542	12036	12315	12354	12383	12453	12496	12558	12767	13060	13072	13168	13177	13353	13362	13940	14583	14604
363	1.0	32	386	683	1372	1742	1948	2401	2803	3410	3696	3873	4096	4449	4519	4578	4879	4962	5118	5672	5917	5958	6325	6357	6551	7906	8185	8607	9617	9728	9788	9795	9874	10497	10570	10754	10855	11044	11254	11690	13202
364	1.0	1185	1597
365	1.0	597	779	959	1103	1219	1238	1559	1682	1885	1924	1956	2054	2122	2199	2226	2275	2310	2422	2464	2964	3114	3362	3521	3544	3582	3584	3635	3886	3967	4105	4176	4741	4810	4872	5107	5291	5438	5510	5777	5934	5975	6355	6585	6744	6822	6908	6992	7165	7313	7438	7461	7731	7919	7932	8166	8180	8297	8387	8823	8955	9083	9289	9310	9421	9507	9573	9601	9869	9904	10044	10205	10377	10532	10552	11457	11708	11798	12089	13098	13322	13837	13939	14075	14138	14481	14495	14551	14594	14633
366	1.0	383	505	711	1188	1257	1525	1649	1927	2293	2327	3120	4042	4178	4264	4404	4571	4772	5418	5814	5833	6244	6341	6342	7009	7184	7397	7872	8121	8436	8744	9328	9466	9693	9813	10035	10119	10628	10880	11048	11151	11580	11924	11925	11948	11953	12011	12070	12216	12359	12402	12417	13029	13482	13493	13775	13805	13829	13832	14249	14456
367	1.0	15	200	447	833	955	1120	1365	1456	1467	1501	1510	1776	1808	1812	1889	1994	2051	2817	3469	3650	3909	4324	5106	5368	5433	5666	5922	6097	6200	6441	6851	7017	7618	7656	8049	8128	8179	8308	8318	8758	8790	8911	9233	9295	9717	9980	10204	10292	11116	11726	11984	12039	12680	12763	12900	13045	13657	13962	14111	14319	14571
368	1.0	1018	1709	1783	3079	3183	3731	3736	3973	4034	4237	4613	4821	5479	5601	5800	6421	6660	6907	7266	7632	7935	8165	8286	9934	10157	10301	10984	11087	11089	11415	11428	11826	11856	11873	12018	12322	12493	13161	13256	13981	14108	14369	14422	14590
