1	1.0	480	797	1293	2257	3479	7509	9830	10006	10331	10879	12508	12685	13554	13948
2	1.0	623	873	1413	1582	2795	3194	3500	3575	3602	3830	3883	4037	4235	4673	4806	4961	5829	5859	6138	6204	6226	6334	6474	6590	6594	6736	6779	6938	7904	8673	9698	9708	9715	9739	9807	9999	10629	10698	10832	11024	11189	11296	11411	11412	11545	11581	11949	12161	13005	13424	13457	13847	14224	14486
3	1.0	160	868	7792	8900	8983	10312	13494
4	1.0	3060	3577	9121	13126	13577
5	1.0	3288	6639	12706	13657
6	1.0	23	60	99	805	958	1698	2830	3004	3055	3086	3593	3640	3669	3799	4697	4798	4904	5090	5321	5568	5634	5740	5768	5828	5916	6068	6105	6236	6531	6653	6788	6878	7103	7140	7548	7585	7717	8052	8114	8510	8835	9143	9317	9571	9599	9640	9906	10327	10521	10700	10727	10838	10882	10906	11032	11452	11776	11810	11811	11971	11993	12333	12462	12634	13057	13100	13149	13163	13182	13280	13951	14195	14229	14352	14521	14550
7	1.0	1295	2487	8792	11145	12339	13916	14328
8	1.0	2640	6765	14558
9	1.0	5669	9497	10602	12033	12375
10	1.0	1206	12394	14217	14455
11	1.0	502	12688	13542	13649
12	1.0	901	3032	7697	10562	10827	11064	14649
13	1.0	3820	4700	5699
14	1.0	178	194	733	774	1078	1221	1829	2448	3141	3498	3507	4563	4696	5178	5522	5576	6043	6481	6909	6916	7125	7220	7265	7948	8099	8102	8273	9129	9152	9493	9710	9773	9786	9817	10541	10763	10962	10979	11236	11389	11523	12156	12346	12571	12912	13034	13546	13609	13749	14387	14450
15	1.0	1222	2484	3400
16	1.0	723	1512	5996	10437	13478
17	1.0	1227	1651	4480	8494	8518	10034	14429
18	1.0	794	914	5731	7878	10917
19	1.0	4226	4381	4396	4639	6870	11362	11804	13427	14525
20	1.0	1702	1870	2003	2175	2216	3244	3625	5337	5615	5906	7655	7963	8081	10177	13529	13956
21	1.0	226	1144	5946	6260	6676	8476	9810	10802	10981	11650	12569	13771
22	1.0	3579	6599	7783	9929
23	1.0	6760	9581	10279	14616
24	1.0	1279	1944	4063	5464	8395	9013	11079	11634
25	1.0	2748	5637	9578
26	1.0	185	931	1494	1825	2035	2802	2971	3866	3887	4707	6667	7309	7700	8042	8322	8589	8665	9061	9756	9856	12948	13094
27	1.0	736	4833	6649	8568	13058
28	1.0	1220	1792	2291	8256	8868	14560
29	1.0	2456	4743	6211	6619
30	1.0	1729	3113	5218	5371	5729	9126	9432	10261	11448	12863
31	1.0	20	2402	2590	5724	5844	8913
32	1.0	7	6578	9902	11111	13893
33	1.0	3041	3997	12444
34	1.0	88	188	281	452	464	515	635	663	813	952	1109	2290	2518	2520	2689	3187	3295	3371	3581	3586	3711	4087	4203	4296	4354	4510	4775	4885	4919	5119	5654	5708	5863	5877	5885	5993	6133	6329	6406	6648	6998	7044	7769	7801	7857	7986	8652	8688	8937	8994	9288	9561	9751	9793	9818	9959	10401	10416	10577	11094	11156	11746	11881	12465	12699	12717	13013	13336	13414	13753	13946	14485
35	1.0	83	117	216	233	402	1042	1533	1636	1716	2159	2213	2316	2376	2559	2564	2589	2634	2644	2714	2766	2804	3088	3110	3287	3311	3623	3629	3773	3778	3910	3937	4338	4433	4865	4928	5113	5356	5380	5449	5472	5538	5545	5685	6044	6512	6666	6716	6827	7304	7473	7765	7778	7815	7989	8004	8198	8281	8545	8603	9190	9741	9799	9965	10063	10153	10154	10381	10488	10515	10857	10891	10963	11196	11651	11884	12183	12269	12729	12789	12796	12997	13138	13346	13607	13700	13969	14148	14299	14564
36	1.0	2912	6233	8532	10133	11929	13986	13998	14388
37	1.0	127	2810	8442	12016	13938
38	1.0	1383	2048	2152	2563	2569	2834	3797	3922	5255	6104	6495	6936	6958	7320	7871	7887	8432	9525	10226	11504	11698	12275	12301	12758	12807	13321	13419	13743	14035	14650
39	1.0	31	162	197	247	305	449	745	896	1076	1111	2534	2877	3026	3104	3224	3685	3770	3869	3991	3993	4256	4284	4410	4479	4608	5209	5319	5354	5569	6414	6691	7124	7240	7550	7647	7787	7822	8017	8086	8301	8483	8514	8761	8981	9036	9097	9160	9269	9681	10438	10584	10846	11264	11437	11894	11981	12075	12695	12981	13891	14209	14419	14548
40	1.0	3294	6492	7032
41	1.0	947	2478	11626
42	1.0	144	6606	7351	13619
43	1.0	627	1585	1631	3580	11140	12802
44	1.0	4383	8109	8851
45	1.0	1961	2527	3800	11674
46	1.0	3085	5093	6651	6768	8142	8452
47	1.0	544	3979	7995	8287	8593	10498	11868	12638	13003	14286	14379
48	1.0	1700	3673	10391	10903	11610	13818
49	1.0	1363	3062	3860	6686	7119	8360	8929	9283	10447	10606	11138
50	1.0	2371	8140	8553	11696
51	1.0	4827	5060	8000	10430
52	1.0	2336	6566	7389	11135	12751
53	1.0	1390	2584	3688	4641	6927	11775	11807
54	1.0	475	2976	4657	10041
55	1.0	4245	8982	12290
56	1.0	10765	11458	11531	14408	14527
57	1.0	6225	7275	7582	9247
58	1.0	321	1159	1225	3716	7129	7186	7353	7677	14258
59	1.0	2480	5009	9149	10669	12116	13596
60	1.0	5683	6256	6571	6652	10937	11231	13089
61	1.0	271	967	1724	1756	4445	9609	9882	9892	12749
62	1.0	1659	2039	2126	2132	2141	2272	3787	5026	5239	6143	9702	13862
63	1.0	104	559	885	1284	1345	1380	1758	1951	2004	2189	2595	2798	2823	3162	3202	3255	3545	3546	3653	3802	4377	5388	5475	6038	6303	6873	7584	7648	7698	7702	8216	8280	8412	8551	9002	9306	9393	10052	10507	10845	11057	11092	11319	12020	12111	12223	12323	12358	12519	12587	12922	13042	13360	14329	14453	14497
64	1.0	2055	5843	8550	12345
65	1.0	139	283	772	787	886	906	1138	1178	1204	1357	1431	1446	1980	2304	2525	2694	2801	3054	3394	3817	3878	4251	4483	4592	4666	4687	4694	5146	5254	5456	5633	5694	5874	5932	6086	6706	6738	6793	6910	6976	7016	7110	7179	7520	7562	7579	7623	7624	7732	7784	8098	8163	8219	8876	9088	9101	9217	9441	9758	9879	10271	10336	10651	10717	10813	10893	11001	11018	11020	11162	11417	11685	11827	11964	12152	12222	12336	12355	12495	12509	12791	13050	13071	13159	13250	13299	13559	13694	13720	14015	14109	14216	14396	14427	14647
66	1.0	1635	2923	3006	4556
67	1.0	17	425	639	1004	1113	1130	1337	1854	1895	2452	2592	2889	3652	3862	3958	4135	4325	4330	4611	4769	5069	5307	7712	7864	8106	8299	8323	8669	9017	9065	9089	9475	9540	9916	9995	10174	10280	10769	10844	11017	11076	11429	12236	12943	13041	13418	13483	13787	14003	14089	14220	14430	14561	14591	14602
68	1.0	467	1066	1460	6496	7356	8245	10804	14061
69	1.0	1765	2763	6276
70	1.0	180	2509	3943	5427	7149	9794	11889	12344	13604
71	1.0	1070	4085	5221	6556	6629	8033	10392	12777
72	1.0	739	1759	1841	2063	2397	2560	3236	3385	3421	4066	4931	5501	5638	6924	7251	7583	7749	8200	8298	8806	10288	10726	10874	12543	12645	12869	13718	14490
73	1.0	288	303	414	971	3388	3954	5266	6633	10229
74	1.0	1489	1593	12705
75	1.0	2121	5058	14666
76	1.0	436	695	1970	3848	6485	7779	8879	10913	13393	13569	14350	14451
77	1.0	3694	4013	5502	7771	9334	10506	14275
78	1.0	839	2907	4342	4923	7964	8942	9343	9538	12689
79	1.0	5845	9388	12368
80	1.0	1919	5840	13070
81	1.0	571	1509	8077	10093	11668	12858	13417
82	1.0	3742	11787	12782
83	1.0	2768	3699	4126	7214	11320	12552
84	1.0	302	5555	8243	13345	14078
85	1.0	394	5143	12104
86	1.0	7248	9616
87	1.0	282	2088	5332	9150	10840	12381
88	1.0	466	651	1319	2297	4060	6306	9864	11225	12425	12856	13116
89	1.0	2461	7710	9870
90	1.0	673	693	1723	10148	10337	10478	13566
91	1.0	1436	2554	6299	13885
92	1.0	1801	10896	13955
93	1.0	894	1529	3466	3854	7148	11416	14553
94	1.0	731	2621	5832	8235	11237
95	1.0	479	860	1988	6721	12351	12761
96	1.0	1230	2222	2990	3416	3477	4223	6689	8989	9811
97	1.0	1513	4653	11158
98	1.0	2341	2468	6680	6838	14163
99	1.0	3656	8952	11596	14048
100	1.0	1264	1331	4729	5331	5503	6796	9080	10011
101	1.0	183	7295	12311
102	1.0	107	11922	14192
103	1.0	2471	3397	3889	4452	10240	10719	11074	11563	11692	11977	13196	13989	14366
104	1.0	1820	2024	2127	2156	2334	3660	3791	10463	12081	12960	13144	13243
105	1.0	74	297	1253	1428	3963	4400	5021	7839	9136	11518
106	1.0	591	2255	2340	6168	6732	7737
107	1.0	1524	7704	10218	11530
108	1.0	1638	2374	3272	4089	5982	7189	9211	10171	13245	14317	14467	14638
109	1.0	11	4122	6308	12492	14128
110	1.0	2758	3160	3998
111	1.0	125	155	606	684	879	910	926	1154	1516	1613	1658	1788	2153	2669	2757	2831	3012	3455	3573	3816	3828	3852	3944	4071	4148	4320	4717	4800	5643	5878	5942	5945	6388	7113	7132	7181	7714	8112	8222	8334	8590	8813	9200	9242	9558	9679	9705	9828	9867	10065	10206	10281	10467	10783	10833	10928	10940	10972	10977	11103	11613	11616	11768	11976	12142	12795	12854	13046	13758	13835	13991	14062	14096	14182	14188	14274	14348	14660
112	1.0	1469	2018	2506	3606	4166	4202	4623	4692	4825	6136	7465	7788	7849	8546	9726	9816	10027	13021	13090	13503	13690	13857	14476
113	1.0	628	9658	10710	14205
114	1.0	5904	7645	7758
115	1.0	3692	3708	6250	7629	8611	9237	11409	13189
116	1.0	4390	9238	9729
117	1.0	4487	7472	7997	8141	14459
118	1.0	858	4581	4969	4985	7069	8130	8491	9983	10212
119	1.0	4147	4898	7422	8517	10967	13564	14239
120	1.0	913	6155	6399
121	1.0	328	897	1543	2861	3342	3789	3843	4173	4680	5797	6103	7806	8258	11866	13598	14442
122	1.0	4303	8578	8852	9910	10926	11335
123	1.0	164	511	568	603	1117	1128	2417	2495	2617	2666	2918	3249	3283	3441	3535	3627	3693	4570	4773	4938	5347	5579	5705	5978	6058	6288	6294	6315	6601	6642	6818	7075	7627	7752	7859	7892	8236	8512	8562	8727	9174	9340	10013	10038	10362	10924	11284	11446	11914	12897	13067	13724	13910	14114	14504
124	1.0	4808	4901	8059	13337
125	1.0	2064	6657	7227	8261
126	1.0	119	1038	3646
127	1.0	1232	2781	4485	11444	13907
128	1.0	3225	3345	3436	11639
129	1.0	3219	5355	12734	13422	14506
130	1.0	3003	3520	4097	4960	5950	8922
131	1.0	1251	1912	2235	2305	3092	6115	7674	14601
132	1.0	644	2819	3152	4077	4501	5130	6280	6295	6797	7619	11821	12819	14540
133	1.0	2093	3987	5163	7209	7258	7558	9434	9815	10740	10777	11406	11497	12575	12653	13285	13486	14528	14581
134	1.0	5715	6139	6193	6208	8822
135	1.0	156	601	3355	4088	4243	4896	5477	6804	9733	11338	11638	11657	13853
136	1.0	7273	12531	13794
137	1.0	8237	8878	10350
138	1.0	1999	2949	3909	5689	7618	7632	7897	9560	10301	10816	12322	13981	14111	14571
139	1.0	1145	8846	10784	10871
140	1.0	4794	9081	14330
141	1.0	224	1045	1519	1674	2196	2439	2649	2679	2985	3223	3451	3554	3765	3804	3940	4017	4688	4770	4864	5151	5530	5792	5865	6094	6142	6350	6885	7043	7153	7439	7503	7718	8145	8374	8467	8690	8854	8930	8993	9114	9180	9300	10543	11071	11106	11640	12079	12302	12411	12457	12491	13008	13382	13460	13462	13674	13752	13773	13973	14204	14288	14454	14466
142	1.0	1306	8047	8919
143	1.0	564	713	6024	7198
144	1.0	2299	3095	6002	8555	9418	11880	13509
145	1.0	43	516	727	1528	1964	7920	13026	14519
146	1.0	2151	8309	14358
147	1.0	7808	9781	10422	13430
148	1.0	444	3842	7394	8742	13391
149	1.0	4204	8729	11395	14539
150	1.0	2572	3796	4310	4617	6863	7910	8469	9579	9714	11951
151	1.0	1116	7745	12167	13086	13968
152	1.0	1821	2074	8579	12820	12844	14136
153	1.0	1797	2727	3717	4980	5439	6150	8943	13394
154	1.0	242	1213	2254	2434	6053	9677	10025	13825
155	1.0	3274	3941	4656	5167
156	1.0	1058	1289	1545	2069	2170	5817	6711	10043
157	1.0	3511	3534	4175	4924	5483	7065	8067	8595	10115	10664	11164	11385	14554
158	1.0	6643	9511	11061	11206
159	1.0	173	437	670	1203	1994	2835	3158	3384	5847	8179	8482	8523	9196	10742	12331	13216
160	1.0	440	2072	5509	11637
161	1.0	599	854	5242	8440	10616
162	1.0	915	954	1022	1653	2022	2197	2260	2605	2622	2970	3440	4107	4269	4430	5697	5701	6354	6621	7345	7547	8270	8342	8418	8791	8873	9090	9225	9339	9539	9694	10339	10399	10513	10853	11371	11554	11897	12043	12185	12281	12561	13024	13151	13364	13521	13714	13723	13987	14279	14573
163	1.0	2179	3569	6018	6618
164	1.0	1858	2339	3053	3892	4566	5799	6075	12643
165	1.0	363	557	3508	3784	4161	4319	5013	5366	5642	8363	9391	10231	11247	11499	12108	13428
166	1.0	292	486	908	969	1995	2317	3213	3352	3895	3913	5004	5008	5067	5237	5259	6007	6431	6808	6816	7267	7340	7342	8138	10550	10675	11021	11215	11248	11471	11730	12328	12510	12887	12972	13372	13934	14055	14131
167	1.0	1666	6123	11572
168	1.0	396	2134	7442
169	1.0	1260	2671	2884	3864	4455	6147	8504	9993	10277	10635	12019	14673
170	1.0	4737	5891	7197	7633	8757	8875	9011	11419	11553	11630	11954	12739	13248	13897	14585
171	1.0	378	2168	2613	4300	4824	4899	4937	5504	5581	7327	8602	13277
172	1.0	493	688	2427	10772	12480	13485
173	1.0	951	4646	6849
174	1.0	6111	7736	11898
175	1.0	6574	7072	10189	10819	12532	14076	14137	14298
176	1.0	2524	13514	13889
177	1.0	876	2117	6644
178	1.0	2087	10531	11294
179	1.0	62	220	296	367	409	446	877	1005	1265	1335	1464	1551	1567	1741	1847	1929	2027	2195	2225	2500	2587	2776	2893	3153	3904	4092	4131	4318	4706	5126	5262	5432	5639	5665	5954	6182	6215	6230	6348	7062	7126	7798	8176	8193	8247	8369	8549	8634	8975	9119	9309	9403	9481	9944	10019	10446	10530	10668	10692	10789	10848	10897	10974	11310	11318	11539	11564	11590	12049	12098	12274	12401	12614	12901	13119	13218	13304	13535	14073	14383	14436	14544
180	1.0	3186	4360	7561	12265	12529
181	1.0	11607	13841	13952
182	1.0	1160	1285	3217	3514	3980	5077	6159	8242	9826	10372	11378	12500	12736	13297	13638	13904
183	1.0	2106	2114	2445	3894	5353	5959	10494	12783
184	1.0	800	7973	11066
185	1.0	994	1379	5622	6192	6771	7253	7323	7636	7802	10929	11969	12392	13079
186	1.0	30	110	165	353	504	634	717	819	964	975	1174	1282	1699	1708	1761	1921	2146	2866	2910	3059	3087	3122	3450	3481	3592	3713	3752	3829	4133	4154	4522	4756	5293	5589	5830	6165	6283	6352	6382	6550	6715	6978	7268	7609	7634	7768	7838	7893	7943	8156	8416	8454	8560	8574	8657	8949	9302	9569	9597	9629	9800	10022	10051	10270	10300	10386	10591	10657	10660	10916	11216	11350	11387	11425	11479	12077	12092	12361	12709	12733	12833	13037	13287	13313	13368	13682	13761	14150	14463
187	1.0	517	1200	1594	1796	1838	2139	3178	3320	3391	3522	4409	4955	5915	6118	6263	7307	7988	8496	9162	9250	9320	9847	9986	10787	11381	11985	12071	12439	12565	12965	13918	13941
188	1.0	770	807	1136	1862	2037	2239	2356	2608	2623	3343	3882	4111	5241	5264	5587	6307	6372	7188	7541	8013	9744	9905	9915	10066	10199	10424	10920	11541	11756	11908	12326	12463	12548	12755	12946	13273	14208	14531
189	1.0	563	2194	2800	7074	10568	11568
190	1.0	45	622	1632	4837	5966	6378	6970	7464	7487	10033
191	1.0	8148	11439	11648	12264	12827	12840	14290
192	1.0	735	1120	5914	8016	8594	8790	11832
193	1.0	2978	4048	7028	7166
194	1.0	334	3057	5563	11462	12125	14410
195	1.0	6196	6210	9032	9110	9496
196	1.0	5858	6446	6502	8633	11560	12429	12502
197	1.0	3556	9863	10711
198	1.0	4712	8116	13665
199	1.0	3467	4421	4734	8429	9122	9184	14640
200	1.0	3245	3764	4004	5772	9796	10704
201	1.0	1	424	700	722	818	865	1170	1531	1677	1722	1879	2124	2307	2730	2779	3304	3387	3651	3678	4008	4212	4281	4326	4340	5043	5223	5363	5613	5700	6092	6245	6331	6490	6598	6695	7398	7482	7589	7696	7931	8027	8110	8327	8892	8951	9277	9465	9625	10244	10278	10723	10751	10792	10806	11226	11255	11559	11996	12060	12955	13249	13501	13816	14582	14611	14655
202	1.0	550	665	1301	1520	1711	1887	2301	2668	3276	4081	4104	4429	4831	5412	5641	6853	7003	7638	8600	9618	10295	11124	11694	12567	12724	12746	12797	12801	13068	13289	13412
203	1.0	91	298	365	443	583	919	1329	1406	1539	1769	2073	2259	3037	3445	3658	3756	3867	4162	4750	4819	5053	5232	5405	5602	5765	5788	5957	6010	6398	6901	6933	7067	7538	7649	7713	8032	8189	8378	8396	8495	8502	9030	9077	9249	9369	9392	10064	10117	10417	10571	10677	11080	11422	11644	12119	12209	12448	12479	12883	12938	13358	13588	13731	13899	13902	14129	14145
204	1.0	1333	3063	3349	8358	10502
205	1.0	3695	10225	12134
206	1.0	6553	6940	9472	10780	13865
207	1.0	357	1744	7081	7957	10495	10971	11501	14267
208	1.0	374	750	1630	1697	1811	2616	2746	3013	3093	3266	3792	4940	5396	5656	6364	6860	8065	8340	9115	9655	9775	10208	10564	10639	11505	11653	11739	12399	12828	13194	14287	14402	14477
209	1.0	133	867	1216	2503	2815	2829	3002	3491	3776	4858	5875	6380	6544	6831	7035	7311	9478	10653	10795	11253	11822	12335	13370	13540
210	1.0	147	5403	6627
211	1.0	8217	8275	9654	13552
212	1.0	114	1162	1712	2155	3233	4557	5395	7664	8484	8683	8797	9492	10409	10823	11482	12187	12775	12917	13385	14300
213	1.0	4886	6707	7905	8818	11571
214	1.0	244	1621	2036	2252	4913	7347	7575	10579	11291	12431	12455	13935
215	1.0	2704	3368	7657	9927	9994	11777	11986	13142	14584
216	1.0	1118	1827	4602	9179	9718	9848	11586	12376	12533	12682	14246
217	1.0	2738	6776	8422	11552
218	1.0	2794	12320
219	1.0	40	1173	3409	3634	9168	12113
220	1.0	172	382	916	1000	1249	1305	1504	2365	2963	3145	3261	5003	5397	5620	5625	5931	6160	6430	6530	7223	7269	7360	7388	7412	8107	8487	9228	9293	9356	9613	10254	10997	11871	11927	12846	13093	13487	14460
221	1.0	532	594	9845	13506	13757
222	1.0	468	778	924	1077	3459	3945	5742	6134	6220	6774	7467
223	1.0	3655	12962	14051
224	1.0	167	326	429	755	1014	1063	1199	1568	1596	1755	1826	1942	2071	2546	2822	4002	4165	5476	6140	6158	6229	6527	6988	7143	7283	7494	8095	8124	8410	8629	8838	9007	9308	9442	9452	9596	10150	10183	10964	10994	11060	11126	11221	11321	11509	12003	12203	12330	12513	13078	13662	14219	14297	14471
225	1.0	8	580	584	614	1448	1967	2016	2172	2346	2375	2638	2657	2681	2796	2988	3094	3108	4022	4358	4369	4447	4582	4791	4860	5064	5088	5153	5454	5473	5494	5711	5818	6153	6223	6659	6718	6876	6946	7070	7354	7706	7715	7945	8194	8254	8423	8935	9014	9270	9274	9504	9519	9529	9554	9914	9948	10005	10039	10104	10207	10268	10298	10573	10649	10945	11067	11146	11361	11415	11513	11585	11740	11919	12306	12680	13155	13176	13240	13839	13855	13879	14104	14161	14326	14342	14483
226	1.0	419	478	656	1149	1560	1710	2092	2240	2873	3021	3237	3299	4494	4514	4921	5040	5099	5285	5595	5754	5849	6486	6957	7145	7436	7941	8253	8433	8637	9005	10069	10557	10725	11558	11857	12501	12590	13103	14143	14406
227	1.0	4413	8724	11854	12293	12655	14020	14574
228	1.0	6041	6061	10338
229	1.0	208	260	316	445	569	963	1338	1541	1565	1599	1609	1743	2362	2415	2662	2744	2862	3173	3263	4038	4238	4309	4359	4394	4663	4733	4822	5033	5222	5297	5990	6021	6046	6049	6170	6201	6385	6464	7031	7171	7272	7380	7486	7877	8201	8450	8778	8863	8891	8915	8917	8944	9100	9322	9383	9589	9803	9821	10110	10161	10596	10825	10835	10841	11194	11273	11358	11742	11783	11839	11876	11956	12001	12110	12252	12390	12585	12716	12914	13426	14237	14332	14355	14516
230	1.0	68	348	453	505	661	716	960	1131	1572	1709	1808	1874	2408	2536	3023	3030	3124	3280	3469	3598	3886	4042	4067	4215	4237	4391	4601	4821	4872	5962	6244	6251	6323	6325	6511	6572	6647	6809	6864	7073	7711	7781	7869	8068	8165	8508	8829	8997	9210	9251	9371	9507	9682	9737	9763	9904	10119	11826	12011	12254	12377	12389	12727	12979	13027	13029	13186	13456	13762	13939	14249	14481
231	1.0	46	1236	1274	1974	2112	2158	3209	3328	3707	6135	7858	7882	7996	8024	8031	8196	8221	10032	10753	10939	11077	11202	12847	13395	14033	14513
232	1.0	1171	1592	1671	2191	2450	2459	2555	2731	3404	4454	4505	5268	5357	5517	5575	5967	6241	6564	6807	6845	6942	8383	8513	9220	10351	10540	10586	11336	11368	11712	11899	12063	12066	12451	13113	13399	13502	13615	14103	14505	14639
233	1.0	2095	11157	11561
234	1.0	116	253	681	922	1434	1650	2208	2288	2410	2712	2936	2958	2997	3161	4401	4450	4698	5787	5919	5976	6459	6949	6996	7290	8228	8458	8506	8563	8712	8805	8859	9384	9850	9872	10319	11274	11520	11991	12093	12109	12357	12604	12620	12877	12986	13977	14520	14526
235	1.0	861	2544	3137	10885
236	1.0	3827	3884	9527	10414	12193	12676
237	1.0	744	1580	2103	3292	3492	3900	4489	7533	10252	11072	11232	13557
238	1.0	3512	4182	4464	7424	10304	11113	11195	12598
239	1.0	1009	1013	1444	4992	6164	7057	8807	11423
240	1.0	752	2010	2496	7870	8167	8901	12091	14281
241	1.0	79	371	1278	1456	1492	1853	1898	2025	2136	2550	2580	2581	2817	3376	3714	3807	3876	4090	4099	4404	4635	4705	4925	4934	4996	5333	5382	5658	5682	6081	6171	6264	6342	6363	6402	6837	6895	6928	6952	7064	7194	7379	7484	7590	7610	7888	8049	8248	8310	8426	8544	8671	8692	8857	9092	9381	9950	9978	10037	10166	10239	10258	10310	10387	10471	10966	11096	11149	11160	11228	11287	11309	11370	11547	11726	12315	12754	12767	12793	12994	13072	13130	13538	13601	13778	14416	14576	14604
242	1.0	456	483	5247	7015	7443	8617	11056	12545
243	1.0	129	567	1201	1806	2129	3005	3774	4010	4028	4170	4289	5175	6055	6610	7046	9076	12813	13448
244	1.0	485	1342	1629	1983	3314	3334	4055	4260	5120	6059	6222	7150	7249	7423	7836	8274	9969	10749	11397	11858	13643
245	1.0	492	650	2045	2553	6006	8108	8670	9385	11938	12177	13127	13451	13634	13933
246	1.0	58	337	2081	2130	5035	5434	6636	9853	11431
247	1.0	210	1665	3996	4674	5739	6803	10709	12095	12812	13974	14074
248	1.0	78	613	669	1473	1751	1836	2030	3132	3241	3395	3422	3463	4163	4539	4731	4841	5016	5582	5908	6062	6124	6258	6302	6318	6467	6580	6786	7314	7542	7625	7800	7848	8181	8547	8905	9108	9163	9307	9480	9517	9545	9936	10137	10455	11212	11443	11813	11975	12064	12342	13031	13044	13241	13431	13511	14147	14157	14373
249	1.0	3893	11713	14579
250	1.0	719	1500	1762	2263	3204	3443	3594	4140	4760	5759	6079	6131	6471	7485	7692	8255	8731	8963	9424	9426	9783	9842	10291	11506	11916	12566	13235	13257	13269	13386	14672
251	1.0	1347	3251	6429	12650	14565
252	1.0	7960	10357	14254
253	1.0	761	1982	3474	4305	5055	7454	9533	11114	12497	14370
254	1.0	4192	8346	8349	11183	13402
255	1.0	972	1266	1478	1781	2230	3495	4062	5068	5529	6487	7643	8038	8295	8311	8456	9052	10127	12164	12289	12636	12719	13315
256	1.0	2856	8833	12391	12654
257	1.0	105	822	1079	1670	2178	4117	4234	4363	5771	6271	9956	10420	10672
258	1.0	592	1268	4392	4751	5229	7408	8407	8988	10036	10214	10263	10599	10843	10989	12194	12246	12800
259	1.0	207	412	753	765	864	948	1354	1432	1438	1563	1931	2185	2214	2224	2386	3134	3188	3190	3281	3319	3341	3444	3549	3897	3917	4106	4843	5027	5687	5826	5935	6370	6373	6546	6720	6733	7200	7256	7413	7502	7641	8366	8642	8706	8707	8781	9000	9165	9329	9341	9379	9405	9608	9643	10105	10128	10320	10898	10991	11008	11115	11179	11632	11738	11966	12157	12196	12373	13028	13051	13339	13347	13390	13972	14085	14547
260	1.0	2166	3953	8132	8424
261	1.0	1153	1322	1562	1598	1763	1902	2570	2938	3578	4057	4374	4375	4406	4434	4569	4619	4661	4908	5105	5480	5493	5560	5624	5628	5778	6074	6498	6567	6752	6756	6921	7156	7526	7746	7944	8265	8500	8691	8837	8890	8928	9073	9202	9337	9580	9778	9942	10058	10358	10927	11277	11602	11733	11837	12072	12287	12747	13110	13156	13207	13356	13397	13518	13780	13830	14165
262	1.0	841	1288	1370	1452	1600	2349	2435	5265	5500	7685	8169	8277	8723	11110	11240	11717	12597	14240
263	1.0	853	3722	6800	7766	8772	9008	10369	10625	13815
264	1.0	460	1405	2324	3994	7274	8802	10049	12369	13901	14354
265	1.0	359	3028	4112	7229	8251	11936	13507
266	1.0	1314	2110	2700	5180	5531	5586	7178	7410	8897	9844	10986	14372
267	1.0	318	477	489	491	746	893	1093	1418	1552	1556	1633	1954	2177	2221	2370	2609	2787	2833	2847	3228	3242	3267	3683	3865	3901	4046	4546	4746	5192	5376	5785	6317	6451	6668	6900	7201	7350	7591	7608	7703	7998	8001	8025	8076	8220	8294	8666	8730	8967	9245	9484	9854	10078	10468	10544	10613	10702	10734	10890	11090	11276	11460	11463	11495	12046	12407	12576	12896	12940	12950	12969	13139	13343	13351	13539	13551	13560	13670	13799	14000	14093	14172	14552	14568
268	1.0	5716	11450	11649	13782
269	1.0	12711	12959	13165	13325
270	1.0	376	12050	13188
271	1.0	1987	4293	6353	7926	10074	13894
272	1.0	5506	6829	12745
273	1.0	1328	1396	5361	7896	10561
274	1.0	2491	7680	7907	8752	9953	11421	12690	13821
275	1.0	264	350	780	796	871	874	1081	1191	2262	2266	2269	2405	2421	2423	2475	3486	3529	4019	4183	4295	4759	5216	5385	5499	5512	5854	5965	6216	6478	6926	6950	7055	7499	8767	8785	8964	9006	9566	9759	9785	9982	9988	10024	10200	10317	10598	10786	10847	11013	11141	11173	11208	11794	11874	12135	12171	12476	12609	12779	13265	13377	13444	13447	13544	13637	13639	13800	13959	14004	14177	14260	14357	14620	14664
276	1.0	241	300	7592	9971	12040	13850
277	1.0	2578	5238	6238	8205
278	1.0	5941	7045	7744	8252	10904	14543
279	1.0	218	8175	13259	14433
280	1.0	4136	8816	10611	10794	12447
281	1.0	5468	5655	10235
282	1.0	2816	8050	11771
283	1.0	3654	12437	12673
284	1.0	1143	1690	3017	4473	4612	5125	6000	7122	7168	7723	8696	9045	9777	10247	10654	10976	13562	13705
285	1.0	1350	1646	3995	4311	6207	7603	9148	10778	11210	11551	11867	14017
286	1.0	450	631	2190	5392	7056	7621	8203	8856	10645	10851	12657
287	1.0	10558	12786	14556
288	1.0	96	122	370	724	837	942	991	1080	1142	1209	1768	2164	2541	2717	2898	2933	3075	3117	3146	3235	3482	3485	3515	3755	3929	3989	4241	4304	4564	4620	4766	4823	4883	5248	5578	5806	5835	6082	6310	6484	6784	6828	6857	7013	7092	7139	7476	7521	7760	7845	8051	8419	8536	8620	8756	9345	9479	9587	9804	9981	10103	10178	10186	10356	10426	10758	10902	11136	11326	11522	11865	11903	11917	12038	12173	12176	12198	12613	12715	12810	12889	12907	13374	13683	13693	13759	13766	13922	14215	14331
289	1.0	12	729	762	777	1074	1263	1286	1569	1775	1832	2169	2602	2654	2807	3347	3475	3643	3661	3664	3951	3983	4084	4194	4736	5070	5546	5944	6456	6589	6683	7278	7279	7529	8136	8139	8283	8521	8647	8703	9027	9557	9583	9605	9712	10249	10306	11697	11723	11974	12757	12966	13717	13725	13764	14511	14517	14603
290	1.0	163	804	2869	2982	3472	6292	6469	6623	7027	9272	13357	13626	14197
291	1.0	1779	2049	7918	8257	9134	11391
292	1.0	3315	3990	6519	12624
293	1.0	2198	3480	7337	8463	11670
294	1.0	21	246	783	9798	13328
295	1.0	1669	2974	7654	11923	13410
296	1.0	5084	5627	10667
297	1.0	5747	7089	9534	12829
298	1.0	75	938	2929
299	1.0	1790	8214	8855	9265	13012	13496
300	1.0	881	1247	2598	3318	3429	4252	4462	5213	5902	6281	6441	6661	6749	6968	7008	7137	7190	7448	7543	7569	7834	8320	8399	8558	10560	10760	10824	10938	11073	11268	11612	11799	12866	13651	14499	14653
301	1.0	1803	3069	4385	6565	8542	8762	9732	11331	11732
302	1.0	1008	1704	2332	2523	2809	4093	4095	5336	5876	5992	6457	7050	7490	7545	7601	7796	8448	8538	9058	9292	9336	9482	9885	10031	10160	10188	10195	10484	10605	10744	10850	10863	10995	11774	12126	12951	13579	13926	14333
303	1.0	1110	9377	10368
304	1.0	950	4695	4956	5786	6605	12370
305	1.0	333	866	962	1654	1856	2782	2939	3340	3680	3720	4286	4389	4526	4583	4781	6028	6213	6274	6630	6658	6886	7895	8113	8260	9333	9445	9611	9909	10690	11176	12073	12103	12414	12421	12588	12968	13281	13697	14077	14401	14469
306	1.0	9158	9483	11619	13045	13711	14280
307	1.0	77	261	3724	5593	9111	9716	10100	11957	13741
308	1.0	918	1364	3431	3615	3738	5315	6014	8262	9881	9974	10427	12741
309	1.0	4531	5362	7789	10713
310	1.0	351	471	632	687	782	891	902	1088	1161	1393	1465	1672	1685	1814	1911	2615	2788	2914	2977	3503	3587	3644	3986	4490	4887	4915	5421	5455	5761	5770	5834	6537	6673	6723	6832	6848	6955	8321	8376	8842	8849	8898	9059	9142	9401	9408	9568	9774	10631	11174	11525	11658	11707	11765	11788	11902	12310	12449	12949	13214	13489	13631	14154	14264
311	1.0	369	562	712	892	946	1575	1850	3015	3619	3968	4341	4361	4411	5010	5081	5868	6395	6436	6507	6602	7006	7135	7142	7344	7663	8328	8789	8828	9390	9991	10112	10418	12481	12494	13375	13921	14126	14198	14285	14537
312	1.0	701	1119	1496	5137	6443	7390	11257	11892	14301
313	1.0	93	1784	2552	10936	10990	11373
314	1.0	3665	5532	5762	8687	9132	9177
315	1.0	607	1399	1780	2841	3607	12101	13172
316	1.0	5091	9576	11038
317	1.0	6	61	71	131	907	1184	1240	1747	1828	2645	2842	2863	2962	3154	3277	3305	3537	3768	3780	4109	4257	4682	4917	4946	5050	5131	5250	5394	5648	5893	6217	6218	6277	6284	6482	6540	6743	7004	7090	7091	7392	7425	7686	7797	7862	8391	8413	8430	8453	8455	8505	8689	8815	8847	8870	9260	9395	9423	9450	9524	9814	9829	10085	10095	10106	10479	10524	10608	10622	10637	10739	10876	10965	10988	11016	11039	11341	11424	11472	11737	11928	12048	12165	12278	12530	12772	12859	13132	13181	13446	13892	14393	14541	14615
318	1.0	2511	2711	4121	4626	4906	6040	7508	8043	11353	12398	13949
319	1.0	847	1302	1426	1576	1715	2314	2741	2968	3166	4082	5220	6690	6794	6798	7262	7884	7899	8244	8717	9048	12944	13389	13836	14097	14278	14491
320	1.0	25	54	1099	1522	1963	2161	2436	2630	2643	2733	2957	3011	3182	3434	4504	4648	5400	6001	6100	6190	6520	6569	6584	6641	6710	7433	7493	7501	7850	8541	8668	9175	9291	9875	10267	10921	11835	12258	12296	12663	12799	12899	12993	14338	14367	14671
321	1.0	4274	4312	7187	11556
322	1.0	379	538	552	824	825	945	1163	1369	1491	1679	1819	1837	2076	2625	2789	3018	3148	3390	3758	3879	4015	4040	4297	4458	4799	4844	5023	5066	5186	5287	5459	5738	5895	6337	6376	6391	6448	6603	6622	6766	6896	6993	7034	7305	7507	7586	7672	8066	8227	8368	8991	9372	9582	10057	10076	10097	10324	10384	10661	10745	11128	11436	11474	11480	11496	11636	11729	12017	12028	12087	12295	12316	12538	12627	12660	12818	13088	13253	13488	13876	14307	14384	14420	14656
323	1.0	49	385	638	678	692	698	1241	1472	1557	1863	1934	2053	2173	2283	2412	2747	2764	3045	3473	3540	4224	4348	4352	4512	4577	4615	4888	4983	5045	5097	5426	5661	6209	6728	6934	7007	7021	7216	7228	7816	7914	8421	8528	8644	8980	9282	9407	9647	9669	9925	9955	10328	10554	10818	10870	10873	11112	11263	11337	11516	11643	11721	12084	12155	12172	12279	12362	12400	12528	13580	13677	13976	14202	14423	14567	14663
324	1.0	238	512	832	846	987	1258	1746	2102	2364	2465	2629	2670	2854	3814	3916	4026	4047	4059	4299	4935	5029	5342	5855	6362	6435	6989	7980	8218	8339	8728	9352	10405	11054	11346	11486	11796	11935	12026	12208	12454	12573	12637	12798	14296	14302	14394	14500	14588
325	1.0	393	408	808	921	2653	3064	5227	5290	6835	8704	10088	11121	11348	12263	12521	12750	13276	13338	13642
326	1.0	1773	1993	7876	8146	12115
327	1.0	640	1271	1507	1526	1536	2090	2380	2633	2872	3205	3246	3323	4074	4221	4618	4721	4977	5314	5691	5712	6521	7127	7417	7536	7755	7965	8187	8266	8656	8945	9447	9960	10155	10164	10243	10503	11229	11414	11955	11983	12498	12537	12732	13122	13592	13646	13875	13983	14347	14360
328	1.0	10724	13263
329	1.0	3599	3735	5281	6670	8084	8210	12022	13208	13845
330	1.0	2697	5927	6617	11844
331	1.0	968	12603	13175
332	1.0	973	9135
333	1.0	2026	7039	8811
334	1.0	1549	1848	2368	4911	5028
335	1.0	3870	4643	4836	5710	7631	9653	11085	11743	12713	13406	14067
336	1.0	33	212	301	526	743	986	1479	1573	1859	1906	2038	2041	2320	2472	2628	2691	2843	3040	3147	3836	4043	4068	4123	4232	4640	4813	5208	5345	5743	5963	6072	6387	6428	6475	6880	6937	7879	8437	8489	8641	8708	8799	9072	9133	9476	9532	9592	9600	9858	10004	10255	10514	10666	10678	10836	10877	10895	10952	11468	11535	11770	11778	11816	12086	12214	12291	12516	12931	13047	13191	13210	13461	13746	14130	14166	14434	14522	14627
337	1.0	1135	2601	2786	3101	3254	4527	5133	7628	9730	10053	10894	11759
338	1.0	187	821	827	1033	1985	3284	3504	3761	4016	4125	4150	4263	4265	5583	5735	8385	8406	9123	9218	10238	10259	11400	11544	12628	13335	13363	13843	14316
339	1.0	792	3822	3965	7818	7970	9096	14390	14480
340	1.0	2058	2885	10109
341	1.0	662	702	1028	2528	3426	4160	4240	4346	5284	6098	6394	8239	8678	8779	9019	9240	10082	11488	13217
342	1.0	495	4457	7147	8682	9130	9137	9900	11357	11992
343	1.0	470	10220	13689
344	1.0	85	267	588	801	1555	2574	2685	3567	4606	4725	5056	6267	6917	7097	8225	13491	14508	14592
345	1.0	596	835	1435	2251	2535	2812	4373	5322	6286	6675	7029	7616	7978	8171	8457	8543	8621	8746	8865	8995	10003	10581	11762	12221	12493	12506	12607	13017	13082	13161	13275	13600	13861	13978	14108
346	1.0	223	263	484	531	957	1976	3155	3539	3702	3911	3948	4012	4926	5102	5114	5204	5660	6112	6248	6529	6696	6953	7115	7286	7299	7372	7428	7748	8028	8509	8614	9236	9398	9767	9865	10528	11009	11015	11354	11599	11645	12014	12114	12122	12224	12341	12580	12832	12841	12851	13016	13309	13379	13995	14008	14149	14193	14194	14359
347	1.0	143	1168	1391	2044	2906	3258	3377	3550	4190	4660	5134	5206	5235	5812	6234	7261	7263	7868	9071	9491	9696	9719	9973	10553	11108	11311	11327	11882	12106	12207	13479
348	1.0	1475	9531	10679
349	1.0	1612	7578	8382	9488	10869	12852
350	1.0	5	24	181	205	332	643	814	965	1416	1546	1581	1810	2289	2432	2551	2665	3022	3185	3548	3750	4357	4366	4918	4979	5311	5393	5592	5597	5646	5821	6095	7276	7371	7581	7597	7855	7889	8029	8697	9332	9397	9547	9648	9908	9938	10028	10130	10143	10623	11118	11180	11344	11375	11384	11456	11693	11814	12065	12267	12347	12482	12884	13728	13967	13988	14445
351	1.0	2104	4981	5082	6154	8556	11278	11757
352	1.0	2599	5707	6409	8330	8485	9895	10216	13464	14339	14422	14590
353	1.0	4080	4197	4713	5161	6911	6963	7037	9896	11105	13499	14397
354	1.0	3139	4478	4662	5117	5884	8089	9738	11812	11915	13234	14335
355	1.0	3168	7123	11068	13222
356	1.0	5831	10404	10750
357	1.0	268	2413	2737	2913	3136	3222	3687	3691	3803	3903	4900	5152	5273	5298	7087	7250	7595	7949	9241	11576	11678	12235	12395	13096	13227
358	1.0	1254	4091	5108	7395	12186	13260	13947
359	1.0	933	1482	1559	4493	6093	6420	6907	7270	8071	8658	9026	12527	12752	12771	14291
360	1.0	186	1975	6787	7483	7809	8147	8782	11860	14276
361	1.0	554	982	2000	2079	2542	2840	3532	3566	4768	6322	6783	8618	8760	11622	13292
362	1.0	2086	2205	4588	4793	5608	6445	7293	9439	11139	12300	14231
363	1.0	80	2384	4634	5286	6416	14428
364	1.0	981	5226	5368	10343
365	1.0	399	870	2360	2521	2558	4127	4180	4968	5458	6893	7052	7659	7695	8162	8587	8648	8844	9213	12303	12363	12975	13736	14284	14596
366	1.0	1498	7747	13150	13869
367	1.0	1453	2220	2424	3826	4145	4378	5127	6011	7040	7790	7993	9501	9789	10349	10688	10781	10821	11515	11663	11824	12181	12504	12836	13215	13549	13563	14263
368	1.0	956	1889	2210	3403	4645	4939	5083	9824	11594	12180	12364	12845	13146	13555	13625	14243	14369
369	1.0	15	72	936	1126	1237	1344	3530	4982	5666	5973	6761	7026	7856	8085	8404	8933	9233	9980	10619	12435	12870	13616	13664
370	1.0	146	248	1686	2231	2501	2942	3871	3896	4963	5276	5346	5577	5616	6137	6513	6833	7159	7255	7705	8303	8592	8841	8976	9113	9386	10839	11153	11289	11332	11401	11828	11887	12821	13018	13308	14159	14435
371	1.0	1415	3757	5947	6548	6920	10810	12189
372	1.0	98	149	747	1656	1867	1872	1997	2247	2641	3189	3415	4156	4604	4801	5325	5630	6298	6479	6541	6646	6650	6671	6682	6719	6862	7237	7333	7514	7605	7728	7833	8238	8292	8694	9185	10402	10762	11000	11227	11491	11921	11973	13035	13123	13913	14146	14461	14532
373	1.0	811	2400	8486
374	1.0	8364	12632	14039
375	1.0	652	708	748	1067	1087	1388	1992	2006	2246	2293	2385	2591	2846	2882	3016	3099	3361	3407	3519	3628	3635	4327	5306	5310	5489	5975	6026	6293	6421	6440	6637	7246	7774	8054	8271	8338	8377	8428	8443	8447	8649	8940	9082	9284	9711	9868	10120	10394	10464	10575	10638	11022	11143	11144	11303	11317	11918	12696	13820	13909	13992	14169	14551
376	1.0	195	200	392	397	401	426	458	476	509	705	740	937	1097	1183	1326	1904	2327	2398	2749	2880	3210	3423	3856	3861	3939	4388	4532	4534	4728	4832	5020	5145	5189	5291	5457	5558	5789	5820	5925	6048	6198	6227	6554	6701	7163	7332	7679	7827	7842	8211	8700	8823	9001	9297	9298	9305	9373	9425	9548	9772	10168	10176	10448	10632	10665	10998	11476	11579	11856	11888	11933	12162	12402	12413	12450	12518	12700	12720	12785	13033	13237	13244	13373	13420	13455	13513	13567	13578	13691	13851	14127	14141	14187
377	1.0	3027	4596	5736	10809	12977
378	1.0	2229	4966	7724	8766	14536
379	1.0	7121	9146	14066
380	1.0	1114	3457	3766	4167	4376	4441	4562	5440	8529	8626	8798	8904	9145	10217	10878	11028	11597	12097	12168	12440	12467	12563	13688	14203	14210	14381	14621	14669
381	1.0	29	215	884	895	993	1195	2280	2411	2433	2507	3091	3559	3704	3970	4216	4292	4333	5095	5194	6523	7120	7235	7617	7763	8987	9314	10087	10089	10285	10648	11078	11282	11641	12145	12464	12753	12985	14668
382	1.0	2149	11402	13812
383	1.0	103	137	202	490	997	1036	1231	1298	1535	1804	1805	2278	2393	2526	2772	3418	3470	3488	3528	3553	3589	3609	3811	3823	4114	4209	4547	5295	5420	5861	6107	6422	6573	6595	6703	7782	7915	8490	8604	8776	9041	9104	9127	9319	9355	9509	9650	9676	9972	10146	10450	10663	10716	10930	11217	11224	11426	11514	11526	11536	11667	11766	11901	12523	12644	12921	13101	13135	13301	13864	13943	13965	14105	14572
384	1.0	3905	4146	5836	6261	7991	10014	10687	12004
385	1.0	462	3542	6656	10196	13434	13898	14304
386	1.0	1024	1833	3253	5140	6473	9085	10497	10576	11306	12233	13202	13525	13896	14071
387	1.0	170	254	257	346	760	1039	1297	2002	2014	2118	2135	2243	2593	2852	3184	3200	3327	3449	3538	3543	3872	4461	4747	4999	5338	5441	5450	5541	5723	5970	5981	6088	6101	6130	6455	6684	7023	7128	7528	7560	7593	7764	8126	8160	8212	8336	8749	9256	9619	9666	9951	9989	10060	10125	10173	10232	10344	10390	10728	11203	11555	11660	11930	12085	12102	12259	12403	12469	12474	12708	12888	12911	13129	13481	13524	13644	13675	13790	14036	14623	14636
388	1.0	1493	2604	5767	8524	11205	13365	13620	13881	14566
389	1.0	1056	2207	2805	6219	7676	8083	8400	11285	11314	11817	12195	14470
390	1.0	51	67	520	682	1913	2160	2719	2973	3119	3282	3786	4124	4181	4253	4529	5270	5292	5600	5850	6205	6296	6349	6731	7219	7660	8313	8329	8747	8754	8824	8908	9086	9087	9231	9551	10620	11432	11627	12107	13145	13316	13575	13629	13750	13906	14011	14023	14043
391	1.0	2357	2462	3024	3234	4141	5326	5860	6379	6624	6947	7242	8240	8535	9262	9370	10432	14259
392	1.0	598	742	1121	1888	2012	2182	2636	2673	2808	3269	5640	5709	6188	7154	10061	10412	10461	11082	11133	11154	11369	11399	11909	13340	13558	13565	13704	14068	14238	14421	14675
393	1.0	3562	4423	6249
394	1.0	404	498	625	1102	1343	1518	1624	1717	2176	2403	3176	3227	3668	3931	4023	4271	4538	4649	4740	4893	4914	5344	5596	5703	6327	6534	6717	6753	6877	6884	7001	7244	7450	7612	7908	7912	8019	8030	8100	8375	8520	8573	8698	8784	9227	9279	9389	9639	9746	9831	10341	10431	10491	10493	10910	11473	11583	11999	12192	12237	12260	12280	12669	12778	13198	13320	13348	13369	13568	13960	13980	14376	14457	14462
395	1.0	9634	11435	11834	12184
396	1.0	230	269	1382	2825	4492	11944	12227
397	1.0	561	875	890	1100	1420	1476	1766	2040	2513	2695	3047	3412	4859	5183	5188	5280	5827	6042	6212	6351	6612	6692	6858	6929	7341	7743	7916	7939	8655	8734	9186	9278	9962	10296	10442	10566	10607	11734	12266	12386	14371	14398
398	1.0	2	932	1273	1321	1349	1424	1505	1558	1745	2171	2490	2901	2972	3103	3109	3296	3719	4435	4497	4624	5466	5474	5521	5621	5930	6254	6383	6842	7551	8005	8575	8627	8974	9417	9574	9920	10213	10237	10439	10670	11027	11524	11654	12090	12428	12470	12602	12919	13230	13621	13668	14069	14283	14289	14606
399	1.0	1223	11652	13209
400	1.0	654	1945	3496	4436	9438	10233	11950
401	1.0	10	90	293	806	899	998	1003	1164	1287	2125	2145	2154	2193	2286	2335	2927	3066	3076	3487	3697	3841	3881	3918	3960	4272	4524	4533	4603	4709	4905	5211	5398	5408	5495	5737	5815	5857	5867	5873	6045	6301	6304	6778	7104	7434	7440	7690	8074	8149	8268	8371	8710	8719	9301	9335	9380	9437	9742	9819	9890	10017	10433	10526	10811	10859	11169	11197	11207	11261	11301	11351	11789	12034	12299	12443	12835	12881	13166	13416	13476	13480	13484	13519	13667	13824	13911	13917	13957	14115	14545
402	1.0	525	1084	1334	1619	3014	3682	4744	5678	6179	9823	10932	12737	12794	13120	13786	13924
403	1.0	1090	1104	1939	2180	2709	3131	3547	3551	3961	4495	5329	5490	5591	6396	7076	7281	7821	7880	8397	8831	9189	9440	9745	10203	10837	11666	12218	13073	13232	13534
404	1.0	5870	7668	8475	12909
405	1.0	455	1073	1175	1214	2344	2429	2568	2678	3198	3221	3324	3667	4006	4334	4803	4835	5518	5760	5816	6031	6855	7082	7177	7735	7928	8352	8735	8737	8889	8925	9552	9899	10492	10597	11042	11213	11293	11623	11695	11764	12219	12601	13000	13192	13327	14227	14399	14542
406	1.0	240	12861	14634
407	1.0	151	999	1320	1346	2489	2969	3159	3420	3588	4335	4414	4439	4466	4509	4748	5165	5234	5603	6289	6795	6882	7318	7565	9593	9707	9760	10009	10198	10248	10283	12151	13421	13594	13765	14322
408	1.0	1822	13195	14632
409	1.0	1445	2740	2904	4854	9436	11735	11859	14346
410	1.0	118	126	280	519	851	880	995	1190	1309	1488	2426	2637	2639	2642	3351	4353	4460	4591	4787	5052	5132	5182	5379	5549	5636	6144	6279	6423	6538	6709	6817	6980	7068	7386	7504	7754	8053	8188	8357	8571	8962	9490	9880	9985	10287	10308	10647	10849	10948	10955	11297	11688	11895	11980	12178	12182	12255	12704	12824	13197	13203	13692	13760	13863	14174
411	1.0	929	1330	2917	3462	3552	3834	4724	5370	5988	6397	10276	11704	12056
412	1.0	2986	9797	11342
413	1.0	1275	1336	1949	2378	6525	12244	13828
414	1.0	69	630	1935	2377	3506	3657	3885	4051	4467	4476	5801	5979	6369	6576	7940	8359	9671	9975	10318	10398	10957	11681	11886	12121	12292	13508
415	1.0	349	1824	1891	1986	3298	5753	9641	10132	11751	12954
416	1.0	286	319	366	642	1248	1269	1394	1466	2282	2308	2444	2848	2860	3715	4398	4555	4795	5340	5478	6191	6344	6986	7077	7080	7510	7644	7652	7733	7913	8232	8882	9704	10224	10282	10563	10650	11109	11132	11167	11252	11533	11699	11754	11939	11997	12272	12452	12679	12916	13756	13868	14007	14082	14191
417	1.0	95	243	602	1785	2306	2394	3396	3523	4285	4652	5880	6239	6278	6309	7095	7563	7741	7854	7977	8174	8783	9966	10118	10594	11011	11676	11931	12124	12197	12438	12599	13022	13140	13312	13504	13701
418	1.0	150	184	1750	2157	2211	2573	3171	3226	4516	4530	4788	5842	5949	6361	6562	7361	8591	10272	10520	10968	11329	11661	11703	12574	13713	14018	14106	14221
419	1.0	653	2070	3582	5601	6665	7403	8014	8058	9295	9462	9703	9776	9893	11508	12035	12564	13256	13962
420	1.0	4884	5359	7511	10072	10111	10585	10996	11266
421	1.0	1304	1823	2111	2902	3067	3143	3438	3572	4715	5428	6146	6343	7346	8895	9801	11577	13354	14044
422	1.0	3838	4343	5410	5513	6588	7291	7823	10462	11546	11574	12366	14223	14226
423	1.0	120	312	400	405	411	530	547	696	1139	1316	1514	1962	2390	2510	2579	2635	2720	2954	3020	3096	3285	3430	3801	4134	4559	4585	4757	4761	4771	4873	5155	5327	5487	5662	5720	5775	6047	6412	6425	6608	6631	6737	6904	6994	7348	7753	7983	8345	8414	8451	8577	9063	9166	9259	9769	9833	9877	10062	10316	10473	10817	11147	11540	12149	12159	12250	12490	12511	12823	12963	13439	13526	13570	13802	13880	14171	14175	14277	14364	14597	14631
424	1.0	130	273	820	934	1579	1584	1607	1620	2047	2315	2868	2928	3301	3709	3788	3833	3839	4518	4589	4755	5272	5312	5544	5732	5929	6084	6583	6704	6750	7182	7207	7420	7512	7557	7599	7825	8018	8087	8172	9128	9500	9515	9615	9632	9735	10365	10604	11003	11104	11165	11234	11490	11549	11570	11611	11710	12068	12078	12419	12707	12862	13797	13867	13953	13971	14046	14060	14189	14212	14230	14257	14318	14407	14629
425	1.0	338	482	980	1060	1397	2619	2886	3489	3490	3621	3728	4268	4291	4407	5172	5174	5387	5451	5702	6543	6672	6999	7161	7170	7518	7564	8415	8564	8909	9254	10215	10567	10615	10767	12212	12353	12460	12542	12582	12625	13052	13221	13721	14072	14452
426	1.0	3779	8040	8425	9752	13789
427	1.0	2388	3672	3793	7093	9347
428	1.0	277	358	898	1663	1800	1880	2233	2548	2650	3248	4670	5184	6997	8229	8394	9209	9406	10250	10569	11686	11962	13772
429	1.0	9084	9627	10775
430	1.0	4997	7762	9792	10113
431	1.0	917	2096	2883	3029	3424	3605	3921	4195	4262	4345	4689	4703	4745	4866	5212	5236	8548	9327	11308	11325	11948	12423	13004	13624	13895
432	1.0	500	704	741	764	1007	1341	1571	1623	1684	1839	2078	2250	2409	2473	2474	2892	3035	3039	3560	3564	3570	3808	4142	4174	4568	5561	6235	6500	6558	6767	7306	7325	7515	7688	7773	8008	8609	8751	9194	10124	10269	10626	11511	11528	11853	12069	12199	12324	12442	12507	13158	13587	13783	13997	13999	14021	14092	14144	14234	14578	14625
433	1.0	939	9607	11720	12928
434	1.0	175	262	322	615	621	795	970	1115	1147	1151	1185	1280	1324	1597	1628	1661	1701	1894	2343	2363	2422	2464	2964	3079	3105	3183	3382	3544	3677	3731	3734	3760	3824	4355	4543	4642	4681	4929	4970	4995	5059	5443	5463	5783	6242	6355	6390	6660	6744	6840	6850	6899	7238	7329	7669	7968	7981	8041	8466	8659	9044	9415	9626	9827	9883	9911	10123	10193	10527	10743	10773	10822	10918	11065	11434	11604	12055	12089	12230	12906	13106	13270	13388	13710	13877	13931	14432	14478	14484	14562
435	1.0	76	377	416	463	649	1323	1384	2032	2382	2752	2874	3192	3321	3374	4025	4172	4453	4972	5267	5838	5939	6454	7234	7352	7540	7650	9107	9183	9275	9362	9412	9747	10096	11030	11129	11352	11891	12099	12288	12412	12902	12957	12989	13763	14320	14365	14643
436	1.0	1017	1403	1720	1752	1864	2674	2726	3089	3401	3446	3777	4225	4607	4654	4862	5249	6199	6419	6509	7382	7399	7615	7962	8810	8843	8883	9103	9243	9414	9446	9520	9840	9888	9941	10056	10303	10718	10793	10999	11086	11188	11290	11403	11782	11838	11967	12076	12698	13272	13472	13586	13873	14080	14247	14334	14368	14518
437	1.0	553	574	1239	1868	2369	3127	3330	3442	3447	4545	5496	5515	5851	6316	6677	6806	7192	8570	8693	9091	9572	9620	10071	10139	10505	11148	11728	11831	12577	12784	13023	13039	13220	13367	13445	13610	14363	14622
438	1.0	609	734	889	1157	1207	1270	1318	1351	1359	1395	1611	1678	1770	1802	3043	3170	3465	3533	3617	3706	4101	4153	4211	4239	4364	4554	4752	4776	4922	5079	5257	5296	5688	5853	6275	6626	7036	7316	7475	8104	8445	8598	8625	8965	9358	9622	9825	10182	10371	10380	10730	11521	11557	11965	12251	12586	12615	12666	12843	12886	12937	13252	13754	13792	13814	14178	14337	14447	14563	14614
439	1.0	398	465	660	1133	1310	1352	1404	1419	1753	2108	2457	2540	2656	2932	3051	3116	3191	3419	3563	3705	4191	4368	4718	4753	4785	5061	5224	5233	5377	5650	6033	6099	6468	6470	6526	6821	6856	7138	7162	7191	7297	7429	7455	7479	7531	7689	7952	8226	8230	8472	8530	8681	8738	8972	9010	9029	9039	9363	9750	9761	9957	10184	10187	10284	10429	10655	11088	11091	11281	12008	12047	12067	12229	12512	12550	12697	12718	12853	12867	12964	13087	13271	13440	13581	13791	13852	13925	14232	14404
440	1.0	27	65	418	2202	2769	3723	3874	4116	4199	4362	4431	4723	6923	8092	8093	8105	8302	8534	8702	8871	8934	9159	10379	10413	10969	11392	11566	13213	13842	14088	14151	14441
441	1.0	360	3259	3289	3398	6012	7933	8088	9901	10151	10523	11052	11363	12082	12188	12406
442	1.0	4443	7225	7330	9015	13228
443	1.0	686	756	2455	3468	4278	5733	5794	5899	6297	6477	8133	8157	9049	9603
444	1.0	330	718	1969	2476	2538	3019	3346	3616	5693	5907	7678	7953	8039	8075	10209	12579
445	1.0	989	1510	2596	4971	5793	12000
446	1.0	266	304	1158	1218	1256	2228	2529	5520	6951	9495	12002
447	1.0	203	434	769	788	798	1105	1215	1439	1548	1640	1748	2204	2219	2358	2562	2777	2955	2966	3048	3163	3180	3411	3974	3978	4328	4580	4850	5019	5111	5166	5205	5246	5424	5562	5590	5714	5758	5881	6029	6070	6187	6221	6881	6894	6914	6956	7164	7683	7811	8137	8325	8959	9069	9070	9223	9255	9276	10098	10197	10234	10348	10454	10951	11198	11312	11587	11994	12486	12556	12606	12692	12712	13468	13640	13655	13671	13834	13966	14113	14361	14509	14658
448	1.0	420	1018	3417	4469	5556	6132	9068	9367	9687	10334	10500	10861	11265	12626	12998	13095	13413
449	1.0	720	785	802	1463	1694	1843	1910	2379	2392	2576	2947	3001	3107	3140	3208	3337	3464	3875	4315	4650	4842	4978	5339	5369	5524	5921	6174	6746	7813	8315	8420	8643	8667	8894	8941	9053	9469	9646	9917	10054	10091	10156	10253	10274	10411	10465	10953	11465	11675	11781	11941	12118	12205	12349	12662	12857	13112	13469	13803	14391	14465
450	1.0	766	1881	2522	3201	3338	5168	5201	5889	6311	6772	7059	8814	8872	9898	10683	10905
451	1.0	239	276	577	979	1122	1262	1714	1878	1971	1978	2029	2488	2499	2950	4044	4157	4233	4506	4902	4942	5289	5651	6476	6508	6514	7407	7430	8503	8769	9164	9963	11130	11430	11466	11584	11617	12408	12923	13371	13553	13661	13732	13958	14164	14496	14641
452	1.0	1365	3164	4336	5498	6052	6517	7315	9570	12674	14665
453	1.0	55	737	1002	1016	1487	1502	1517	1791	2133	2295	2396	2515	2821	2921	3509	3825	4000	4277	5142	5177	5548	6366	6990	7709	8134	8539	8645	8660	8970	9021	9448	9468	9614	10475	10583	10588	10659	10886	11150	11494	11755	12849	13229	13536	13774	13831	14053
454	1.0	2331	4053	4496	5139	13092
455	1.0	287	341	508	679	1054	1089	1132	1547	2271	2329	2404	2447	2618	2632	2703	2916	3366	3483	3977	4475	4600	4632	4876	5015	5317	5381	5667	5750	6016	6867	7401	7635	8061	9258	9263	9375	9806	10018	10067	10084	10542	10633	11035	11233	11382	11449	11489	11503	11592	11647	11702	11932	12133	12226	12283	12765	12768	12876	13019	13171	13204	13262	13627	13742	13903	14019	14063	14617
456	1.0	6846	9523	9859	9945
457	1.0	1538	1655	5540	5692	9839	9949	12740
458	1.0	4	14	53	111	1965	2181	2585	2961	3649	3684	4030	4817	4892	5047	5251	5384	5447	5460	5535	5725	5886	6438	6561	6991	7260	7469	7979	8035	8168	8468	8780	9366	9563	10400	11117	11218	11356	11567	11625	12007	12015	12032	12054	12874	12904	12935	12958	13632	14025	14170	14181	14268	14577
459	1.0	36	578	1057	1554	1725	1831	1844	2367	2844	3331	3375	4405	4481	4941	6076	6407	6415	6450	6539	7071	7289	7384	7911	7946	8009	8022	8129	8197	8596	8680	9055	9221	9822	10931	11262	11705	12200	13251	13474	13533	13733	13886	13887	13945	14012	14125	14580
460	1.0	823	1401	2391	5958	9198	9324	10570	11483
461	1.0	182	314	672	1441	1462	1676	2075	2603	2736	2784	2900	3406	4138	4169	4306	5324	6162	6257	6549	6600	7134	7427	7566	8023	8128	8199	8317	8324	8566	8836	9239	9349	9631	9722	10547	10548	10684	11070	11691	12169	13224	13231	13755	14058	14674
462	1.0	211	1909	2046	2767	3230	3525	4587	4930	7375	7571	9396	9513	10472	11396	12061	12268
463	1.0	347	11582
464	1.0	234	390	1098	1959	2183	2516	2575	2813	3072	3356	3359	4189	4208	4765	5162	5681	5883	6083	6314	6347	6591	6592	7419	7457	7881	7900	7956	8348	8559	8650	8954	9167	9226	9526	10101	10545	10689	10729	10854	11715	11797	11815	11946	13141	13982	14116	14648
465	1.0	19	140	217	251	284	313	336	541	685	855	961	1920	2330	2458	2820	2945	2989	3322	3393	3571	4290	4521	4684	4693	4730	5305	5328	5364	5399	5448	6034	6320	6705	6812	6959	7005	7525	7606	7853	7873	7971	7972	8195	8285	8531	8753	8914	9281	9315	9470	9471	10273	10408	11043	11256	11376	11467	11601	11642	11785	11937	12042	12338	12570	12735	12932	12941	13091	13268	13433	13473	13744	13866	14001	14248
466	1.0	112	536	546	1150	1595	1706	2539	2894	2993	2996	3439	3510	3671	3737	4027	4415	4502	4574	4629	4857	5046	5073	5511	5676	6017	6259	6365	7381	7708	7820	7837	7921	8663	8866	9521	9762	10000	10121	10546	10735	10831	10958	11093	11339	11372	11802	11904	12249	13040	13108	13170	13556	13751	13769	14028	14472	14538
467	1.0	219	459	549	878	1179	1210	1255	1377	1506	1721	1855	1877	2857	3383	3949	4045	4255	4258	4579	4880	5453	5986	6178	7195	7218	7259	7396	7426	8459	8470	8576	8638	8812	8820	9138	9987	10314	10961	10975	11058	11716	12138	12257	12380	12382	12499	12591	12976	13097	13223	13409
468	1.0	506	618	784	859	883	935	1048	1064	1140	1290	1454	1540	1713	2248	2268	2294	2443	2533	2537	2839	2984	3317	3425	3676	3703	3831	4228	4675	5231	5288	5461	6125	6472	6898	7010	7587	7665	7675	7866	7883	8361	8367	8610	8774	8888	9066	9161	9457	9584	9636	10382	10389	10538	10720	10797	10978	11662	11669	11747	12136	12190	12317	13083	13193	13355	13470	13490	13550	13614	13729	13856	13882	14041	14255	14282	14412
469	1.0	5049	6922
470	1.0	73	457	514	543	1021	1035	1312	1675	2142	2167	2333	2743	2960	3427	3957	4020	4558	4742	4950	5011	5972	6126	6243	6501	6688	6702	6726	6889	6954	7930	8048	8263	8289	8343	8501	9458	9668	9862	9967	10535	11031	11621	11833	11934	12525	12659	13061	13532	13603	14310	14448
471	1.0	331	380	624	758	1101	1146	1226	1392	1410	1591	1645	1977	2062	2383	2531	2871	4119	4308	4393	4520	4610	4686	4758	4933	5030	5668	5887	6505	7576	8956	9208	10080	10313	10353	10681	10764	10864	11059	11214	11398	11598	11780	12129	12166	12544	12781	12811	13178	13672	13730	14173
472	1.0	1735	10983	14057	14319	14642
473	1.0	229	1034	3849	5348	9043	10211	14377
474	1.0	2508	6871	13318	13437
475	1.0	102	432	605	786	862	943	978	1156	1587	1897	2143	2184	2326	2814	2903	2931	2959	3081	3357	3516	3809	3845	4050	4185	4282	4321	4456	4515	4669	4780	4855	5054	5074	5271	5294	5349	5527	5572	5632	5722	6037	6090	6203	6461	6532	7287	7500	8055	8079	8393	8488	8931	9261	9449	9508	10026	10046	10415	11040	11223	12215	12277	12327	12420	12459	13294	13319	13541	13928	13936	14185	14309	14464
476	1.0	136	616	1019	1095	1182	1427	1869	2267	2687	2992	3050	3090	3308	4198	4528	4659	4916	5017	5713	6036	6614	6747	6790	6823	6905	7243	7296	7363	8190	8586	9099	9106	9153	9313	9610	9657	10016	10194	10593	10801	11940	12023	12051	12217	12307	12367	12670	13107	13436	13527	13654	13735	14095	14180	14589	14598
477	1.0	179	586	637	657	659	1065	1106	1412	1757	1952	2270	2588	2648	3196	3300	3414	3712	3762	4231	4288	4442	4463	4552	4605	4710	4782	4814	5252	5386	5539	5790	5803	5811	6290	6616	6888	6985	7284	7516	7527	7646	7666	7756	7975	8003	8664	8848	8864	9266	9413	10172	10179	10293	10376	10393	10449	10536	10703	10721	10875	11295	11840	11869	11972	12074	12088	12409	12503	12557	12790	13282	13288	14032	14034	14349	14392	14431
478	1.0	192	533	974	1637	1692	1857	1946	2067	2264	2660	2778	2827	2983	3631	3645	3798	4890	6039	6287	6491	6515	6522	6722	6754	6852	7105	7319	7480	7524	7865	9791	9852	9954	10676	10691	10942	11803	11809	12304	12664	12945	14098
479	1.0	231	12738
480	1.0	10294	10992
481	1.0	196	1813	1984	3243	3769	4313	4499	4548	5378	5430	5585	5756	6050	6432	6755	7078	7230	7241	7795	8152	8572	9028	9512	9907	9997	10601	11322	11988	12633	12952	14225	14311
482	1.0	176	189	540	691	833	955	977	1031	1155	1257	1408	1467	1644	1783	1812	1966	2265	2281	2389	2582	3454	3557	3601	3736	3746	3933	3942	3973	4275	4523	4560	4565	4613	4630	4672	4816	4976	4987	5106	5170	5728	5800	5894	5900	5922	5948	6116	6305	6384	6465	6742	6912	6939	7202	7212	7362	7460	7471	7656	7885	7935	8282	8288	8308	8392	8465	8654	9487	9602	9717	9855	9923	10157	10260	10482	10984	11019	11084	11087	11199	11204	11222	11313	11761	11873	12148	12371	12436	12468	12649	13098	13537	13618	13734	14252	14533
483	1.0	2547	3763	5841	7445	8427	8840	10407	10860	11097	12701	13066	13266
484	1.0	2851	5763	7451	10373	12999	13201
485	1.0	845	1051	1062	1107	1386	1398	2940	3071	3174	3264	3630	3754	3772	3966	3971	4014	4322	4349	4474	4597	4678	4812	4830	4875	4973	4989	5123	5129	5611	5719	5856	5897	5928	6102	6273	6547	6635	6763	6859	7368	7456	7488	7954	7992	8290	8885	9287	9542	9699	9748	10236	10363	10476	11170	11529	11801	12163	12213	12441	12505	12652	12982	13076	13157	13441	13686	13708	14006	14158	14378
486	1.0	560	721	730	1083	1497	1542	1786	1896	2418	2419	2504	2806	3252	3837	4847	5089	5092	5274	5614	6400	6582	6669	7247	7594	9530	9590	9638	9690	9922	10228	10771	11455	11618	11629	11952	11959	12313	13199	13286	13401	13572	13605	14599
487	1.0	41	413	474	507	728	1112	1283	1360	1767	1903	1940	2068	2107	2359	2430	2451	2658	2734	3413	3461	3818	3846	4402	4412	4774	4840	4936	5038	5062	5360	5570	5937	5951	6129	6319	6681	6906	7175	7378	7404	7444	7757	7852	7929	8583	8741	9857	9998	10385	10434	10469	11307	11420	11682	11870	11912	12201	12430	12559	12630	12691	12890	13099	13183	13647	13695	13806	13912	14101	14199	14235	14356
488	1.0	311	570	763	1250	1508	1683	2005	2060	2174	2699	2951	3600	3832	4152	4205	4397	4503	4525	4796	4907	6078	6128	6713	6892	7257	7370	7553	7611	7840	7901	8044	8096	8164	8685	8786	9996	10015	10460	10549	10868	11201	11440	12321	12410	12485	12675	12726	12826	12839	12905	12918	12983	13048	13049	13109	13133	13767	13914	14250	14510
489	1.0	5695	6064	8877	10073	10872
490	1.0	375	428	487	501	1167	1212	1486	1834	2556	2614	2716	2965	3358	3595	3641	3821	4054	4065	4762	4863	5173	5343	5423	6066	6240	6577	6730	6874	7365	7435	7458	7751	7805	8276	8438	8525	8763	8957	9031	9144	9435	9725	9837	10163	10305	10722	10755	11388	11987	12006	12388	12584	14107	14120	14586	14626
491	1.0	169	193	232	427	441	523	537	610	749	856	1123	1259	1368	1606	2287	2292	2318	2440	2667	3025	3044	3378	3662	3666	3805	3851	3902	3999	4079	4164	4575	4790	5214	5269	5299	5938	5969	6032	6063	6067	6466	6542	6769	7047	7167	7453	7775	7832	8515	8722	8726	9035	9067	9234	9268	9443	9510	9585	9621	9749	9765	9820	9861	9979	10040	10135	10185	10245	10360	10614	10746	10756	10934	10943	11047	11175	11193	11270	11302	11386	11447	11543	11741	11896	12053	12120	12929	13009	13111	13561	13641	13738	13747	13963	14155	14515	14559	14635	14676
492	1.0	37	56	236	344	373	556	966	983	1313	2203	2467	2611	2905	3325	3565	3620	4083	4219	4658	4786	4882	5115	5245	5367	5809	5923	6109	6483	6789	7317	7462	7667	7721	7777	7894	8078	8208	8332	8584	8709	8961	8978	9503	9642	10107	10565	11220	11498	11848	11863	11900	12153	12231	12297	12309	12933	13043	13115	13267	13411	13680	13840	14005	14142	14218	14409	14607
493	1.0	141	152	324	641	1217	1245	1362	1688	1705	2013	2234	2261	2481	2680	2865	3074	3102	3448	3850	3868	3964	4279	4471	4805	4811	4909	4945	5000	5001	5653	6724	7271	7969	7994	8011	8606	9102	9420	9463	9522	9943	10522	10747	11012	11014	11083	11433	11979	11989	13053	13164	13284	14271	14295	14325	14587
494	1.0	7111	11159
495	1.0	42	94	142	159	214	384	647	815	828	988	1181	1402	1534	1771	1799	2083	2237	2328	2361	2519	2620	2755	3232	3238	3265	3686	3741	4102	4344	4614	4783	5039	5147	5330	5534	5573	5677	5802	5896	5985	5994	6030	6167	6269	6403	6865	6879	6891	7012	7233	7310	7535	7573	7596	7602	7734	8010	8117	8127	8259	8341	8431	8473	8639	8672	8884	9040	9078	9105	9230	9253	9866	9952	10152	10582	10644	10686	10737	11122	11238	11246	11299	11578	11700	11877	12600	12855	12942	13117	13169	13274	13438	13653	13737	13804	13975	14091	14242	14323	14555
496	1.0	3919	13330
497	1.0	6392	14678
498	1.0	809	8605
499	1.0	645	754
500	1.0	11271	13015
501	1.0	5612	5862	8537	13211	14400
502	1.0	13	166	430	473	488	816	1069	1586	1926	2056	2116	2206	2454	2875	3437	3471	3626	3880	4001	4075	4078	4100	4137	4206	4213	4316	4323	4372	4416	4426	4459	4486	4651	5358	5519	5542	5644	5734	5766	5781	5952	6272	6444	6555	6620	6712	7042	7196	7232	7335	7693	7814	7828	7938	7951	8006	8060	8207	8353	8461	8615	8795	8958	9034	9201	9357	9387	9661	9757	9928	10147	10486	10534	10697	10776	11006	11063	11075	11408	11451	11711	11719	11731	11963	12534	12658	13077	13080	13429	13465	13467	13547	13613	13698	13715	13990	14253	14261	14444
503	1.0	86	213	381	454	671	911	1229	1277	1480	1503	1603	1622	1733	1973	2101	2774	3010	3739	4094	4249	4384	5375	5444	5955	6206	6375	6417	6560	6762	6815	7106	7133	7324	8063	8601	8739	9197	9537	10511	10842	11292	11316	11600	12418	12484	12610	12762	12776	13405	13571	13591	13678	14196	14343	14386	14494	14659
504	1.0	89	442	900	1180	1224	1348	1989	2302	2338	2425	2514	2675	2952	3405	3476	3585	3604	3612	4201	4465	4622	4636	4778	4804	4984	5191	5389	5469	5757	6172	6246	6266	6708	6861	7298	7519	7959	8622	8701	8921	8932	8971	9156	9178	9331	9453	9505	9575	9630	9667	10090	10126	10138	10144	10289	10459	10707	10715	11051	11134	11367	11595	11773	11878	12318	12340	12433	12553	12595	12635	12915	13055	13148	13942	14026	14087	14413	14437	14440
505	1.0	128	1234	1617	1793	1873	2115	2761	2826	3947	4576	5411	5565	6663	6919	7041	7326	7421	7431	8498	8800	9004	9402	9489	9595	9946	9977	10251	10696	10701	11209	11249	11855	11910	12128	12667	13352	14027	14037
506	1.0	6727	7185
507	1.0	2469	9709	11606
508	1.0	34	340	1339	1356	1470	1477	1835	1846	2342	2441	2492	2908	3112	3632	3730	3924	3946	4227	4367	4379	4408	4500	4965	5176	5892	5913	5953	5987	6091	6114	6504	6535	7014	7096	7107	7160	7173	7217	7336	8186	8507	8662	8720	8916	8990	9022	9181	9215	9567	10092	10699	10714	10741	10834	11379	11628	11905	11998	12131	12880	13305	13317	13396	13608	14167	14605
509	1.0	113	499	732	840	925	1276	1355	1483	1815	1936	2345	2373	2773	2859	3336	3402	3648	3675	3972	4616	4809	5110	5279	5918	6326	6609	6811	6830	7019	7208	7750	8020	8080	8269	8316	8552	8616	9125	9456	10079	10116	10134	10501	10556	10572	10782	10828	11242	11347	11405	11485	11565	12057	12141	12475	12642	12766	12817	13187	13350	13739	14262
510	1.0	2855	9427	11793
511	1.0	1614	1795	7236
512	1.0	38	161	335	703	767	1085	1091	1373	1550	1772	1845	1876	1950	2084	2890	2953	3207	3392	3399	3603	3608	4007	4144	4158	4276	4283	4477	4513	4633	5080	5128	5471	5721	5804	5819	6005	6381	6488	6528	6645	6655	6740	6773	6890	7085	7172	7432	7580	7804	7843	7950	8143	8386	8478	8912	9229	9299	9342	9454	9665	9768	9992	10158	10551	10624	10738	11181	11374	11464	12013	12058	12286	12427	12489	13528	13574	13923	13950	14099	14344	14503
513	1.0	222	539	595	655	791	888	1020	1059	1061	1137	1471	1583	1643	1730	2517	2770	3381	3679	4155	4870	4958	5116	5200	5228	5278	5282	5745	5813	6035	6413	6449	6685	6902	7144	7264	7358	7630	7794	7987	8185	8481	8977	9147	9193	9244	9664	9770	10008	10045	10048	10266	10302	10346	10435	10658	10914	11025	11050	11243	11355	11879	11907	11984	12030	12140	12332	12387	12472	12721	12878	12973	13152	13154	13219	13246	13255	13342	13706	14010	14022	14123	14140	14389	14395	14489	14557	14600
514	1.0	522	12988
515	1.0	101	909	1193	1425	2244	2498	2683	2732	2759	2785	2999	3303	3364	3899	4103	4242	4287	4417	4420	4584	4764	4815	4852	4895	4957	5041	5263	5275	5318	5422	5554	5911	6401	6518	6593	6868	6903	7169	7405	7546	7767	8249	8326	8651	8750	8817	8920	8938	8969	9431	9683	9736	9836	9851	9926	9961	10499	10779	10805	11026	11107	11288	11383	11492	11672	11820	12105	12285	12524	12730	12865	13014	13032	13258	13635	14272	14305	14415	14529	14534	14535
516	1.0	448	709	857	1451	1728	2020	2303	2453	2470	2696	3031	3633	3639	3733	4128	4244	4399	4711	5087	5446	5748	6151	6356	7002	7831	7947	8632	8832	8996	9455	9506	10425	10695	10941	11004	11171	11343	12146	12294	12891	13283	13398	13516	13849
517	1.0	3	158	225	1037	1228	1484	1664	1695	1782	2313	2682	2828	3270	3365	3372	3379	3591	3597	3923	3975	4058	4551	4638	4784	4920	4990	5567	5773	5872	6232	6262	6489	6847	7288	7357	7369	7418	7574	8015	8679	8705	8834	9316	9374	9416	9588	9841	9878	10023	10175	10286	10355	10383	10609	10673	10694	10757	10790	10911	11245	11687	11911	11920	12471	12648	12872	13036	13748	13860	13874	14016	14100	14110
518	1.0	64	227	294	545	976	1026	1075	1092	1327	1754	2428	2446	2482	2549	3167	3647	5149	5150	5202	5462	5547	5696	6252	6587	6628	7018	7934	8405	8794	8860	8985	9326	9553	10219	10323	10487	11269	11407	11673	11745	12903	13137	13212	13236	13612	14340	14443	14473
519	1.0	191	2059	8624	9064	10909	11845	13400
520	1.0	668	759	905	1376	1485	1521	1574	1703	2100	2258	3038	3061	3568	3710	3729	4386	4903	5253	5304	5316	5341	5491	5609	5890	6015	6141	6586	6662	7292	7622	7739	8036	8224	8441	9025	9834	10042	10483	10866	10889	11943	12247	12270	12809	13011	13314	13384	13392	13505	13648	13833	14498	14502	14654
521	1.0	481	817	1358	1527	1589	1930	2227	3203	3460	3518	3775	3785	3982	4039	4247	4826	4993	5481	5599	5977	6161	6177	6184	7054	7088	7328	7506	8182	8713	8821	8869	9141	9273	9633	9637	10170	10466	10590	10933	11166	11178	11315	11689	11945	12594	13074	13838	13964
522	1.0	1094	1907	1957	2449	2583	3326	4132	4432	5104	5452	5619	6439	7083	7577	8213	8304	8497	8853	9364	9805	10354	10852	11125	11947	12892	12967	13121	13381	13432	13712	14233
523	1.0	270	433	667	1001	1417	2128	2565	2792	2881	3239	3339	3370	3689	3718	4422	4708	5215	5404	5557	5670	6494	6552	7084	7222	7492	7830	8159	8250	8264	8631	9009	9351	9889	10086	10102	10221	10290	10946	10987	11394	11646	11842	12021	12589	12683	12710	12834	13341
524	1.0	417	593	1127	1468	1865	2323	2567	2891	2944	3344	3432	3624	3790	3981	4098	4229	5553	5571	5706	6166	6826	6965	7373	7466	7694	7890	8293	8630	9038	9074	9118	9188	9232	9656	9689	9721	9968	10326	10618	10621	10641	10706	10947	11280	11340	11767	12337	12731	13063	13703	13810	14160	14200	14251	14438	14593
525	1.0	9	388	1152	1325	1570	1789	2099	2241	2664	2693	2698	2791	3078	3215	3435	3743	3898	4246	4749	5036	5136	5673	5823	5943	6824	6872	8119	8711	8748	8936	9131	9411	9931	10162	10504	10682	11219	11538	11593	12127	12365	12792	13038	13160	13173	13324	13716	13905	14245	14324
526	1.0	4314	13819
527	1.0	157	423	1053	1440	1749	1884	3197	3576	4005	4550	5309	5647	5664	6697	6799	7158	7331	7441	8177	8522	8801	8979	9187	9535	10915	11041	11786	12379	12677	12838	13296	13630	13727	14493
528	1.0	7131	8286
529	1.0	9891	13458
530	1.0	132	134	431	587	690	990	2285	2742	2760	2837	3034	3218	4307	5005	5277	5351	5415	5659	5663	5718	5989	6389	6404	7411	7874	8045	9267	9430	10347	10883	11046	11239	11259	11614	12005	12562	12971	13387	13930	14009	14487
531	1.0	123	204	461	582	1242	1291	1378	1450	1673	1979	2085	2442	2466	2532	2799	2924	2935	3125	3229	3268	3670	4259	4472	4484	4667	4802	4881	4949	5051	5374	5618	5912	6069	6121	6183	6228	6462	6613	6843	7033	7061	7066	7136	7239	7254	7349	7377	7387	7415	7517	7793	7898	7923	8365	8474	8565	8569	8597	8907	9169	9321	9429	9494	10002	10099	10181	10378	10428	10456	10685	10705	10820	10867	10949	11795	12024	12094	12248	12305	12404	12593	12641	12714	13102	13134	13200	13606	13669	13722	13878	14265	14375	14595
532	1.0	422	834	1447	1734	2756	3350	3505	3915	5684	6559	6854	7017	7727	7922	8444	8499	8580	9214	9248	9649	10140	10458	11192	12360	12424	13010	13323	13403	14176
533	1.0	1816	13450
534	1.0	6321	8153
535	1.0	352	529	611	1040	1071	1189	1208	1371	1932	2008	2109	2273	2300	2832	3070	3260	3293	3501	3721	3857	4086	4254	4910	5065	5158	5402	6634	6638	6770	6825	6943	7022	7406	7614	7658	7661	7982	8192	8439	8759	8950	10159	10222	10265	10944	11190	11272	11328	11475	11605	12045	12096	12150	12175	12179	12225	12522	12725	12868	12910	13131	13184	13306
536	1.0	100	154	237	285	355	527	619	812	992	1437	1564	1634	2325	3212	4418	4468	4621	5100	5196	5467	5508	5808	6447	6510	6700	6883	6941	7058	7086	7308	7355	8021	8056	9451	9556	9743	9990	10242	10410	10798	10800	11182	11364	11679	12117	12314	12372	12456	12539	12619	12672	12728	13523	13888	14207	14652
537	1.0	2034	10421	11359
538	1.0	10325	10517
539	1.0	579	1916	6962	14637
540	1.0	4324	6200	6694	7116
541	1.0	153	272	290	573	829	1027	1243	1433	1687	1764	1798	1849	1923	2015	2052	2061	2200	2502	2647	3083	3129	3144	3271	3354	3367	3497	3610	3969	4041	4177	4370	4507	4549	4561	4627	4679	4683	4792	5391	5805	6060	6224	6285	6714	7366	7374	7463	7468	7534	7725	8057	8241	8462	8526	8661	8740	9047	9155	9409	9550	9606	9675	9784	9835	9913	10059	10081	10202	10516	10642	10736	10808	10901	10923	10982	10993	11023	11036	11142	11191	11298	11493	11542	11875	12012	12383	12453	12541	12806	13174	13353	13927	14179	14411	14583
542	1.0	32	252	329	386	451	683	699	738	1372	1461	1742	1948	2401	2505	2686	2705	2780	2803	2920	2994	3008	3410	3696	3753	3844	3873	4096	4200	4449	4519	4571	4578	4586	4807	4879	5118	5435	5436	5672	5833	5917	5995	6180	6357	6551	7193	7391	7906	8300	8307	8607	9075	9404	9617	9728	9788	10021	10204	10512	10754	10803	10855	11101	11254	11690	12036	12354	12496	12546	12558	12647	12773	12816	13060	13168	13177	13362	13602	13940	14183	14351	14610
543	1.0	168	558	775	1041	1172	2033	2372	2610	2750	2926	2975	3084	3193	3747	4236	4329	4878	4891	5096	5807	5822	6119	6176	6739	6814	6836	7414	7570	7637	8716	10108	10396	11304	11418	11481	12348	12551	12618	12621	12770	12987	13817	14054	14094	14327
544	1.0	354	421	675	697	707	836	985	1043	1055	1141	1996	2043	2050	2082	2147	2218	2232	2437	2845	3380	3930	4738	5160	5283	5514	5776	5909	6405	6452	6792	6964	7301	7495	7620	7626	7662	7909	8154	8390	8850	8862	9252	9884	10617	11029	11033	11099	11102	11461	11631	11683	11752	11805	12025	12154	12220	12405	12842	12898	12991	13593	13633	13719	13870	14417	14667
545	1.0	4947	5078	6545	6764	8091	10141	10374	14162
546	1.0	773	2395	5094	13442
547	1.0	923	5645
548	1.0	912	2094	2690
549	1.0	108	389	589	633	1148	1187	1385	1883	1899	2724	3046	3097	3309	3637	4009	4073	4337	4371	4668	5076	5335	5492	5626	5798	6027	6698	6935	6948	7011	7100	7174	7607	7691	7707	7716	7759	7780	7785	7791	8111	8449	8582	9205	9285	9444	9518	9612	10223	10453	11235	11251	11753	11893	12170	12284	12780	13105	13515	14014	14047
550	1.0	87	368	472	548	680	869	1481	1707	2201	2276	2493	2853	3329	3369	3725	4446	5032	5034	5574	5727	5839	5848	6674	6757	6775	7891	8082	8355	8381	8435	8464	8567	8770	8793	9050	9207	9271	9433	9577	9935	10142	10361	10518	10529	10587	10733	10785	11055	11168	12592	12623	12764	12788	13238	13645	13684	13709	14045	14059	14303	14501
551	1.0	82	779	781	1010	1361	1409	1490	1566	1737	1885	1924	2031	2080	2416	2497	2897	3150	3177	3767	3877	4572	4665	4676	4741	5510	5594	5606	5607	6411	6437	6463	7438	7600	7841	7919	7985	8122	8150	8402	8408	9056	9171	9421	9651	9660	10129	10309	10311	11279	11457	12396	12487	13007	13307	13378	13660	13795	13937	14086	14512	14662
552	1.0	22	325	838	1308	1693	1740	1914	1941	1943	2065	2187	2797	2987	3049	3206	3386	3636	4070	4108	4113	4230	4339	4440	5187	5488	5497	5956	5983	6157	7101	7302	7449	7639	7807	8234	8628	8646	8874	9598	9645	10083	10766	10770	11512	11655	11665	11769	11772	11800	11829	11849	11968	12112	12123	12334	12397	12416	12831	12947	13329	13408	13475	13961	14266	14306	14385	14425	14575
553	1.0	0	534	575	1011	1294	1442	2089	2631	2967	3128	3638	3701	4217	4671	5014	5044	5057	5156	5164	5256	5536	5564	6734	6987	7673	7967	8034	8131	8314	8684	8927	9060	9514	9782	10539	10908	10959	11185	12432	12514	12693	12850	13826	14002	14345
554	1.0	57	410	604	1196	1411	2723	2745	3080	3428	3891	3936	4789	5006	5075	5169	5407	5516	5726	5974	6025	6313	6575	6632	7532	7681	7903	7958	8215	8384	8636	8676	8910	8968	9057	9543	9860	10375	10600	11517	11748	11850	12010	12083	12422	12622	12953	13311	13808	14213
555	1.0	59	109	362	391	518	1015	1052	1197	1739	2120	2150	2309	2366	2659	2899	3033	3172	3240	3499	3858	3952	4853	5144	5486	5551	5604	5791	6106	6127	6253	6453	6499	6780	6834	6982	7687	8231	8246	8417	8640	9054	9257	9410	9635	9670	9686	10403	10592	10814	10884	10954	11081	11534	11562	12029	12147	12478	13453	13628	13666	14315	14426	14646
556	1.0	81	306	576	1006	1029	1032	1561	1590	1760	1893	1905	2091	2352	2710	2864	3118	3156	3527	3840	4149	4541	4829	4848	4932	4975	5121	5135	5207	5372	5401	5445	5479	5526	5559	5752	5825	6065	6214	6971	7109	7376	7383	7446	7772	7886	8272	8306	8312	8380	8398	8809	8861	9018	9079	9303	9934	9939	10299	10345	10366	10419	10640	11186	11454	11749	11779	11843	12041	12137	12445	12742	12900	12925	13002	13226	13349	13590	14458	14569	14609
557	1.0	28	528	590	1192	1430	1960	2399	2530	2735	2878	3348	3794	3927	4351	4448	4590	4628	4637	4702	4719	4763	4952	5866	5905	5960	6057	6265	6516	6972	7024	7180	7470	7936	8511	8623	8903	9294	9477	9528	9678	9984	10077	10149	10257	10580	10907	11286	11366	11725	11819	12596	12687	13278	13636	13796	14050	14488	14628	14644	14670
558	1.0	439	2279
559	1.0	9964	11635
560	1.0	66	199	256	395	403	469	513	612	666	1044	1194	1252	1615	1652	1900	1937	2140	2253	2677	2818	2870	2919	2981	3068	3250	3524	3618	3795	3863	4193	4210	4517	4598	4726	4897	4986	5112	5507	5605	5717	5837	5999	6255	6339	6359	6426	6679	6839	6869	7025	7402	7539	7670	7730	7925	7961	8223	8347	8581	9046	9216	9286	9459	9461	9628	9930	10075	10241	10451	10774	10973	11053	11250	11300	11453	11706	12769	12815	12995	13125	13290	13512	13781	13809	13822	13827	13848	13994	14134	14312	14613
561	1.0	274	289	1046	1501	1530	1840	2192	2274	3169	3360	3700	3906	3920	3985	4139	4171	4482	4754	5383	5416	5433	5485	5652	6117	6358	7130	7409	7867	8351	8911	9203	9604	9771	9787	10445	11116	11588	11942	11970	12535	12678	12756	12763	13573	13793	13859
562	1.0	44	221	726	826	1165	1169	1299	1315	1794	2011	2019	2131	2188	2209	2896	2941	2998	3007	3262	3297	3698	3815	4120	4594	4701	4869	5012	5154	5179	5437	5523	6148	6202	6678	6759	6960	7155	7474	7497	7699	7824	8155	8492	8653	8677	8736	8765	8777	8926	9394	9460	9565	9623	10230	10630	10888	11990	12234	12242	12990	13136	14056	14380	14514
563	1.0	5022	10457
564	1.0	581	9224
565	1.0	26	206	228	245	308	345	356	494	521	793	848	949	1025	1261	1296	1353	1421	1627	1681	1918	2256	2319	2322	2387	2838	2850	3000	3195	3307	3526	3614	3759	4220	4625	4959	5002	5124	5680	6013	6197	6346	6607	6802	6969	7231	7544	7770	8151	8373	8527	9093	9112	9182	9325	9382	9586	9808	9809	10070	10262	10985	11537	11724	11913	12080	12174	12554	12617	13124	13225	13334	13423	13696	13726	13890	14139	14619
566	1.0	299	542	1366	1610	2706	2729	2793	3332	3494	3536	4266	4867	4988	4991	5373	5484	6195	6687	6791	6973	7048	7245	7364	7385	8460	8608	8619	8804	9109	9206	9280	9766	10315	10352	10508	10509	10555	11045	12515	13303	13770	13919	14040
567	1.0	339	1778	1861	1908	1972	2138	2298	2543	2725	2790	2849	2887	2937	3077	3123	3179	3256	3286	3783	3890	4196	4356	4722	4894	5101	5390	5550	5795	6300	6418	6442	6536	7049	7303	7437	7554	8123	8125	8356	8771	8788	8867	8906	8998	9012	9348	9422	9695	9720	9849	10029	11349	11591	11841	11958	12139	12262	12276	12930	12978	13020	13085	13114	13128	13823	13871	14124	14132	14135	14468	14624
568	1.0	503	620	674	676	751	757	790	842	996	1068	1639	2762	2979	3247	3908	4280	4395	5686	6110	6581	7118	7199	7447	7477	7786	7803	8070	8561	8845	9323	9755	10406	11413	11550	11750	12210	13143	14645
569	1.0	1381	6080	8947
570	1.0	5109	5533	8880	14269
571	1.0	2672	5864
572	1.0	1423	6758	13801
573	1.0	10970	12671
574	1.0	10731	12261
575	1.0	177	984	1642	2420	2561	3199	3333	4536	5181	5302	6503	6596	6966	6974	7094	7282	7300	7537	7761	7846	7990	9353	9541	9873	10192	10829	11487	11609	12612	12760	12924	13844	14042	14156
576	1.0	327	447	689	711	1458	1648	1649	1776	1990	2051	2163	2911	2980	3058	3302	3611	3650	4003	4034	4061	4143	4250	4380	5072	5303	5417	5537	5584	5846	6019	6097	6152	6851	7552	7556	7726	7872	8158	8318	8436	8588	8764	9023	9318	9601	9662	9673	9795	9874	10292	10880	10899	11037	11044	11048	11260	11519	11527	11791	11924	11953	12018	12039	12359	12560	12893	13190	13331	13425	13482	13493	13589	13805	13807	13837	14418	14651	14657
577	1.0	7835	13673
578	1.0	1281	5580
579	1.0	255	291	342	406	572	849	887	1272	1523	1532	1602	1691	1818	2105	2137	2144	2215	2347	2512	2718	2775	2930	3278	3363	3558	3771	3925	3950	4036	4273	4425	4535	4647	4828	4838	4868	5025	5629	5749	5751	5810	5888	5898	6156	6654	6699	6844	7079	7334	8209	8733	8827	8918	8923	8939	9020	9095	9151	9192	9219	9536	9555	9713	9921	10010	10050	10169	10342	10370	10489	10761	10791	10799	11275	11507	12009	12059	12143	12325	12446	13118	13247	13300	13520	13531	13687	13707	13779	13872	14133	14270	14482
580	1.0	364	372	1387	1851	2066	2661	2707	3106	4797	6371	9139	9976	10646	11010	12027	12483	12665	12787	12974	13242	13326	13659
581	1.0	646	694	1030	1096	1866	2348	2586	2594	2783	2824	2858	3111	3149	3211	3216	3290	3541	3583	3590	3642	3732	3928	4064	4110	4222	4387	4631	5442	5635	5879	5964	5991	6073	6077	6113	6247	6506	6897	6983	7141	7183	7206	7393	7513	7568	7598	7701	7847	7851	7860	7902	8072	8144	8204	8388	8839	9304	9360	9544	10020	10190	10627	10671	11098	11184	11305	11323	11333	11393	11441	11445	11484	12044	12158	12393	12875	12920	12961	12970	13167	13179	13233	13376	13380	13745	13798	13811	14121	14152
582	1.0	48	317	387	510	555	789	844	872	1129	1198	1414	1886	2001	2098	2606	2607	2722	2811	2895	3121	3478	3561	3681	3912	4069	4655	4820	4948	4974	5024	5141	5193	5301	5482	5690	5698	5741	5755	5782	6169	6368	6570	6866	6875	6930	7038	7157	7974	8037	8118	8291	8516	8699	8755	8808	8819	9062	9124	9652	9740	10094	10114	10340	10925	11049	11722	11960	12204	12245	12488	12608	12656	12722	12744	12814	13435	13449	13452	13492	13500	13522	13656	13681	13813	13908	13993	14030	14308	14321	14492	14549
583	1.0	2460	10912
584	1.0	174	11200
585	1.0	7491	11709
586	1.0	768	5984
587	1.0	7205	14138
588	1.0	52	4403	5018	7321
589	1.0	11365	12466	13404	14341
590	1.0	1459	5122
591	1.0	3806	9933
592	1.0	11926	14313
593	1.0	18	279	608	658	677	1618	1696	2238	2296	2739	2925	3257	3273	3726	3959	4118	4553	5671	5746	6122	6781	6944	7146	7152	7682	7812	8279	8477	9140	9172	9591	9780	9790	9832	9886	9970	10674	10935	11241	11330	11469	11982	12616	12913	13279	13585	13846	13932	14241	14294	14353
594	1.0	148	725	1267	1457	1626	1787	1860	1968	2007	2479	2876	3749	3962	4424	4593	5230	5320	5323	5649	5852	6008	6071	6089	6108	6282	6333	6458	7322	7738	7817	7917	8881	9264	9502	9624	9723	10055	11620	11656	11995	12052	12651	12871	13147	13295	13584	13652	13915	14184	14523
595	1.0	259	497	843	920	1443	1537	1625	1955	2245	2353	2477	2708	2836	2879	3135	3663	5048	5063	5365	5409	5414	5940	5980	6434	6497	6579	6925	7009	7102	7184	7203	7213	7252	7522	7588	7640	7671	7819	8069	8097	8135	8184	8409	8743	8758	8796	9117	9680	9764	9813	10275	10423	10510	10589	10732	11034	11137	11283	11569	11701	12130	12661	12748	12860	13056	13332	13543	13785	14029	14403
596	1.0	16	124	171	295	850	903	1400	1449	1499	1901	2577	2934	3279	3456	3458	3853	3907	3935	4537	4644	4685	4699	5217	5219	5657	6185	6338	7117	7722	7924	8296	8333	8362	8554	8557	8803	9222	9338	9368	9754	11548	12837	13185	13361	13663	14211	14292
597	1.0	35	97	524	771	1604	2223	3748	3914	4159	4542	4998	5138	5313	5744	5933	5936	6004	6340	6915	6932	7211	7684	8161	8337	8493	8787	8984	9199	9485	9549	9685	9919	10485	10812	10865	11123	11267	11744	11792	12240	12426	12547	12723	12934	13081	13359	13582	13685	14228	14608	14677
598	1.0	39	138	310	361	600	1050	1082	1511	1890	2057	2242	2312	2486	2909	3098	3310	3555	3659	3740	3744	3984	4049	4052	4248	4498	4818	4834	4839	5007	5031	5071	5171	5300	5552	5674	5769	5780	5869	6022	6374	6480	6493	6777	7114	7343	7613	8331	8434	8585	8612	8686	8953	9051	9474	9846	10007	10167	10201	10321	10335	10388	10610	10708	10922	11502	11532	11615	11624	11671	12100	12549	12581	12808	13162	13471	13676	13900	14049	14244	14336	14474
599	1.0	2715	3502
600	1.0	5610	8062
601	1.0	5203	8674
602	1.0	1332	6408
603	1.0	4573	14168
604	1.0	1235	6345
605	1.0	383	597	1188	1525	1553	1927	1956	1958	1981	2054	2199	2485	3114	3120	3521	3674	3967	4105	4176	4178	4264	4772	4810	5107	5159	5195	5418	5777	5814	5882	5934	6341	6810	6822	6908	6992	7204	7313	7397	7932	7984	7999	8121	8166	8297	8446	8744	8899	8955	9310	9328	9466	9516	9573	9594	9693	9869	10035	10191	10205	10532	10552	10628	10796	10881	11230	11580	11684	11708	11925	12070	12216	12271	12417	12434	12639	12895	12956	13775	13829	13832	14075	14293	14456	14495	14633
606	1.0	2483	14273
607	1.0	135	863	953	1108	3082	3214	4540	4735	5198	5350	5824	6163	6625	6801	7776	8007	8745	8973	9378	9731	9937	10359	10443	11377	12132	12228	12329	12555	12605	12684	13059	13206	13548	13788	13970
608	1.0	626	8403
609	1.0	5190	14079
610	1.0	9684	13611
611	1.0	92	315	496	566	664	852	1086	1422	1928	2226	2627	2663	3138	3988	4031	4184	4382	4427	4767	4777	4846	5098	5465	5566	5871	6145	6312	6913	7359	7505	7530	7651	7720	9157	9311	9365	9802	9947	10537	10559	10643	10759	11152	11161	11187	11324	11459	11608	11836	12578	12864	13254	13310	13510	13623	13768	13854	14065	14122
612	1.0	63	320	959	1049	1124	1238	1303	1311	1578	1616	1682	1938	2122	2162	2186	2275	2310	2655	2728	2915	2991	3052	3181	3362	3584	4021	4076	4332	4451	4779	4927	5438	6020	6268	6377	6410	6427	6524	6563	6585	6785	7165	7224	7280	7416	7461	7478	7731	7826	8073	8180	8387	8675	8858	8886	9083	9116	9212	9289	9296	9399	9812	10330	10377	10519	10612	10980	11151	11172	11177	11390	11500	11718	11784	11798	11808	11864	12256	12273	12477	12540	12759	12774	12803	13069	13261	13322	13477	13784	13858	14206
613	1.0	115	235	307	715	831	882	1233	1300	1307	1495	1544	1641	1882	1998	2009	2097	2406	2463	2684	2688	2713	3313	3452	3727	3932	4151	4294	4428	4716	4871	5042	5470	5679	5796	6087	6693	6975	6984	7277	7339	7496	7799	8090	8370	8379	8599	8714	8732	9312	9498	9663	9753	9779	10256	10440	10452	10496	10574	10636	10748	11211	11603	11736	11760	11883	12191	12319	12517	12804	12984	13084	13383	13530	14013	14084	14186
614	1.0	47	50	249	250	551	904	1047	1202	1389	1474	1577	1601	1809	1917	2148	2217	2351	2414	2431	2651	2701	2943	3115	3151	3433	3690	3782	3992	4072	4270	4511	4544	4691	4720	4849	4851	4951	5260	5413	5623	5730	5961	6003	6096	6194	6231	6270	6533	6748	7312	7549	7742	7927	7976	8002	8350	8540	8725	8826	9033	9176	9354	9361	9546	9691	9727	9871	9876	9924	10001	10752	11002	11119	11131	11155	11258	11345	11360	11427	11477	11573	11575	11664	11763	11806	12350	12611	12681	12743	12882	13180	13333	13366	13407	13463	13979	14222	14314	14449
615	1.0	7489	12805
616	1.0	648	1317	1657	2212	2494	2721	2765	3073	3157	3165	3275	3812	3956	4214	4301	4845	5199	5258	5779	6149	6360	6751	7266	7555	7861	8887	8960	9359	9486	9701	10900	10956	11428	11890	11906	12062	12206	12356	12526	12686	13498	13776	14081	14112	14439	14507
617	1.0	70	201	585	710	776	1186	1205	1246	1915	1933	1991	2277	2676	3100	3531	3745	3855	3938	4188	4437	4690	4732	4877	4889	4967	5037	5157	5505	5784	5968	6120	6186	6393	6611	6664	6745	6820	6979	7020	7112	7176	7210	7459	7810	8178	8267	8825	9843	9932	10322	10329	10333	10477	11677	11680	12037	12144	12239	12415	12631	12668	13064	13298	13415	13454	13459	13576	13583	14024	14119	14479
618	1.0	3493	9154
619	1.0	8233	10652
620	1.0	9958	10525
621	1.0	11442	11470
622	1.0	2946	10892
623	1.0	2355	13699
624	1.0	1718	2771
625	1.0	10533	11714
626	1.0	84	275	1134	1292	1340	1727	1736	2077	2337	2381	2571	2600	2956	3453	3513	3517	3888	3926	4035	4168	4261	4350	4508	4595	5210	5352	5425	5525	5543	5617	5910	6604	6735	6961	7151	7215	7294	7338	7719	7829	7863	8012	8026	8202	8480	8924	8946	9659	10264	10578	10887	11823	11961	12232	12243	12298	13025	13062	13466	14256	14446
627	1.0	278	535	1375	1429	1660	1719	1871	2113	2321	2354	2612	3009	3373	3622	3819	3976	4011	4218	5308	5419	5924	6741	6782	7030	7498	8206	8335	8344	8389	8613	8775	9204	10180	10436	10950	11334	11758	11830	12241	12343	12702	12830	12926	13030	13104	13495	13777	13883	13929	14362	14570
628	1.0	565	6330
629	1.0	323	2311	5225	10012
630	1.0	7567	8319
631	1.0	10136	11885
632	1.0	309	1925	3036	3934	4347	4714	4962	6615	6819	7523	8103	8183	9037	9330	9344	9644	9674	9838	9894	9897	10474	10480	10856	11095	11127	11410	11852	12211	12640	12694	12885	12927	13205	13622	13884	13920	14117	14190	14405	14414	14475	14612
633	1.0	121	190	258	343	435	941	1023	1103	1177	1515	1662	1738	1807	1842	2407	2545	2624	2888	3056	3126	3133	3220	3312	3596	3613	3835	3859	4032	4179	4187	4664	4874	4912	4994	5103	5243	5244	5334	5631	5901	5998	6009	6729	6805	6887	6967	6977	7053	7060	7400	7740	7844	8046	8278	8519	8721	8830	8986	8999	9003	9191	9235	9467	9562	9918	9940	10044	10068	10210	10297	10815	11005	11100	11404	11978	12160	12202	12312	12374	12473	12520	12536	12568	12583	12629	12894	12936	12939	12980	13001	13006	13302	13599	13740	13944	14118	14214	14594
634	1.0	2350	3955	4298
635	1.0	145	265	617	636	799	1012	1244	1374	1647	1892	2028	2646	2753	2948	3335	3484	3751	4444	4953	4954	5185	5926	6173	6335	6386	6841	7966	8120	8896	8966	9098	10030	10490	10656	10830	10862	11659	11727	11862	12031	12308	12848	14070	14083	14090	14201	14424	14524
636	1.0	407	714	940	944	1219	1668	1731	1947	3316	3810	4024	4207	4365	4491	4599	5148	5528	5588	5920	6054	6981	7000	7051	7221	7226	7452	7937	7942	8064	8695	8715	9290	9346	9350	9400	9559	9706	10307	10397	10441	10470	10595	10768	10960	11818	11825	11846	12352	12384	12385	12646	13595	13658	13702	14038	14382	14546
637	1.0	3291	4186
638	1.0	629	830	927	930	1176	1830	2017	2042	2119	2165	2438	2751	2995	3042	3130	3142	3574	3781	3813	4029	4033	4419	4470	4488	4861	4944	5085	5197	5406	5675	6056	6237	6291	6367	6424	6460	6931	6995	7285	7367	7559	7604	8094	8101	8533	8635	8893	8902	8992	9120	9173	9419	9564	9672	9724	10047	10145	10227	10364	10634	10788	11380	11478	11790	12873	12908	13054	13065	13153	13264	13293	13545	13650	13984	13985	14031	14102	14618	14630
639	1.0	106	198	706	1125	1211	1407	1588	1608	1667	1680	1817	1875	1953	2023	2249	2626	2652	2692	3408	4018	4302	4943	4964	5431	5704	5764	5774	5997	6324	6328	6597	6640	6945	7063	7642	7653	8115	8170	8354	8411	8471	8479	9016	9473	10444	10481	10603	10712	10919	11007	11069	11089	11244	11438	11633	11861	12253	12378	12572	12703	12996	13239	13291	13617	13954	14236	14530
