1	1.0	4226	4381	4396	4639	6870	11362	11804	13427	13825	14525
2	1.0	644	2819	3152	4077	4501	5130	6280	6295	6797	7619	11821	11853	12819	14540
3	1.0	8148	11439	11648	12264	12827	12840	14290
4	1.0	1363	3062	3860	6686	7119	8360	8929	9283	10447	10606	11138	11329
5	1.0	292	486	908	969	1143	1251	1401	1995	2274	2317	2391	3017	3213	3352	3505	3895	3913	4410	4473	4612	5004	5008	5067	5125	5237	5259	6000	6007	6196	6210	6431	6808	6816	7122	7168	7267	7340	7342	8021	8138	8597	8696	9032	9045	9110	9198	9496	9777	10247	10550	10654	10675	10976	11021	11215	11248	11471	11483	11730	12328	12510	12887	12972	13372	13562	13934	14055	14131	14595
6	1.0	2471	3397	3889	4452	10240	10719	11074	11563	11692	11977	13196	13989	14366
7	1.0	739	1500	1759	1841	2063	2263	2397	2560	2912	3236	3385	3421	3601	4066	4931	5501	5638	5728	6233	6413	6924	7251	7583	7692	7749	8200	8298	8532	8806	10133	10288	10726	10874	11506	11594	11759	11929	12543	12645	12869	13205	13269	13718	13986	13998	14205	14388	14490
8	1.0	25	151	764	806	899	990	1111	1287	1576	1729	2125	2154	2250	2489	2927	2969	3113	3159	3550	3808	4414	4439	4466	4509	4533	4748	5211	5218	5234	5346	5371	5603	5729	5857	6235	6289	6304	6690	6794	6882	7440	7565	7690	7773	8614	8798	9126	9175	9432	9593	9707	9742	9760	10009	10198	10243	10248	10261	10283	10433	10526	10859	10883	11046	11207	11261	11351	11599	11789	11887	12034	12168	12835	12863	12917	13375	13421	13594	13765	13911	13917	14578	14625
9	1.0	839	2907	4342	4923	7964	8942	9343	9538	12689
10	1.0	1390	2748	3688	3692	3708	4641	4886	5637	6250	6707	7629	8611	9237	9578	10189	10745	11369	11409	11807	12532	13189	13876	14298
11	1.0	1135	1820	2024	2127	2156	2334	2601	2786	3660	3791	7628	8465	9730	10053	10463	10894	12081	12960	13144	13243
12	1.0	241	300	460	492	650	1279	1944	2045	2371	2553	3784	4063	4319	5051	5464	5618	6006	6462	6470	6843	7592	8108	8395	8553	8670	9013	9385	9971	10002	10357	10569	10820	11079	11634	11696	11938	12040	12177	13127	13451	13634	13772	13850	13933	14254
13	1.0	85	226	376	436	588	695	801	1460	1504	1970	2064	2466	2574	2685	2794	2862	2963	3567	3848	4241	4259	4358	4447	4606	4980	4981	5056	5082	5457	5620	5946	6260	6267	6485	6657	6676	6917	7089	7097	7227	7779	8261	8522	8879	8943	9169	9634	10913	10949	10997	11088	11435	11596	11757	11834	11927	12050	12184	12320	12504	13188	13393	13491	13529	13569	13771	14350	14451	14508	14592
14	1.0	5683	6256	6571	6652	10937	11231	13089
15	1.0	69	630	1350	1935	2093	2377	3506	3657	3793	3885	4051	4467	4476	5437	5801	5979	6369	6576	7093	7209	7558	7821	7940	8359	9434	9671	9975	10318	10398	10740	10777	10778	10957	11210	11406	11497	11681	11886	12121	12292	12575	13102	13285	13486	13508	14581
16	1.0	141	152	301	324	641	743	999	1320	1346	1362	1584	1976	2013	2234	2261	2481	2671	2680	2700	2865	2928	3102	3147	3155	3588	3763	3868	3908	4123	4124	4335	4361	4805	4813	4945	5139	5180	5345	5597	5743	5841	6110	6112	6136	6428	6581	6795	6937	7118	7178	7199	7219	7428	7445	7521	7896	7969	8011	8606	8840	9102	9128	9420	9463	9522	9592	9858	10177	10517	10522	10747	10986	11003	11012	11234	11432	11550	11710	11770	11778	12068	12122	12151	13266	13316	13563	13995	14011	14166	14257	14322	14325	14627
17	1.0	104	374	559	885	1284	1345	1380	1403	1720	1752	1758	1951	2004	2189	2595	2616	2665	2674	2726	2798	2823	3013	3089	3162	3202	3255	3266	3401	3545	3546	3653	3802	3850	4377	5388	5475	5656	6038	6199	6303	6419	6873	7164	7584	7648	7683	7698	7702	8216	8280	8325	8412	8551	8810	8843	8883	9002	9223	9306	9393	9520	9840	9941	10052	10056	10507	10639	10832	10845	10999	11057	11092	11188	11319	11403	11653	11739	11782	11838	12020	12076	12111	12223	12323	12358	12519	12587	12828	12922	13042	13360	13472	13586	14224	14287	14329	14334	14453	14497
18	1.0	379	450	553	574	1239	1383	1450	1822	2048	2152	2175	2190	2563	2569	2834	3019	3447	3797	3922	4545	4811	5255	5851	6104	6316	6495	6806	6936	6958	7056	7320	7621	7871	7887	8075	8432	9091	9525	9620	10033	10071	10139	10226	11148	11504	11698	12275	12301	12657	12758	12807	13039	13195	13321	13419	13445	13610	13743	14035	14197	14363	14622	14632	14650
19	1.0	43	122	516	727	735	792	1227	1528	1543	1651	2121	2861	3060	3199	3342	3576	3577	3822	3843	3965	4173	4487	4680	5577	5779	5797	5941	6103	7446	7472	7760	7818	7920	7970	7997	8141	8258	8494	8518	9096	9437	9451	10034	10548	10904	11677	12379	12593	13126	13577	13592	13598	14390	14429	14442	14459	14480	14666
20	1.0	204	338	466	631	651	673	693	913	1230	1319	1364	1397	1475	1949	2222	2297	2640	2990	3443	3953	4060	4223	4407	5392	5759	6064	6306	6471	6525	6629	6765	6774	8203	8424	8524	8564	8856	8877	8989	9531	9783	9811	9864	10073	10148	10197	10215	10337	10428	10478	10615	10645	10679	10851	10872	11225	11729	12234	12244	12425	12460	12856	13052	13116	13566	13713	13881	14452	14558
21	1.0	185	440	649	931	1445	1494	2035	2072	2740	2802	2874	2971	3192	3321	3866	3887	4707	4854	5267	6553	6667	6940	7309	7352	7700	8042	8322	8589	8665	9061	9362	9412	9436	9472	9756	9856	10780	11285	11637	11735	11859	12288	12948	12952	13094	13763	13865	14346
22	1.0	670	1203	1659	2039	2126	2132	2141	2272	3787	5026	5239	5847	6143	8482	9702	13862
23	1.0	144	282	495	662	702	1232	1336	1549	1669	1700	1803	1848	2368	2378	2511	2781	2974	3069	3673	4160	4240	4346	4385	4485	4911	5028	5284	5332	5506	6098	6394	6565	6606	6829	6846	7147	7351	7654	8043	8682	8762	9130	9150	9240	9523	9732	9859	9892	9900	9945	10391	10412	10840	10903	11331	11444	11610	11732	11910	11923	11992	12381	12398	12745	13410	13818	13828	13907	13949
24	1.0	7	462	622	1306	1632	3542	3655	4626	4808	4837	5013	5858	5966	6378	6446	6502	6578	6656	7464	8047	8059	8633	8919	9488	9902	10196	10231	11111	11560	12429	12502	12962	13337	13434	13893	13898	14051	14304
25	1.0	51	67	837	986	991	1142	1209	2541	2613	2717	2719	2898	2933	2973	3117	3146	3235	3482	3515	3755	3929	3989	4181	4253	4620	4883	5248	5292	5361	5439	5578	5600	5835	6082	6205	6484	6492	6731	6784	6828	6857	7013	7139	7410	7476	7563	7660	7845	8051	8313	8329	8419	8756	8824	8908	9345	9479	9501	9587	9804	9981	10103	10186	10356	10758	10902	11136	11326	11522	11627	11866	11917	12038	12107	12173	12613	12715	12802	12889	12907	13367	13629	13683	13750	13759	13922	14023	14043	14215	14331
26	1.0	36	129	335	554	607	821	822	918	929	982	1070	1201	1330	1399	1471	1756	1780	2084	2178	2542	2841	2886	2896	2917	2935	2998	3005	3268	3431	3552	3607	3615	3738	3774	3834	3987	4010	4234	4289	4363	4689	4724	4760	5174	5236	5315	5353	5451	5988	6014	6055	6202	6228	6344	6381	6397	6407	6450	6528	7046	7077	7155	7834	8129	8239	8262	8742	8760	9084	9627	9704	9815	9881	9956	9974	10427	10775	11588	11622	11626	11704	11997	12056	12094	12200	12286	12486	12741	13172	13733	13887	13945	14007	14082	14125	14191	14380
27	1.0	46	1236	1274	1344	1436	1974	2112	2158	2554	2796	3209	3328	3403	3707	6135	6299	6819	7733	7849	7858	7882	7996	8024	8031	8196	8221	8546	8868	9003	10032	10753	10939	11077	11202	12376	12837	12847	13361	13395	13885	14033	14243	14476	14513	14530
28	1.0	180	240	288	303	414	971	1024	1225	1260	1833	2314	2509	2884	3253	3943	3954	4825	4869	5140	5266	5427	6473	6633	7149	7704	8174	9085	9794	10218	10229	10576	11530	11889	12233	12344	12861	13525	13604	13896	14071	14634
29	1.0	103	399	500	508	568	603	704	723	870	1512	1547	1684	1804	2271	2360	2521	2532	2558	2632	3168	3249	3470	3528	3589	4127	4180	4209	4968	5359	5381	5458	5659	5860	5978	6042	6573	6703	6867	6893	7052	7123	7262	7421	7511	7659	7695	7915	8152	8162	8490	8587	8604	8648	8734	8844	9174	9213	9375	9509	10013	10018	10038	10072	10111	10542	10585	10607	10930	10932	11217	11224	11233	11446	11489	11511	11536	11667	11766	12303	12324	12363	12569	12768	12975	13158	13222	13262	13478	13736	13965	13997	14019	14144	14284	14596	14617
30	1.0	133	480	686	797	867	994	1216	1293	1379	2257	2503	2552	2735	2815	2829	2882	3002	3479	3491	3776	3794	3973	4448	4699	4858	5622	5800	5875	6192	6380	6544	6831	7035	7111	7253	7311	7362	7470	7509	7636	8282	9478	9830	10006	10331	10653	10795	10879	10936	10990	11253	11822	11969	12335	12508	13079	13370	13540	13599	13948
31	1.0	93	321	756	1110	1295	1784	1858	2339	2487	2968	3053	3716	3766	3892	4167	4376	4441	4562	4566	4670	4737	4901	5556	5799	5891	6075	6798	7057	7129	7197	7353	7633	7766	7835	8529	8757	8792	8807	8875	8903	9008	9011	9145	9377	9927	10087	10217	10350	10368	10907	11145	11373	11419	11553	11597	11630	11883	11954	11986	12108	12339	12356	12467	12643	12690	12739	13248	13673	13688	13897	13916	14258	14328	14339	14381	14585	14669
32	1.0	118	170	257	346	639	760	1039	1297	1488	2014	2118	2135	2243	2410	2593	2637	2639	2852	2889	2972	3103	3184	3200	3327	3449	3543	3862	3872	4352	4461	4747	5069	5338	5441	5450	5723	5970	5981	6074	6088	6101	6130	6279	6684	6921	7128	7528	7560	7593	7764	8053	8106	8160	8212	8336	8749	8962	8974	9256	9475	9619	9666	9951	9985	9989	10060	10125	10173	10280	10287	10728	11203	11660	11930	12085	12102	12172	12178	12182	12255	12403	12469	12470	12474	12708	12888	12911	13481	13518	13644	13675	13760	13787	14036	14636
33	1.0	2034	10421	11359
34	1.0	8437
35	1.0	108	316	389	589	633	780	874	1109	1148	1175	1873	1899	2262	2269	2405	2421	2423	2568	2767	2793	3046	3097	3309	3476	3529	4009	4019	4073	4183	4266	4337	4371	4759	4991	5076	5389	5565	6021	6027	6240	6948	7011	7174	7607	7691	7707	7759	7780	7791	8352	8449	8525	8612	8701	8785	8793	8921	8957	9006	9205	9444	9453	9566	9575	10126	10200	10223	10317	10361	10555	10786	10981	11013	11141	11173	11208	11213	11251	11388	11623	11753	11773	11874	11893	12284	12595	12780	13105	13148	13377	13444	13515	13637	13800	13880	14047	14120	14399	14620
36	1.0	8865	10003
37	1.0	23	60	805	1698	1699	1747	2645	3004	3055	3086	3305	3593	3640	3669	3780	3799	4133	4154	4697	4756	4862	4904	5050	5090	5321	5568	5634	5648	5740	5768	6105	6236	6283	6715	6788	6878	7392	7548	7585	8114	8560	8835	8870	9317	9571	9599	10327	10521	10657	10727	10793	10838	10906	11016	11032	11039	11424	11452	11776	11811	11993	12077	12092	12462	12634	12709	13037	13100	13951	14195	14229	14352
38	1.0	192	533	586	784	974	1412	1595	1637	1692	1856	1857	1946	2067	2264	2660	2778	2827	2847	2939	2983	3631	3645	3712	3798	4890	6039	6213	6287	6491	6515	6522	6616	6722	6754	6852	6985	7105	7319	7480	7524	7865	7895	8076	9521	9791	9852	9954	10613	10676	10691	10735	10942	10978	11093	11176	11463	11495	11803	11809	11869	12074	12103	12304	12664	12945	12968	14034	14098	14431
39	1.0	45	76	314	363	708	833	834	955	1447	1507	1526	1663	1792	1987	2026	2070	2194	3104	3169	3582	3812	4061	4080	4202	4293	4550	4618	4713	4899	5161	5290	5502	5689	5873	5907	5962	6911	6963	7027	7037	7212	7487	7566	7727	7788	7806	8229	8429	8471	8556	9389	9533	9534	9897	9966	10140	10816	10915	11105	11114	11192	11247	11366	11395	11568	11607	11936	12423	12424	12663	12885	13054	13090	13256	13259	13323	13357	13394	13499	13841	13894	13952	14136	14397	14414
40	1.0	1496	5137	6443	14301
41	1.0	5669	9497	10602	12033	12375
42	1.0	229	1034	3849	5348	9043	10211	14377
43	1.0	912	2094	2690
44	1.0	6865	11299
45	1.0	7337	8463	11670
46	1.0	1859	3040	4043	10488
47	1.0	202	490	525	590	715	997	1007	1036	1084	1231	1298	1405	1535	1619	1766	1805	1813	1888	2097	2278	2357	2513	2526	2772	3609	3823	4091	4114	4204	4278	4499	4547	4548	4744	4924	5295	5324	5420	5861	6107	6265	6691	6692	6858	6947	7241	7395	7743	7884	7897	7916	7939	8177	8523	8654	8655	8776	9041	9127	9319	9962	9972	10296	10438	10450	10663	10716	11421	11426	11514	11734	11871	11901	12644	12695	12737	12794	12921	12981	13101	13120	13135	13786	13864	13869	13924	13943	13947	14234	14371	14572	14670
48	1.0	137	847	1302	1426	2491	2741	3418	3488	3553	3811	4082	4175	4859	5220	5280	5561	6111	6351	6422	6612	7736	7899	7907	8244	8371	8717	8752	9048	9104	9211	9291	9355	9650	9676	10146	11068	11526	11898	12523	12944	13301	13389	13476	13821	13836	14097	14105
49	1.0	75	246	465	491	599	628	783	854	938	951	1352	1453	1594	2088	2114	2254	2457	2573	2619	2789	2799	2904	2929	3243	3391	3459	3477	3522	4121	4581	4802	4985	5023	5186	5242	5387	5702	5767	6263	6574	6613	6821	6856	7069	7254	7349	7507	7508	7518	7710	7762	8091	8130	8132	8256	8415	8456	8491	8530	9019	9250	9677	9983	10076	10113	10235	10284	10567	10742	10787	10827	10867	11353	11652	11686	12024	12071	12194	12439	12512	12533	12542	12582	12625	12641	13440	13620	13669	13941	14566
50	1.0	566	1281	5580
51	1.0	3939	9001	13691
52	1.0	126	519	722	851	995	1153	1598	2208	2283	2570	3045	3351	3387	4374	4569	4661	4787	5052	5132	5363	5426	5480	5628	6567	6752	6756	6817	7007	7386	7504	7754	7816	8134	8188	8357	8528	8645	8890	8928	9108	9202	9448	9490	9580	9778	9942	10182	10278	10647	10849	10873	10948	10955	11277	11297	11895	12400	12704	12824	13536	13677	13780	13814	13831	14165	14174	14567
53	1.0	4443	7225	7330	13228
54	1.0	17	777	1113	1130	1273	1321	1349	1424	1505	1558	1745	1775	1854	2171	2490	2901	3109	3296	3719	4135	4325	4435	4497	4624	5307	5466	5474	5521	5621	5930	6383	6842	7279	7551	7712	7864	7914	8005	8139	8283	8575	8627	9089	9417	9574	9916	9920	10174	10213	11017	11027	11429	11524	11654	12259	12602	12919	12943	12966	13041	13230	13621	14003	14069	14283	14289	14561
55	1.0	280	425	1190	1472	1895	2173	2426	2452	2592	2747	3652	3958	4224	4460	4769	5097	5549	8299	8323	8571	8669	8980	9065	9540	9647	9995	10308	10328	10670	10769	11076	11263	12155	12236	12279	13197	13418	13976	14089	14220	14430	14591	14602
56	1.0	4751	8407	10599
57	1.0	3654	12437	12673
58	1.0	3027	4596	10809	12977
59	1.0	49	178	385	613	638	669	692	733	880	932	1078	1221	1241	1309	1557	1934	1997	2412	2448	2642	2764	3395	3498	4353	4577	4801	5379	5582	6043	6124	6423	6459	6467	6481	6538	6646	6709	6728	6786	6916	7068	7125	7314	7333	7542	7625	7800	8547	8644	9282	9307	9407	9480	9493	9517	9669	9880	9925	10439	10554	10962	10979	11112	11212	11491	11523	11721	11991	12090	12346	12362	12528	12912	13031	13123	13203	13431	13580	13609	13692	13754	13797	13863	14532
60	1.0	116	461	517	737	1867	2641	3189	3415	4101	5045	5177	6541	6671	6682	7237	7265	7307	7420	7605	7825	7948	8018	8104	8427	8694	8805	9185	9847	10402	11205	11227	11337	11557	11921	12078	13918	14423
61	1.0	211	1117	1223	1234	1623	2117	2417	2544	2666	2918	3137	3283	3441	3486	3525	3627	3874	4570	4938	5347	5492	5705	5906	6058	6288	6315	6601	6608	6642	6818	7066	7375	7627	7752	7793	7859	7892	8236	8365	8562	8964	9262	10362	10413	10802	10924	11157	11284	11582	11796	11914	12069	12507	12988	13587	13724	13842	13910	13999	14027	14114	14259	14504
62	1.0	65	89	164	264	418	511	512	522	796	952	1081	1128	2046	2115	2202	2475	2495	2617	2769	3324	3535	3693	3947	4116	4295	4773	4778	5385	5499	5512	5579	5757	5760	5854	5965	6216	6246	6294	6406	6478	6923	6926	6950	7075	7785	7986	8093	8105	8512	8727	8767	8871	8934	9159	9340	9489	9518	9667	9759	9785	9946	9982	9988	10024	10263	10405	10598	10701	11134	11249	11392	11566	11794	11855	12061	12135	12171	12433	12476	12601	12609	12635	12779	12897	13067	13213	13265	13544	13639	13959	14004	14088	14151	14177	14260	14357	14441
63	1.0	54	267	334	360	445	741	963	1242	1522	2697	2703	2744	2892	3263	3977	4142	4161	4174	4394	4568	4632	4725	4733	5297	5400	5927	5990	7171	7299	7306	7380	7515	8476	8778	8863	8891	8915	9194	9322	9513	10626	10633	10841	11382	11661	11783	11839	11956	12110	12125	12226	12765	12858	12876	13379	13426	13627	13642	13742	13783	14021	14317	14338	14355
64	1.0	208	260	408	530	569	571	660	1139	1338	1341	1509	1555	1565	1609	1715	1743	2108	2362	2415	2473	2662	2761	2788	3173	3289	3560	3625	3637	4038	4238	4309	4359	4587	4663	4822	5033	5061	5222	5224	6046	6049	6170	6201	6385	6464	7031	7055	7272	7486	7688	7877	7973	8201	8226	8450	8917	8944	9004	9100	9177	9383	9396	9589	9595	9803	9821	10110	10161	10596	10655	10825	10835	10847	11194	11273	11358	11396	11668	11742	11876	12001	12047	12252	12390	12585	12716	12841	12914	13417	13447	13956	14237	14332	14516
65	1.0	29	328	369	562	712	744	892	1314	1575	2507	3015	3259	3368	4411	4531	4652	4712	5010	5081	6012	6239	6436	7006	7135	7344	7657	7663	7763	7789	8328	8363	8789	8828	9994	10112	10151	10713	11052	11363	11777	12188	13142	13504	13921	14126	14285	14537	14584
66	1.0	130	273	934	1133	1207	1620	1827	2315	2746	2868	3320	3533	3709	3788	3792	3839	4145	4378	4589	4718	4752	4755	4881	5221	5233	5296	5312	5377	5544	5650	5732	6033	6468	6750	7162	7316	7512	7531	7557	7591	7599	7655	7689	7790	8065	8172	8496	9015	9029	9039	9500	9515	9615	9735	9993	10132	10184	10365	10429	10544	10604	10705	11104	11490	11570	11703	12008	12419	12615	12707	12853	12862	12867	12964	13021	13581	14046	14178	14212	14232	14407
67	1.0	123	344	567	750	858	1333	1478	1673	1688	1705	1796	2129	2220	2442	2656	3349	3964	4471	4472	4484	4518	5001	5127	5172	5272	5424	5653	5731	5929	6011	6225	6543	6610	7271	7422	7878	7898	7994	8087	8358	9429	9632	9943	10502	10917	10967	12181	12267	12813	13053	13087	13194	13200	13448	13549	13721	13834	13953	13971	14080	14113	14239	14265	14271	14295	14375	14402	14408
68	1.0	357	761	1430	1744	6432	7081	7454	7745	7957	10495	10971	11501	12167
69	1.0	37	56	556	1313	1630	2071	2203	2611	2905	3565	3620	4083	4882	5115	5245	5367	5396	5809	5923	6109	6364	6483	6860	7317	7462	7777	8208	8332	8584	8709	8978	9642	9655	10107	10994	11060	11498	11848	11900	12153	12297	12309	12399	12933	13043	13267	13411	13680	13840	14005	14142	14218	14409	14477	14607
70	1.0	236	373	873	966	983	1245	2467	3093	3325	3448	3575	3830	4219	4658	4673	4786	4806	4909	5859	6226	6334	6474	6724	6789	6938	7667	7721	7894	7904	8078	8961	9503	9775	10208	10565	10698	11189	11220	11433	11505	11863	11979	11989	12161	12231	13115	13164	13847	14587
71	1.0	244	1155	1372	1621	1948	1999	2110	3274	3941	3998	4656	4683	4913	5167	7575	8484	9728	10021	10346	10754	11160	11271	11291	12431	12455	12816	13015	13573	14610
72	1.0	1160	1285	5077	8242	12500	12736
73	1.0	564	767	841	972	1083	1266	1288	1370	1466	1492	1600	1781	2230	2349	2435	2986	3207	3392	3399	3454	3495	3728	3945	4028	4062	4158	4170	4283	4477	4555	4701	4941	5080	5175	5265	5336	5471	5529	5804	5819	6024	6191	6487	6488	6643	6645	6740	7289	7643	7685	7913	7987	7988	8038	8169	8295	8311	8909	9052	9076	9221	9342	9511	9590	10158	10404	10551	10738	10819	11061	11110	11206	11262	11342	11717	12164	12289	12427	12489	12597	12636	12719	12916	13315	13386	13528	13574	14240	14503	14580
74	1.0	482	713	980	1060	1452	2869	3489	3490	3621	3820	4268	4700	4906	5068	5500	5699	5831	6672	6999	7072	7161	7170	7198	8474	8723	9254	10127	10767	10860	11240	12212	13221	13886	14012	14072
75	1.0	550	587	1301	1520	1541	1887	1979	2301	2436	2630	2733	3011	3034	3182	3276	4081	4368	4429	4504	4831	5344	5412	5641	5647	6190	6641	6710	6853	7040	7158	7433	7638	8600	9227	9618	9949	10267	10295	10781	10821	10823	11124	11694	11835	12258	12567	12724	12740	12746	12799	12801	12899	13068	13289	13412	13619	14263	14376	14671
76	1.0	665	1099	1102	1518	1624	1711	2176	2403	2668	3176	3668	4104	4538	4740	4914	5440	5596	6327	6430	6877	6884	7001	7003	7244	7612	7908	7912	8019	8375	8626	8698	8719	9279	9639	10431	10493	11448	11473	12280	12669	12778	12797	13198	13320	13348	13960	14210	14367	14548	14621
77	1.0	62	367	889	1016	1157	1270	1551	1611	1741	1770	1802	1929	2124	2139	2195	3043	3170	3706	4239	4318	4364	4406	4409	4554	4922	4955	5079	5142	5257	5688	5787	6118	6275	7036	7475	7482	8247	8549	8965	9320	9358	9614	9825	10371	10730	10974	11274	11590	12251	12666	13252	13792	14073	14563	14614
78	1.0	446	609	734	787	910	1118	1154	1351	1404	1567	1592	1613	1678	1788	1980	2225	2720	2776	2893	3465	3617	3720	3828	3852	3944	4071	4092	4153	4320	4592	4799	4800	5643	5878	5932	5945	6230	6245	6348	6388	6626	6845	7714	7798	8112	8176	8369	8445	8598	8625	8634	8813	8975	9242	9622	9679	9758	10019	10206	10281	10380	10783	10789	10928	10977	11020	11310	11616	11965	11976	12028	12049	12229	12295	12586	12854	12886	12937	13991	14096	14274	14337	14383	14396	14447	14660
79	1.0	370	431	449	591	724	745	1053	1440	1749	1768	1797	2044	2164	2182	2285	2529	2673	2742	3075	3197	3377	3485	3580	3717	3915	4005	4284	4564	4623	4824	4878	5206	5531	5586	5664	5806	6150	6697	6717	6732	7028	7092	7331	7993	8039	8382	8536	8580	8602	8979	9726	9844	10426	10458	10553	10869	11041	11418	11583	11824	11865	12002	12198	12810	12838	12959	13277	13296	13374	13766	14360
80	1.0	157	201	423	781	1158	1256	1566	1736	1925	2168	2561	2926	3036	3124	3143	3280	3406	3407	4300	4413	4437	4823	4937	5181	5235	5302	5372	5504	5505	5807	6186	6222	6440	6503	6611	6615	6799	6966	7017	7134	7263	7291	7300	7441	7523	7846	8183	8447	8544	8658	8724	8825	8831	9056	9187	9330	9344	9438	9495	9541	9651	9696	9719	9984	10461	10474	10480	10856	11095	11116	11265	11852	11854	12037	12148	12211	12396	12415	12578	12612	12631	12655	12694	12898	12927	12979	13459	13576	13870	13920	14042	14086	14102	14405	14574	14612
81	1.0	3511	7065	10664	14554
82	1.0	212	475	645	754	794	914	1038	1206	1489	1593	1801	1906	2976	3041	3416	3665	4147	4245	4390	4392	4607	4657	4827	5060	5238	6155	6399	6689	7582	7771	7808	7879	7960	8000	8116	8205	8489	8982	9119	9238	9247	9658	9729	9781	9986	10220	10325	10422	10430	10710	10895	10989	12290	12351	12353	12394	12705	13430	14217	14275	14455
83	1.0	2851	5763	7451	10373	12999	13201
84	1.0	2	194	729	762	1263	1539	1569	1829	1832	1872	2002	2169	2247	2602	2654	2807	3141	3475	3507	3661	3664	4084	4194	4563	4696	5053	5070	5178	5325	5522	5541	5546	5576	6144	6254	6455	6456	6589	6683	6909	7023	7067	7220	7529	8099	8102	8126	8273	8378	8521	8647	9027	9077	9129	9152	9392	9557	9710	9712	9773	9786	10237	10249	10344	10390	10417	10762	10763	10818	11000	11236	11516	11555	11697	11723	11974	12156	12428	13034	13035	13546	13717	13725	13764	13790	14145	14387	14450	14517	14603	14606	14623
85	1.0	747	774	919	1825	3512	4182	4604	7424	8292	10064	10304	11080	11113	11195	12571	12598	12923	12965	13661	14129
86	1.0	419	807	1149	1560	1656	1710	1862	2092	2239	2240	2608	2623	2873	3299	3388	3756	4111	4494	4706	5040	5285	5595	5754	5849	6215	6307	6479	6486	6580	6583	6719	6862	7145	7436	7514	8238	8253	8433	9744	9905	9915	10199	11541	11756	11857	11973	12326	12590	13913	14143	14146	14157	14406	14531
87	1.0	4068	6387	10004	10877
88	1.0	289	1056	1571	1838	1975	1984	2106	2207	2382	2445	2462	2510	3024	3656	3894	3979	4141	4313	4836	5133	5326	5337	5430	5593	5710	5756	5959	6050	6219	6379	6624	6755	7242	7517	7631	7676	7991	8083	8400	8702	8855	8907	9028	9229	9265	9494	9512	9653	9997	10100	10238	10685	10794	11314	11391	11743	11817	11860	11951	12268	12713	12783	13086	14067	14225	14286	14470
89	1.0	186	210	853	875	1254	1665	2805	3234	3468	3722	3996	4653	5378	5585	5739	5827	5899	6297	6787	6803	7323	7483	7809	8147	8240	8535	8572	8782	9137	9370	9907	10625	10709	10996	11266	11322	11357	12095	12189	12195	12596	12633	13496	13638	13815	14074	14276	14311
90	1.0	146	248	1089	1132	1638	1686	1839	1850	1963	2211	2231	2329	2374	2404	2501	2618	2942	3035	3171	3233	3272	3869	3871	3881	4089	4876	5750	5982	6001	6016	6100	6361	6520	6833	6835	7159	7240	7705	7747	7850	8074	8235	8303	8541	8592	8609	8668	8751	8841	8976	9113	9258	9263	9380	9386	9819	10171	10272	10418	10839	11153	11289	11332	11702	11932	12260	12283	12750	12821	13018	13019	13245	13308	13903	14009	14106	14159	14467	14491	14638
91	1.0	184	287	531	679	1054	1580	1750	2157	2447	2474	2578	2643	2653	3366	3434	3483	3570	3896	3911	4475	4530	4600	4721	4926	5015	5276	5317	5615	5616	5663	5667	5842	5868	5949	6137	6238	6389	6513	6558	6562	6767	7189	7325	7401	7493	8045	8061	8081	8364	9390	9641	9875	10067	10084	10269	10520	10921	11035	11449	11503	11645	11647	11828	12133	12199	12296	12442	12632	12993	13171	13204	14008	14039
92	1.0	3590	4818
93	1.0	5078	6545	6764
94	1.0	1040	1437	2299	2476	2872	2975	3026	3070	3095	3467	4107	4468	4734	5693	6621	7414	7547	8418	8555	8759	9036	9122	9184	9418	10209	10339	11371	11880	12075	12175	12179	12527	12561	13485	13987	14573	14640
95	1.0	456	483	5247	7015	7443	8617	11056	12545
96	1.0	162	981	1009	1013	1342	1347	1585	1631	2621	3294	4304	5520	5832	6429	7032	7150	8517	9269	10765	11140	11237	11458	11515	11531	12711	12852	13165	13325	13690	14527	14565
97	1.0	83	231	270	433	543	757	802	1001	1468	1533	1843	2128	2843	2881	3239	3311	3370	3599	3718	3735	3773	3910	4122	4229	4393	4422	4433	4708	4865	4928	5215	5404	5545	5553	5557	5571	5685	5706	6308	6494	6670	6716	7084	7222	7437	7447	7765	7778	7830	8159	8210	8641	8799	9009	9072	9133	9532	9689	9889	9967	10063	10086	10102	10221	10290	10946	10947	10952	10963	11394	11651	11816	11884	11941	12021	12516	12606	12683	12710	12738	12834	12931	13210	13341	13346	13700	13703	13823	13845	14130	14434	14564
98	1.0	457	634	674	964	1068	1127	1416	1607	1639	1675	1761	1778	1861	1864	1908	2146	2543	2725	2743	2790	2792	2937	3179	3256	3286	3344	3777	3783	3790	3890	4225	4356	4654	4722	4894	5101	5249	5550	5795	5830	6300	6418	6442	7049	7303	7382	7399	7492	7554	7615	7815	7962	8123	8125	8356	8630	8657	8771	8867	9103	9243	9348	9414	9695	9720	9849	9888	10300	10303	10386	10718	11086	11280	11290	11349	11591	11841	11958	11967	12262	12698	12789	12930	12978	13020	13085	13114	13143	13272	13287	13461	13871	14124	14135	14247	14318	14368	14468	14518
99	1.0	3	158	225	1037	1228	1695	3372	3923	5567	5773	6232	6262	6847	7288	7369	7574	7934	8705	8834	9316	9416	9841	10023	10286	10383	10609	10673	11687	11911	11920	13748	13860	14100
100	1.0	601	4088	4243	4896	6804	9733	11338	11638	11916	13853
101	1.0	687	698	782	902	1088	1393	1702	1863	2053	3473	3540	3986	4490	4983	5182	5421	5455	5770	5834	6955	7021	7216	8321	8376	8421	8898	9401	9408	9568	9750	9774	9955	10631	11174	11643	11658	11755	11902	11996	13214	13631	13705	14060	14154	14410	14611
102	1.0	351	471	891	1066	1145	1161	1465	1538	1579	1672	1685	1814	1911	2534	2977	3021	3346	3503	3619	4608	4887	4915	5540	5569	5660	5692	5761	5765	6537	6673	6723	6832	6848	7182	8301	8842	8846	8849	9059	9142	9839	10784	11499	11525	11707	11765	11788	12310	12449	12938	12949	13216	13489	14092	14264
103	1.0	11	526	627	751	996	1105	1215	1548	1573	1640	1913	2047	2160	2472	2562	2955	3048	3247	3446	4850	4898	5111	5166	5226	5686	5714	5881	6084	6880	6881	6914	6956	7275	7803	7811	8084	8137	9070	9255	9600	10276	10454	11165	11549	12492	12692	13145	13215	13966	14128	14361	14509	14658
104	1.0	203	434	769	788	798	1439	1748	2204	2219	2777	3085	3119	3163	3786	3974	3978	4328	4580	4766	5019	5093	5205	5370	5562	5590	5758	6070	6187	6221	6296	6623	6768	6894	8142	8747	8754	8959	9069	9276	10098	10234	10348	11312	11994	12556	12712	13066	13468	13575	13640
105	1.0	3315	6519	12624
106	1.0	479	860	1988	6721	12761
107	1.0	223	263	393	398	484	808	957	1217	1265	1599	1712	1986	2085	2103	2276	2380	2409	2924	2957	3064	3292	3298	3329	3420	3492	3539	3564	3702	3900	4012	4341	4489	4557	4785	5000	5102	5114	5204	5532	5912	6099	6248	6529	6569	6696	6953	7061	7286	7318	7361	7372	7429	7455	7501	7533	7748	7952	8028	8509	8591	8704	9010	9236	9321	9398	9761	9767	9865	9901	9957	10528	11009	11015	11232	11281	11354	11494	12014	12114	12224	12341	12580	12718	12832	12851	13016	13309	13385	13557	14018	14149	14193	14194	14221	14359
108	1.0	114	150	502	946	1162	2155	3508	3948	4788	4977	5165	5395	5718	5747	7115	7664	8565	8683	8687	8797	9492	10252	10409	10635	11072	11482	11614	12187	12574	12688	12775	12829	12954	13542	13649	14198	14300
109	1.0	139	283	312	411	459	696	906	1138	1178	1210	1357	1431	1446	1962	2201	2304	2390	2525	2579	2587	3054	3383	3430	4134	4251	4483	4687	4694	4757	4761	4873	5155	5254	5327	5456	5633	5639	5694	5720	5874	6706	6737	6793	6910	6976	7016	7110	7520	7562	7579	7623	7624	8098	8163	8219	8345	8451	8638	9101	9217	9309	9441	9833	9879	10062	10336	10651	10717	10843	10893	10975	11001	11018	11162	11827	12152	12222	12355	12382	12490	12509	12791	12963	13071	13097	13159	13299	13559	13694	13697	13720	14109	14175	14216	14277
110	1.0	220	296	400	700	701	772	1204	1335	1514	2307	2635	2678	2694	2730	2801	3051	3096	3285	3304	3394	3651	3801	3817	3878	4559	4666	4771	5043	5223	5432	5665	5775	6047	6412	6425	6490	6695	6738	6904	6994	7179	7297	7348	7589	7732	7784	8027	8193	8327	8414	8577	8681	8876	8951	9063	9088	9166	9465	9481	9769	9877	10316	10446	10530	10692	10792	10817	11147	11226	11255	11521	11539	11685	12098	12149	12250	12336	12495	12614	12955	13050	13249	13250	13304	13535	13925	14015	14171	14427	14597	14631	14647
111	1.0	98	365	583	632	1329	1406	1769	2073	2259	3037	3445	3644	3658	4162	5232	5405	5788	5957	6010	6901	6933	7538	7649	7713	8495	9030	9249	10117	12119	12209	12883	13358	13588	13731
112	1.0	12	78	149	254	298	443	1004	1074	1286	1337	1751	1836	2615	2914	3241	3347	3463	3538	3587	3643	3867	3951	3983	4163	4330	4348	4611	4731	4736	4750	4819	4841	4999	5602	5630	5661	5908	5944	6062	6209	6258	6298	6398	6650	7278	7848	8032	8136	8189	8396	8703	9017	9163	9369	9583	9605	9817	10137	10232	10306	10455	10541	10571	10677	10844	11389	11422	11644	11975	12064	12342	12448	12479	12757	13044	13129	13483	13524	13668	13749	13899	13902	14147	14511
113	1.0	3436	11639
114	1.0	24	623	1413	2432	2551	2795	3185	3194	3301	3500	3602	3883	4235	4279	4961	5393	5646	5821	5829	6138	6204	6736	7371	8673	9446	9547	9698	9708	9715	9739	9807	9999	10028	10143	10629	11014	11024	11083	11118	11180	11296	11384	11411	11412	11545	11581	11693	11814	11949	12065	12884	13005	13424	13457	13728	14486
115	1.0	5	99	181	205	332	353	643	814	819	958	965	975	1546	1581	1582	1810	1921	2289	2830	3022	3059	3087	3548	4037	4357	4366	4522	4798	4918	4979	5311	5592	5828	5916	6068	6095	6531	6590	6594	6653	6779	7103	7140	7581	7597	7717	7838	7855	7889	8029	8052	8510	8697	9143	9397	9640	9648	9906	9908	9938	10022	10130	10623	10700	10882	10916	11344	11810	11971	12333	12347	12482	13057	13149	13163	13182	13280	13967	13988	14521	14550
116	1.0	7888	11287	11547
117	1.0	107	127	528	532	544	594	740	827	1090	1323	1590	1894	2032	2402	2530	2590	2599	2752	2810	3474	3769	4482	4590	4617	4628	4643	4702	4719	4763	4952	5410	5454	5707	5735	5876	5960	6057	6065	6409	6454	6588	6649	6718	6971	6972	7078	7230	7234	7376	7403	7540	7795	7856	7995	8214	8287	8330	8442	8485	8593	8743	8809	9477	9482	9845	9895	10216	10298	10462	10484	10498	10605	10611	11146	11513	11868	11888	11988	12016	12366	12535	12638	12685	12742	12957	13003	13237	13240	13506	13636	13652	13757	13938	14050	14488
118	1.0	20	187	196	576	718	736	1028	1046	1079	1704	1723	1982	1985	2011	2069	2188	2332	2523	2528	2809	3284	3761	3870	4093	4117	4125	4150	4197	4263	4305	4662	5121	5513	5583	5844	6457	7050	7194	7490	7545	7738	7796	8406	8448	8538	8677	8779	9058	9218	9462	9604	9624	9776	9885	9896	10031	10082	10160	10630	10744	11085	11488	12126	12447	12497	12506	12628	12951	13012	13136	13328	13406	14316	14333	14365
119	1.0	12291
120	1.0	3405	3851
121	1.0	4373	8986
122	1.0	219	549	879	886	1255	1855	1877	2669	2857	3573	3949	4045	4258	4880	5262	5300	5986	7195	7218	8113	8470	8590	8812	9333	9909	10078	10271	10473	10961	11103	11417	11460	11613	12257	12414	12499	12823	13281	13409	13758	14062	14182	14348	14364	14544
123	1.0	125	155	606	1179	1369	1377	1721	2153	3012	3020	3178	3425	3455	3816	4148	4297	4579	4717	5487	5942	6167	7010	7132	7181	7259	7426	7753	7883	7958	8222	8361	8367	9138	9200	9705	9828	9867	10065	10467	10833	10940	11058	11128	11346	11480	11716	11768	12142	12274	12581	12591	12901	12918	13046	13355	13470	13570	13729	13802	13835	13914	13975	14188	14440
124	1.0	1418	13560
125	1.0	6	61	71	73	131	1021	1312	1828	2842	3277	3537	3957	4020	4257	4558	4742	4950	5011	5131	5250	5972	6243	6501	6540	6889	7004	7090	7425	7930	8048	8263	8289	8343	8455	9329	9450	9458	9862	10479	10535	10608	11031	11621	11928	12278	12525	12659	13061	13181	14173	14541	14615
126	1.0	514	907	1184	1240	2142	2863	2962	3122	3154	3768	4109	4682	4917	4946	5394	5589	5893	6217	6218	6277	6284	6482	6743	7091	7268	7634	7686	7797	7862	8391	8430	8454	8505	8689	8815	8847	9260	9395	9423	9524	9814	9829	10051	10095	10106	10524	10622	10637	10739	10876	10965	10988	11341	11472	11737	12048	12165	12530	12772	12859	13446	13532	13892	14310	14393
127	1.0	22	325	2449	2797	3326	4710	5983	6439	7577	8213	8304	8497	8628	8646	8874	10354	10770	12088	12892	12967	13121	13381	13432	13712	13961
128	1.0	183	7295	12311
129	1.0	547	2954	7983
130	1.0	2768	3699	6760	7214	9581	10279	11320	12552	14616
131	1.0	135	250	352	529	551	558	863	953	1071	1172	1371	1601	1917	2109	2111	2351	2414	2832	3214	3857	3926	4877	4891	5158	5258	5260	5350	5617	5730	5824	6120	6176	6231	6638	6745	6770	6801	6814	7112	7312	7406	7417	7459	7614	7658	7661	7861	7976	7982	8007	8192	8267	8573	8826	8950	8960	8973	9176	9378	9491	9727	9731	9801	9937	10108	10159	10222	10394	10731	11022	11345	11365	11377	11481	11806	12045	12132	12144	12207	12261	12329	12348	12466	12684	13064	13131	13206	13306	13788	13909	13931	13970	13979	14024	14222	14314	14457
132	1.0	3375	10931	13474
133	1.0	5652	6647	12727	12763
134	1.0	10294	10992
135	1.0	359	3127	5862	6559	6677	6854	13010	14176
136	1.0	117	402	676	1042	1174	1282	2038	2213	2298	2634	2644	2766	2866	2910	3088	3450	3549	3623	3629	3752	3778	3937	5208	5356	5449	5472	5538	5963	6044	6166	6512	6965	7207	7893	7943	7989	8156	8281	8413	8545	8574	9074	9188	9190	9232	9302	9569	9629	9741	9800	10029	10153	10255	10326	10678	10891	11350	11425	11767	12269	12337	12731	12833	13063	13607	13969	14150	14299	14463	14624
137	1.0	30	110	165	339	503	504	620	717	790	820	842	1636	1972	2138	2762	2849	2887	2979	3077	3123	3481	3592	3713	3750	3829	4196	4395	5293	5390	6382	6475	6536	6978	7276	7477	7768	7786	8416	8561	8788	8845	8906	8998	9012	9323	9332	9422	9597	10270	10406	11216	11375	11387	11456	11479	11611	11750	12139	12210	12276	12361	12733	13128	13132	13682	13761	14132	14445	14629	14645
138	1.0	238	3814	12637
139	1.0	213	318	524	893	1277	1503	1552	1973	2370	2439	2833	2909	3010	3228	3242	3683	3865	4521	4546	5192	5376	5444	5530	5955	6206	6448	6815	6900	7005	7106	7201	7350	7608	8063	8601	8690	9537	9549	9919	10511	10776	10842	10890	11090	11292	11600	12079	12302	12426	12762	12776	12969	13351	13471	13488	13539	13571	13591	13752	13799	14172	14196	14552	14659
140	1.0	86	166	488	1603	1926	2056	2101	2312	2875	3098	4001	4078	4100	4137	4316	4372	4384	4459	4498	4651	5358	5375	5766	5933	5952	6272	6762	6915	7042	7114	7133	7196	7335	7613	7693	7828	7951	8060	9034	9197	9928	10534	10697	11075	11316	11408	11451	11731	12418	12549	12610	13465	13467	13547	13698	14228	14343	14444	14677
141	1.0	11267	12240
142	1.0	5190	12803	14079
143	1.0	66	255	291	342	406	572	849	1044	1272	1532	1900	2105	2140	2253	2512	2718	2775	2814	2870	2930	3771	3950	4321	4425	4647	4828	4897	5025	5112	5572	5605	5749	5751	6090	6255	6339	6844	7079	7334	7402	7670	7925	8223	8581	8827	8923	8939	9095	9151	9219	9461	9536	9555	10010	10050	10169	10489	10761	10799	10973	11275	11507	12059	12143	12277	12325	12446	12974	13118	13247	13300	13520	13531	13687	13707	13781	13827	13848	14270	14482
144	1.0	64	256	403	513	666	1092	1252	1652	1937	2677	2818	2981	3068	3618	3795	3863	4210	4517	4598	4986	5149	5717	6359	6426	6628	6679	6839	7018	7025	7961	9216	9286	9930	10075	10241	10451	10774	11053	11250	11453	12769	12815	13125	13290	13809	13822	14312
145	1.0	101	448	709	857	1194	1425	1451	1523	1728	1818	2144	2347	2453	2682	2696	2785	2999	3278	3524	3639	3925	4036	4244	4535	4764	4838	4868	4957	5041	5087	5263	5275	5629	5810	5888	6151	6593	6903	7002	7831	8209	8249	8817	8832	8920	8938	8969	9431	9713	9961	10342	10370	10779	10791	11004	11026	11171	11288	11672	11820	12105	13014	13283	13635	13849	14133	14272	14415	14529
146	1.0	199	469	887	1691	2215	2244	2732	2759	3250	3303	3363	3899	4193	4242	4584	4726	4815	4852	5507	5837	5898	5999	6156	6869	7169	7357	7405	7539	7546	8750	9851	9926	10175	10805	11300	11492	11706	12524	12730	12995	13258	13872	13994	14305	14535
147	1.0	1	818	865	1170	1200	1359	1395	1531	1677	1722	1879	2779	2821	3578	3678	3705	4212	4281	4326	4340	4512	5613	5700	6092	6366	6598	6990	7062	7228	7398	7696	7931	8110	8892	9277	9625	10659	10723	10751	10806	10870	11559	11980	12060	12072	12843	13501	13816	14202	14582	14655	14663
148	1.0	1318	1322	1562	1763	1902	2938	4008	4057	4375	4434	4591	4619	4888	4908	5105	5146	5493	5560	5624	5778	5853	6086	6498	6934	7156	7526	7746	7944	8265	8500	8691	8837	9073	9337	10058	10244	10358	10813	10927	11602	11733	11837	11964	12287	12747	13110	13156	13207	13356	13397	13830
149	1.0	14	167	326	429	755	1014	1063	1199	1419	1568	1596	1755	1811	1826	1942	2181	2216	2424	2546	2585	2822	3191	3649	4002	4165	4817	4892	4940	5229	5384	5476	5725	6140	6158	6229	6527	6988	7143	7283	7494	7979	8095	8124	8168	8340	8410	8468	8629	8838	9007	9115	9308	9442	9452	9596	10150	10183	10564	10964	11126	11221	11321	11509	11899	12003	12015	12032	12066	12203	12246	12330	12513	12697	12874	12904	13078	13632	13662	14219	14268	14297	14471	14577
150	1.0	4	53	111	1965	2961	4030	5047	5251	5447	5460	5535	5886	6438	6561	6658	6991	7469	8035	8260	8780	9366	9563	10400	11117	11218	11356	11567	12007	12054	12421	12935	12958	14025	14170
151	1.0	159	926	1171	1516	1534	1671	1890	1891	2191	2361	2450	2459	2486	2493	2540	2555	2731	2932	3116	3310	3419	3563	3684	3919	4344	4446	4454	4505	4614	4783	5268	5357	5517	5573	5574	5727	5967	5985	6028	6241	6274	6374	6403	6526	6564	6861	6879	6891	6942	7113	7233	7408	7479	7535	7596	7891	8010	8259	8383	8513	8972	9220	9230	9433	9558	10097	10167	10214	10351	10384	10518	10540	10582	10586	11625	12063	12550	12800	12855	13113	13271	13399	13502	13615	13852	13942	14181	14555	14656
152	1.0	998	5408	13824
153	1.0	79	319	366	595	703	730	752	1248	1394	1542	1786	1896	2308	2418	2504	2844	3715	3837	4847	5092	5274	6271	6400	6582	6669	6986	7008	7080	7510	7580	7590	7594	7652	8232	8882	9530	9922	9992	10228	10266	10560	10650	10771	10914	11109	11629	11754	11939	12272	12313	13199	13605	13756	13868	13950
154	1.0	2255	2340	6168	7737
155	1.0	1773	1993	7876	8146	12115
156	1.0	243	293	557	602	640	895	993	1271	1690	2145	2394	3246	3323	3396	3579	3616	3704	3968	3970	4023	4074	4271	4272	4333	4648	4709	5095	5495	5642	5691	5867	5880	6301	6309	6395	6507	6602	6778	7095	7120	7127	7235	7617	7741	7977	8275	8504	8656	8783	8784	8945	9960	9991	10118	10164	10594	10910	11011	11169	11282	11414	11592	11641	11676	12124	12438	12464	12481	12494	12498	12732	13022	13140	13166	13428	13568	13646	13701	13930	13957	13983	14115
157	1.0	95	215	1195	1482	1785	2280	2306	2411	2433	2633	3523	3559	4216	4285	4292	4893	5084	5627	6002	6093	6278	6523	7755	7854	8187	8237	8987	9314	10089	10285	10648	10667	11078	11931	12145	12197	12537	12599	12753	13312	13403	13509	13875	14668
158	1.0	268	1642	2104	2420	2737	3131	3136	3687	3803	3903	4171	4536	6019	6358	6596	7087	7130	7282	7537	7595	7867	7880	8058	9353	9873	10829	11260	11487	11576	12235	12563	12760	12924	13096	13420
159	1.0	161	823	1085	1091	1845	2010	2369	2890	3330	3442	4144	4360	5496	5515	5813	5884	6005	6131	7192	7485	7950	8693	8901	8912	8963	9299	9426	9454	9572	9842	10291	10505	11181	11464	11915	12058	12091	12265	13023	14344
160	1.0	44	560	888	1020	1243	1583	1643	1868	1898	2052	2517	2550	2806	2883	3271	3381	3969	4139	4627	4812	4958	4960	5089	5278	5672	5805	6060	6171	6402	6449	6511	6928	6960	7144	7264	7358	7488	7725	7794	8167	8346	9047	9193	9209	9404	9664	9675	9770	9950	10045	10302	10888	11025	11050	11243	11355	11374	11728	11959	11984	12012	12030	12140	12242	12332	12472	12541	12878	13234	13246	13255	13342	13572	13624	13708	14099	14335	14411	14489	14600
161	1.0	2856	12391	12654
162	1.0	28	52	77	261	615	1031	1233	1420	1441	1462	1476	1676	2081	2265	2399	2455	2878	2900	3534	3682	3724	3824	3927	3932	4306	4351	4457	5483	5796	5905	6179	6353	6549	6600	6912	8157	8317	8623	9049	9111	9186	9312	9528	10074	10115	10149	10533	10580	11065	11070	11164	11666	12169	12186	12266	12371	12386	12687	13231	13260	13611	13741	13796	14058	14084	14118	14398	14628
163	1.0	2456	4743	6211	6619
164	1.0	294	1387	1454	2020	2066	2303	2470	3031	3633	3733	3737	3940	4017	4128	4399	4502	5446	5748	6094	6259	6350	6356	6365	6371	7043	7153	7703	7708	7837	7947	8467	8632	8854	8996	9114	9180	9455	9506	9636	9891	10425	10646	10695	10941	11343	11802	12146	12294	12407	12483	12891	13242	13382	13398	13458	13460	13516	13659	13973	14028	14204	14466	14472
165	1.0	681	770	1136	1473	2030	2037	2356	2515	2712	2921	2936	2958	2997	3132	3161	3422	3882	4000	4401	4450	4539	4698	5016	5264	5587	5919	5976	6302	6318	6372	6949	6980	7541	8013	8181	8228	8458	8506	8563	8660	8712	8859	8905	9384	9545	9872	9936	10424	10920	11443	11520	11688	11813	12084	12093	12109	12463	12548	12604	12849	12877	12946	13241	13511	13774	13977	14208	14373	14520
166	1.0	55	253	409	424	877	922	1002	1434	1487	1502	1517	1650	1791	2027	2133	2288	2295	2396	3343	3509	3825	3904	4131	4277	5241	5548	5636	5954	6331	6996	7126	7188	7290	7709	8539	9021	9468	9850	9944	10066	10319	10475	10583	10588	10848	10886	10897	11150	11318	11908	12357	12620	12755	12986	13119	13229	13273	14053	14436	14526
167	1.0	520	682	1463	1694	2392	2947	3140	3282	4232	4315	4529	5270	5281	5369	5524	5850	5921	6072	6349	8070	8315	8643	8667	9086	9087	9231	9469	9551	9646	9917	10620	10953	11413	11675	12022	12118	12662	12857	13469	13746	13906	14391
168	1.0	10486	13900
169	1.0	6480	7206
170	1.0	168	249	697	915	954	985	1022	1041	1043	1055	1577	1653	2022	2033	2050	2082	2147	2197	2218	2232	2260	2372	2605	2610	2622	2750	2845	2970	3084	3193	3440	3501	3747	4236	4269	4430	4720	5059	5283	5697	5701	6119	6354	6405	6739	6836	6964	7345	7637	7662	7909	7968	8270	8342	8716	8791	8862	8873	9090	9225	9339	9539	9694	10399	10513	10617	10853	11029	11033	11102	11304	11554	11631	11752	11805	11897	12025	12043	12154	12185	12281	12621	12770	12842	12987	13024	13151	13364	13521	13593	13633	13714	13719	13723	14094	14279	14291	14327	14417
171	1.0	6420	8071	12771
172	1.0	160	868	7792	8900	8983	10312
173	1.0	96	266	378	731	942	1080	1469	1612	1735	2136	2200	2228	2282	2358	2496	2598	2800	2860	2966	2978	3003	3063	3180	3318	3411	3429	3462	3606	3634	3700	4048	4155	4195	4692	4866	5055	5106	5116	5163	5246	5581	5721	5742	5789	6029	6059	6310	6651	6655	6902	6968	6974	7029	7094	7137	7166	7327	7578	7723	7761	7804	7946	7990	8620	9140	9168	9336	9772	10178	10192	10349	10407	10563	10568	10951	11097	11198	11308	11587	11609	11612	11663	11678	11705	11903	12176	12293	13176	13220	13227	13244	13655	13671	13693	13793	13844	14372	14528	14673
174	1.0	485	1629	1983	3314	3334	4055	4260	5120	7836	8274	9969	11397	11858	13643
175	1.0	2508	6871	13318	13437
176	1.0	5716	11450	13782
177	1.0	50	584	916	1000	1012	1249	1334	1967	2582	2657	2988	3157	3261	3269	3691	4369	5088	5199	5397	6154	6477	6595	7321	7706	8122	8483	9294	9498	9603	10061	10157	10878	11002	11028	11423	11585	11725	12191	12306	13155	13278	13354	13558	13855	14068	14104	14439	14675
178	1.0	115	143	172	382	598	648	742	831	1114	1305	1391	1444	1657	1932	1960	2180	2273	2365	2393	2636	2756	2808	3145	3258	3275	3412	3457	3551	3990	4418	4423	4660	4845	5003	5065	5623	5625	5640	5703	5709	5931	6096	6149	6160	6188	6530	6533	7223	7360	7388	7412	7570	7782	8090	8100	8487	8520	8887	8904	9071	9228	9248	9293	9356	9367	9486	9613	9746	9924	9973	10254	11067	11082	11108	11133	11190	11327	11605	11763	11890	12097	12106	12225	12440	12618	12846	13084	13093	13340	13479	13487	13565	13704	14203	14207	14421	14460
179	1.0	31	197	247	305	401	896	1122	1655	1714	1765	2029	2499	2604	2763	2953	3224	3480	3608	3679	3685	3770	3842	3991	3993	4256	4276	4479	4921	5184	5209	5319	5354	5563	5838	6276	6414	6476	6508	7124	7787	7822	7941	8017	8542	8761	9005	9097	9251	9324	9425	9609	9654	9681	9768	10008	10069	10584	10846	10929	11264	11437	11619	11894	12501	13154	13365	13891	14164	14209	14370	14419
180	1.0	91	239	276	478	577	656	719	979	1262	1493	1772	1878	1971	1978	2488	2877	2885	2950	3237	3245	3833	4044	4156	4157	4233	4455	4464	4506	4514	4902	4942	4969	5099	5289	5651	5772	5915	6040	6147	6281	6514	6704	6957	7407	7430	7728	7833	8475	8502	8503	8514	8637	8769	8981	9136	9164	9963	10212	10557	10704	10725	11130	11268	11430	11462	11466	11558	11584	11617	12401	12408	13103	13371	13553	13732	13867	13958	14189	14230	14461	14496	14641
181	1.0	4588	5608	6445
182	1.0	5072	9023	10899
183	1.0	245	345	395	545	816	949	1069	1296	1327	1353	1615	1622	1703	2206	2454	3000	3038	3437	3554	3626	4075	4206	4323	4416	4426	4486	5519	5609	5644	5781	6013	6620	6712	7232	7336	7730	7938	8353	8958	9046	9182	9387	9809	11063	11711	13080	13429	13613	13726	13990	14093	14134	14253	14261	14605	14613
184	1.0	227	976	1026	1075	1664	1754	2322	2428	2446	2482	2549	3167	3195	3307	3597	3647	5049	5124	5150	5202	5462	5547	5696	6252	6587	6922	8347	8405	8679	8794	8860	8985	9326	9553	9808	10219	10323	10487	10790	11269	11407	11673	11745	12903	13137	13212	13236	13423	13612	14139	14340	14443	14473
185	1.0	26	206	228	299	356	494	542	1212	1261	1366	1610	1918	2256	2614	2850	3494	3526	3536	3614	3821	4065	4220	4625	6195	6687	6791	6973	7364	7385	8373	8527	8608	8619	8804	9093	9112	9206	9280	9325	9766	10262	10305	10315	10352	10508	10509	10985	11045	11724	11913	12515	13124	13225	13303	13334	13770
186	1.0	308	521	793	848	1025	1368	1376	1421	1586	1627	1681	2287	2319	2387	2838	3025	3729	3759	4903	4959	5002	5680	5734	5890	6015	6197	6346	6555	6607	6662	6802	6969	7231	7544	7739	7770	8151	8441	8461	8795	9382	9586	9661	9757	10070	10147	10185	11047	11537	11987	12080	12120	12174	12554	12617	13011	13111	13696	13890	14412	14502	14619	14635	14654
187	1.0	2691
188	1.0	87	120	368	472	548	680	1224	1481	1707	2003	2057	2318	2853	3369	4585	4668	5032	5839	5848	6757	6775	8082	8111	8225	8355	8435	8464	8582	9271	9577	9935	10142	10453	10529	10587	10733	10785	11055	11168	11532	12592	12623	12788	13645	13684	13709	14045	14059	14087	14501
189	1.0	427	428	501	1050	1187	1385	1511	1883	2514	2667	2716	2724	2965	3358	3585	3641	3725	3748	3805	4052	4575	4636	4984	5034	5173	5191	5335	5343	5626	5798	6172	6466	6493	6674	6698	6935	7100	7177	7435	7716	8381	8438	8763	9050	9067	9144	9156	9285	9435	9474	9612	9725	9837	9979	10163	11123	11175	11235	11367	11744	12053	12170	12764	13238	13359	14014	14107	14303	14559	14586
190	1.0	1628	8466
191	1.0	506	671	746	859	878	1048	1140	1506	1540	2248	2294	2443	2774	2787	2839	3676	3891	4046	4228	4255	4389	5453	6178	6317	6898	7378	7396	8576	8610	8730	9161	9484	9584	9987	10314	10382	10797	10972	11669	11747	12138	12190	12317	12380	13193	13614	13856	14255	14386	14469
192	1.0	618	883	935	1064	1290	1316	1713	1733	2533	2537	2828	2984	3317	3671	3703	3831	4675	5231	5287	5288	5461	6125	6472	6489	7587	7675	7866	7974	8294	8459	8774	8820	8888	9066	9457	10389	10538	10720	11276	11615	11662	12136	12976	13036	13083	13223	13490	13808	13882	14016	14041	14282
193	1.0	659	838	1308	1740	1914	1941	1943	2065	2187	2588	2987	3049	3206	3386	3636	4108	4113	4230	4339	4440	4629	5187	5488	5497	5956	6157	6734	7083	7101	7302	7449	7639	7673	7807	7956	8234	8866	9060	9226	9598	9645	10083	10376	10393	10766	11512	11655	11665	11769	11772	11800	11829	11849	11904	11968	12112	12123	12249	12334	12397	12416	12831	12947	13329	13408	13475	13556	14266	14306	14385	14425	14568	14575
194	1.0	179	637	657	1065	1093	1106	1150	1757	1952	2270	2648	3196	3300	3414	3762	4231	4288	4442	4463	4552	4605	4782	4814	5252	5386	5539	5790	5803	5811	6290	6888	7284	7516	7527	7646	7665	7666	7756	7975	8003	8664	8848	8864	9266	9413	10172	10179	10293	10449	10536	10703	10721	10875	11295	11840	11972	12409	12503	12557	12790	12950	13282	13288	14032	14349	14392
195	1.0	6041	6061	10338
196	1.0	5816	8925	9552	10492	13192
197	1.0	302	5555	8243	13345	14078
198	1.0	10335
199	1.0	39
200	1.0	5203	8674
201	1.0	4870	5745
202	1.0	2840	4768
203	1.0	9051	12247
204	1.0	1633	7998	8001	10702
205	1.0	19	140	251	336	430	489	685	855	911	961	1556	1920	1954	2177	2330	2820	2945	3571	4213	4290	4684	4693	4746	5364	5448	6320	6451	6705	6812	6959	7525	7606	7853	7873	7971	7972	8006	8025	8195	8285	8531	8753	8914	8967	9281	9357	9470	9854	10408	10734	11043	11256	11601	11642	11785	12338	12570	12932	13091	13139	13268	13433	13473	13551	13670	13744	13866	14248
206	1.0	217	234	313	390	477	1098	1959	2516	2575	2813	3072	3356	4208	5162	5883	6314	6347	7419	8348	8666	8954	9167	9471	10273	10689	10854	11376	11467	11715	11815	12941	14001	14116
207	1.0	1151	2964
208	1.0	458	11856
209	1.0	5914	8594	8790
210	1.0	333	962	1654	3340	3680	3765	4526	4688	4781	6630	6886	7260	9445	9611	10690	12073	12411	12588	14401
211	1.0	42	94	142	384	684	763	866	1045	1658	1771	1799	2060	2083	2196	2237	2328	2519	2649	2679	2757	2782	2831	2951	3223	3238	3741	4102	4770	4864	5039	5147	5151	5534	5575	5677	5792	5802	5865	5896	5994	6030	6142	6269	6807	6885	7310	7439	7453	7503	7602	7734	8117	8127	8331	8374	8672	8739	8884	8930	9078	9105	9253	9505	9952	10152	10201	11071	11106	11122	11336	11440	11700	11712	12451	12457	12491	12600	12726	12942	13117	13162	13274	13330	13438	13653	13674	13737	13767	14077	14103	14242	14454	14505	14639
212	1.0	10	90	100	330	498	812	1003	1121	1164	1168	1564	1969	2193	2286	2335	2906	3047	3066	3076	3212	3227	3487	3697	3841	3918	3960	4221	4327	4524	4603	4905	4963	5188	5398	5508	5737	5812	5815	6045	6753	6883	7104	7229	7255	7261	7434	7450	7965	8149	8268	8566	8710	9301	9335	9447	9890	9990	10017	10155	10798	10811	11197	11301	11401	11528	11679	11786	11882	11909	11981	11999	12237	12299	12314	12443	12539	12551	12881	12985	13416	13480	13484	13519	13523	13667	14435	14545
213	1.0	154	237	285	355	404	611	619	625	992	1300	1634	1717	2008	2300	2325	3073	3091	3260	3721	3931	3956	4086	4190	4254	4294	4621	4716	4910	5100	5194	5196	5314	5402	5467	5808	6392	6447	6510	6634	6700	6825	6941	6943	7022	7058	7086	7308	7355	7536	7868	8030	8056	8370	8439	9535	9556	9743	9831	10242	10265	10341	10410	10442	10491	10503	10800	10944	11182	11229	11272	11328	11364	11475	11736	11955	12096	12117	12150	12192	12372	12456	12522	12619	12672	12725	12728	13366	13369	13383	13888	14347	14462	14493	14652	14678
214	1.0	105	286	845	917	1033	1051	1061	1398	1831	2019	2444	2848	3630	3754	3921	4014	4090	4322	4349	4405	4462	4601	4795	4830	5123	5129	5200	5212	5340	5611	5719	5736	5928	6635	6661	6763	6859	7190	7448	7569	7644	7954	8290	8680	9737	10224	10282	10387	10476	10619	10760	10938	10966	11073	11132	11167	11170	11252	11533	12452	12505	12652	12982	13076	13157	13219	13651	14158
215	1.0	1062	1107	1386	2419	2940	3071	3139	3174	3264	3504	3772	3966	4597	4678	4973	4989	5117	5614	5856	6102	6547	7368	7456	8277	8885	8977	9287	9542	9699	9748	10166	10363	10995	11529	11801	11907	11952	12163	12213	12441	12973	12994	13286	13441	13686	14378
216	1.0	2480	5009	9149	10669	12116
217	1.0	1666	6123	11572
218	1.0	176	295	377	420	1018	1097	1408	1647	1842	2012	2016	2172	2192	2346	2497	2638	2681	2784	3094	3210	3220	3417	3423	3861	4310	4469	4532	4560	4791	4860	4932	5064	5153	5417	5473	5485	5494	5584	5711	5818	6097	6132	6223	6701	6800	7070	7354	7715	7827	7910	7945	7978	8423	8700	9270	9274	9504	9519	9529	9554	9564	9579	9687	9914	10039	10104	10207	10268	10334	10448	10500	10649	10861	11186	11286	11361	11508	11740	11819	12518	12626	12678	12700	12998	13622	13839	13879	13944	14141	14161	14214	14483
219	1.0	9123	13335
220	1.0	2855	9427	11793
221	1.0	21	347	350	861	876	1824	2095	2266	2341	2461	3695	3764	4199	4794	5216	5753	5762	6617	6644	6680	7248	7905	8077	8818	9081	9132	9870	10093	10225	10885	11561	11844	12444	13514	13665	13889	13955	14330
222	1.0	27	147	470	592	678	800	924	968	1005	1144	1191	1220	1268	1524	1617	1793	1964	2166	2468	2500	2826	3074	3404	3757	3893	3997	4004	4211	4286	4480	4576	4615	4776	5411	5996	6182	6627	6838	6896	6920	7041	7326	7431	7802	8092	8498	8800	8970	9162	9402	9403	9616	9810	9863	10251	10432	10472	10696	10707	10810	10896	11066	11368	11402	11571	11650	11713	12565	12667	13175	13209	13284	13352	13564	13689	13812	14037	14163	14519	14579
223	1.0	224	1519	1674	1846	2492	2985	3451	3804	4379	4408	5892	5913	5987	6091	6504	7107	7160	7217	7718	8145	8662	8993	9300	9996	10543	11640	11905	12880	13008	13462	13773	14167	14288
224	1.0	13047	14593
225	1.0	4839	5542
226	1.0	1816	13450
227	1.0	394	4097	5143	5950	8922	12104
228	1.0	0	284	534	575	1011	1442	1693	2089	2183	2631	2967	3128	3267	3322	3359	3638	3701	4189	4217	4420	4671	4730	4765	5014	5044	5156	5164	5256	5305	5328	5399	5422	5681	5785	5911	6017	6034	6083	6401	6591	6592	6987	7457	7881	7900	7967	8034	8131	8314	8326	8559	8650	8684	8927	9245	9315	9514	9526	9782	10101	10539	10545	10729	10908	10959	11185	11797	11937	11946	12042	12046	12432	12514	12735	12850	12940	13141	13343	13826	13982	14002	14345	14648
229	1.0	811	2400	8486
230	1.0	4829	5207	5334	10043	11779	12218	13073
231	1.0	5435	11101	13602
232	1.0	2333	11833
233	1.0	1235	6345
234	1.0	222	274	358	897	1237	1269	1790	1994	2130	2711	2982	3029	3186	3248	3254	3789	3961	4705	4884	5366	5666	5724	5902	6220	7074	7085	8452	8481	9440	9822	9853	10435	10601	10983	11149	11325	11699	11962	12101	12564	12866	13004	13533	13555	13616	13625	13626	13895	14076	14319	14395
235	1.0	15	32	68	200	653	658	683	804	1456	1467	1501	1808	2000	2018	2210	2233	2389	2506	2548	2572	3058	3566	3605	3980	4166	4324	4345	4449	4703	4962	5523	5658	5922	6122	6441	6517	6636	6665	6783	6809	6837	6907	6939	6970	7187	7281	7465	7618	7632	7885	8068	8179	8211	8312	8318	8320	8394	8548	8558	9203	9295	9591	9673	9703	9747	9816	9855	9980	10250	10482	10824	10923	11048	11087	11204	11519	11953	12364	12679	12836	13202	13208	13657	13664	13857	13962	14137	14571
236	1.0	563	939	947	967	973	1120	1289	1331	1724	1919	2058	2170	2478	2584	2758	2816	3160	3251	3556	3646	4192	4445	4695	4729	4833	5035	5840	5870	5904	6134	6159	6311	7202	7561	7645	7668	7758	7870	8349	8385	8568	8816	8913	9135	9388	9576	9745	9797	9882	10109	10711	10750	10804	11038	11183	11774	11832	11922	12529	12650	12749	12909	12928	13017	13058	13070	13146	13391	13537	14192	14281
237	1.0	119	467	894	1116	1222	1253	1498	1513	2055	2134	2151	2235	2484	2727	3166	3345	3400	3742	3854	4126	4400	5058	5362	5845	6212	6496	6584	6599	6927	7148	7356	7442	7680	7783	7953	8217	8309	8878	8952	9560	9929	10724	10871	11158	11775	11787	12345	12368	12782	13150	13263	13552	13968	14048	14061	14358	14539	14553
238	1.0	7343
239	1.0	4248
240	1.0	13404	14341
241	1.0	2131	3376	6035	7474	10310	10658
242	1.0	148	174	175	579	596	826	835	1058	1625	1860	1916	1990	2079	2245	2251	2296	2353	2941	2980	3257	3458	4553	4593	5109	5303	5320	5365	5478	5671	5746	5817	5939	6008	6282	6333	7152	7669	7812	8016	8653	8995	9264	9368	9381	9723	9790	9826	10510	11129	11200	11620	11656	11812	11982	12052	12221	12860	12871	13270	13279	13295	13932	14184	14403
243	1.0	850	1165	1530	1840	1968	2876	3007	3101	3749	3906	3920	3985	4016	4527	4644	4745	4972	4982	5786	6962	7163	7616	7817	7917	8155	8351	8399	9107	9292	9394	9502	9787	10259	11431	11942	11995	12392	12812	13292	13513	13584	13601	13859	13915	14514	14637
244	1.0	191	8624	13400
245	1.0	626	1459	5122	8403	9546	11477	11983	13454
246	1.0	2854	3158	3384	6727	7185	8534	8991	9718	12573	12627	12682
247	1.0	7711	7869	12254
248	1.0	4534	11579	14562
249	1.0	6200	6694
250	1.0	5715	6139	6208	8822
251	1.0	3219	5355	12734	13422	14506
252	1.0	8	1448	6946
253	1.0	2710	3527	5445	6214	11749
254	1.0	307	527	561	890	923	1100	1192	1307	1495	1809	2009	2040	2684	2837	3313	3727	4151	5042	5645	6087	6929	6975	7180	7277	7496	8067	8086	8379	8595	8732	9359	9753	10124	10440	10452	10496	10547	10566	10970	12206	12319	12671	12677	12804	12984	13530	14013	14186	14273
255	1.0	47	235	1474	1544	1641	1882	1998	2148	2406	2431	2463	2483	2651	2688	2713	2765	2902	3105	3115	3151	3165	3438	3452	3782	3992	4270	4428	4511	4649	4691	4849	4851	4871	5108	5183	5413	5443	5610	5679	6194	6360	6534	6693	6748	6841	7339	7549	7742	7799	7936	8002	8062	8469	8540	8599	8714	8725	9033	9044	9354	9663	9779	9871	10256	10574	10636	10748	10752	11131	11211	11258	11360	11385	11575	11603	11604	11727	11760	11957	12350	12517	12611	12674	12681	12743	13180	13333	13463	13755	13877	14424	14449	14524
256	1.0	364	372	612	1835	1851	2661	2707	2908	2919	3106	4227	4797	5953	6114	6535	6699	8720	9139	9459	9628	9976	10714	11010	12665	12787	13305	13326	13512	13608
257	1.0	113	499	732	840	925	1355	1602	1815	2137	2345	2373	2441	2773	3336	3402	3558	3648	3675	3730	3924	3946	3972	4273	4367	4616	4711	4809	5110	5171	5176	5279	5769	5918	6326	6609	6654	6811	6830	7019	7096	7173	7208	7750	8020	8080	8269	8316	8507	8552	8616	8733	8916	8918	9020	9192	9921	10116	10782	10834	11242	11379	11405	11485	11565	11628	12009	12027	12141	12642	12817	13187	13739	13779	14262
258	1.0	2628	8250
259	1.0	3984	8585
260	1.0	40	269	337	688	1173	1185	1365	1510	1545	1597	1776	1889	1912	2281	2336	2427	2738	2817	3092	3333	3409	3469	3520	3650	3779	3838	3905	3994	4146	4274	4303	4312	4314	4754	4821	5368	5383	5416	5479	5836	6115	6261	6566	6675	7389	7674	8049	8128	8165	8171	8251	8308	8537	8550	8578	8772	8802	8811	8852	8911	9068	9752	9910	10014	10049	10292	10301	10343	10369	10437	10687	10926	11135	11335	11552	11771	11826	11970	12113	12227	12369	12680	12751	12900	13045	13494	13507	13819	13901	14111	14223	14226	14354	14369	14601
261	1.0	112	536	546	1193	1706	1957	2498	2539	2683	2894	2996	3439	4027	4103	4287	4415	4574	4857	4895	5046	5073	5318	5511	5554	5676	6518	6868	7381	7820	7921	8651	9683	9762	10000	10958	11107	11339	11372	11383	12865	13032	13108	13769	14538
262	1.0	541	909	1094	1294	1484	1782	1907	2221	2313	2458	2583	2989	2993	3270	3364	3365	3379	3393	3510	3591	3901	3975	4058	4070	4132	4417	4432	4551	4638	4784	4920	4990	5057	5104	5452	5536	5564	5619	5872	6668	7418	7767	8015	8663	8853	9364	9374	9588	9736	9805	9836	9878	10121	10355	10468	10499	10546	10694	10757	10831	10852	10911	11125	11245	11947	12285	12471	12576	12648	12693	12872	12896	13040	13170	13751	13874	14000	14110	14233	14534
263	1.0	156	655	721	766	791	1057	1059	1373	1497	1554	1670	1844	1876	1881	1950	2367	3204	3252	3426	3530	3603	4007	4140	4265	4478	4513	4875	4934	5128	5168	5201	5228	5477	5682	5695	5771	6076	6322	6539	6773	6890	7172	7247	7384	7432	7843	7911	8089	8143	8197	8310	8478	8596	8731	8814	9275	9638	9690	9738	10236	10239	10420	10624	10672	10683	10905	11400	11455	11618	11657	12013	12387	13251	13363	13401	13706	13923	13926	14010	14123	14599	14672
264	1.0	38	578	950	1550	1725	1762	1806	2522	3201	3338	3355	3594	4095	4453	4481	5179	5889	6079	6772	7059	7564	8022	8386	8872	9424	9898	10494	12566	13217	13235
265	1.0	7154	11399
266	1.0	207	216	753	765	948	1354	1432	1438	1931	2159	2185	2214	2224	2386	2559	3134	3188	3281	3319	3444	3917	4106	4843	5027	5113	5380	5687	5826	5935	6370	6373	6546	6720	6733	6827	7200	7256	7304	7413	7473	7502	7641	8198	8420	8642	8706	8707	8781	9000	9341	9379	9405	9608	9643	9965	10054	10091	10105	10128	10154	10313	10320	10898	10991	11008	11059	11115	11179	11196	11738	11966	12196	12373	12729	12796	12997	13028	13051	13138	13178	13339	13347	13390	13972	14085	14547
267	1.0	233	331	380	412	624	758	864	1035	1101	1146	1226	1392	1410	1563	1591	1645	1708	1716	1977	2062	2167	2316	2383	2531	2564	2714	2804	2871	2960	3110	3190	3287	3427	4119	4308	4338	4520	4610	4686	4758	4933	5030	5668	5887	6126	6165	6352	6505	6550	6666	6688	6702	6726	6954	7576	7609	8004	8453	8501	8603	8949	8956	9165	9208	9668	9799	10080	10085	10353	10381	10515	10591	10660	10681	10764	10857	10864	11214	11398	11598	11632	11780	11934	12129	12157	12166	12183	12544	12781	12811	13313	13368	13603	13672	13730	14148	14448
268	1.0	8233	10652
269	1.0	455	2344	5071	10715
270	1.0	7857	12798
271	1.0	34	340	413	1276	1356	1427	1477	1483	1869	1903	1936	1940	2005	2359	2734	2859	3308	4500	4503	4659	4840	4936	4965	5062	5570	6078	6747	6906	7243	7296	7363	7370	7444	7611	8096	8186	8190	8685	8741	8990	9022	9181	9215	9456	9567	10079	10466	10501	10549	10741	11201	11347	11998	12131	12475	12485	12559	12839	13099	13317	13396	13436	13806	14049	14199	14356	14589	14598
272	1.0	41	136	474	481	507	616	728	817	905	1095	1112	1283	1358	1360	2068	2107	3061	3413	3460	3461	3518	3775	3982	4039	4198	4402	4412	4774	4993	5360	5937	5977	6129	6161	6614	6681	7054	7088	7328	7404	7929	8583	8586	8713	8821	9025	9141	9657	9857	9998	10170	10385	10434	10469	11166	11178	11420	11682	11689	11870	11945	12023	12201	12430	12594	12630	12691	13074	13695	13838
273	1.0	432	786	943	978	1485	1527	1897	1930	2227	3203	3568	3632	4185	5253	5271	5294	5349	5722	6036	6037	6532	7287	8036	8182	8869	8931	9273	10026	10042	10046	10092	10415	10483	10590	10801	11315	12270	12420	13314	13541	13936	14185
274	1.0	102	605	862	1019	1156	1182	1339	1470	1587	2143	2184	2267	2326	2342	2687	2903	2931	2959	2992	3050	3081	3090	3112	3357	3516	3809	3845	4050	4282	4456	4515	4528	4669	4780	4855	4916	5017	5054	5074	5527	5632	5713	6203	6461	6790	6823	6905	7014	7500	8055	8079	8393	8488	9099	9106	9125	9153	9261	9313	9449	9508	9610	10016	10134	10194	10556	10572	10593	10699	10828	11040	11223	11940	12051	12057	12215	12217	12307	12327	12367	12459	12670	12766	13107	13294	13319	13350	13527	13654	13735	13928	14095	14180	14309	14464
275	1.0	6163	8745
276	1.0	3876	12793
277	1.0	214	454	518	647	815	828	988	1181	1229	1402	1480	2120	2309	2620	2658	2699	2723	2745	2755	2791	3172	3232	3265	3686	3818	3846	3858	4205	5330	5516	5551	6025	6313	6780	7012	7573	7687	8246	8334	8341	8431	8473	8636	8639	8748	9040	9057	9670	10592	10644	10686	10737	10884	11081	11238	11246	11562	11578	11748	11850	11877	12410	12795	12890	13049	13088	13169	13647	13666	13804	14091	14384
278	1.0	311	570	1250	1508	1683	1767	2100	2174	2258	2430	2451	3600	3739	3832	4152	4249	4397	4525	4796	4907	5038	5951	6128	6319	6375	6417	6560	6713	6892	7175	7257	7553	7840	7852	7901	8044	8164	8786	10015	10460	10868	11912	12321	12484	12675	12826	12905	12983	13048	13109	13133	13183	13405	13550	13628	13678	13912	14101	14235	14250	14494	14510
279	1.0	57	381	391	441	537	749	869	1015	1411	1414	2150	3471	3681	3710	3902	4386	4790	5075	5144	5214	5304	5316	5341	5486	5741	5969	6032	6067	6141	6575	6769	7047	7292	7324	8224	8231	8770	8988	9035	9201	9207	9268	9621	9635	9866	10600	10814	10889	11006	11193	11302	11534	11543	11896	12010	12478	12534	12658	13077	13453	13492	13648	13738	13747	14323	14515	14646
280	1.0	13	59	109	668	1052	1521	1570	1574	1589	1739	2099	2116	2268	2366	2659	2664	2899	3033	3240	3428	3499	3743	3785	3898	3936	3952	4094	4826	4853	5169	5491	5599	5604	5673	5791	5823	6177	6253	6499	6586	6834	6872	6982	7506	7532	7622	7903	8119	8384	8417	8615	8640	8936	9686	9834	9860	9931	10162	10682	10866	10933	10954	11219	11307	11943	12029	12083	12147	12809	13311	13392	13505	13715	13833	13964	14213	14245	14315	14426	14498
281	1.0	5286	6416	14428
282	1.0	422	12360
283	1.0	7191	13253
284	1.0	4613	8387
285	1.0	4929	7238	9827	12230
286	1.0	11701	14651
287	1.0	901	3032	7697	10562	11064	14649
288	1.0	349	444	468	1077	1291	1378	1396	1464	2650	3125	3466	3694	4583	4602	4633	4667	4949	5126	5331	5374	5468	5655	6183	7186	7394	7571	8220	8255	9080	10011	10378	10558	10561	10688	10968	11586	12019	12248	13218	13257	13596	13722	14246
289	1.0	74	134	173	437	582	921	1213	2078	2161	2434	2547	2704	2835	3039	3226	3288	3670	3864	4191	4421	4556	4992	5005	5227	5415	5947	6500	6771	6919	7033	7377	7724	7918	7923	7933	7963	8008	8040	8088	8569	8738	9210	9267	9391	9716	9798	9806	10027	10099	10668	11091	11348	11795	12082	12305	12404	12406	12714	13276	13338	13387	13606	14063	14487
290	1.0	3222	5152	12395
291	1.0	2205	4793
292	1.0	33	417	593	667	1017	1417	1479	1865	2041	2320	2323	2376	2565	2567	2589	2891	2944	3339	3341	3432	3464	3624	3689	3836	3981	4098	4280	4640	4650	5339	5670	6509	6552	6826	7373	7466	7694	7890	8264	8293	8631	8708	8894	9038	9118	9351	9476	9656	9721	9755	9968	10514	10618	10621	10641	10666	10706	10836	10987	11340	11465	11468	11535	11646	11842	12086	12214	12589	13191	13810	13873	14160	14200	14251	14438	14522
293	1.0	720	785	1910	2379	2576	3001	3107	3208	3337	3875	3897	4842	4978	6174	6746	7813	8366	8941	9053	10156	10253	10274	10411	10465	11781	12205	12349	13112	13803	14465
294	1.0	317	832	2625	2811	3555	4299	4998	5022	5855	6989	9846	10388	10457	11049	13500	13993	14244	14321	14474
295	1.0	2179	3569	6018	6618
296	1.0	904	1047	1176	1202	1389	1731	2006	2028	2165	2212	2217	2437	2494	2612	2701	2753	2946	2948	3016	3067	3142	3291	3433	3484	3574	3690	4033	4072	4403	4544	4672	4951	5018	5675	6003	6146	6237	6291	6751	6931	6984	6995	7315	7567	7620	7927	8101	8154	8319	8350	8895	8935	8966	9098	9346	9361	9672	9691	10001	10441	10490	10773	10830	10837	10892	11154	11155	11427	11470	11573	11664	11790	12062	12991	13232	13264	13293	13407	13984	14083	14238	14278	14507
297	1.0	9784	10059
298	1.0	252	329	1461	2401	2705	2803	2920	3696	4879	5118	5917	5958	5995	9155	9709	9788	10570	11606	12036	12647	14183	14351	14418
299	1.0	3361	9284
300	1.0	9630	10614
301	1.0	4354	8302
302	1.0	4540	12228
303	1.0	1730	14140
304	1.0	447	2324	3995	5612	6776	7603	8422	8508	8829	11044	11867	14400
305	1.0	1332	6408
306	1.0	552	2364	3916	6391
307	1.0	1423	9631	13801
308	1.0	3183	12089
309	1.0	10998	12720
310	1.0	132	218	690	1115	1343	1428	1821	2074	2090	2229	2291	2384	2760	2916	3218	3884	4013	4053	4634	4646	4966	5021	5277	5309	5351	5509	5678	5989	6053	6404	6849	7142	7269	7341	7411	7839	7874	7922	8175	8257	8579	8766	8801	8897	9134	9334	9430	9823	9848	10025	10277	10347	10506	11239	11259	11311	11518	11751	12005	12331	12521	12562	12820	12844	12971	13630	13980	14433	14536	14560
311	1.0	72	163	271	726	778	989	1264	1529	1635	1870	2036	2087	2252	2331	2524	3006	3014	3229	3348	3360	3672	3909	4085	4252	4307	4383	4516	4971	5154	5433	6069	6121	6193	6292	6548	6639	6796	6895	7136	7239	7249	7258	7273	7347	7409	7415	7423	7677	8033	8109	8245	8440	8851	9026	9347	10041	10088	10181	10392	10445	10531	10616	11139	11416	11574	11892	12531	12706	12777	12786	13092	13134	13503	13794	13878	14057	14267	14556	14642
312	1.0	3150	5594	13937
313	1.0	16	124	843	1267	1561	1618	2603	3156	3217	3532	3853	4025	4138	4169	4541	4645	4674	4816	4939	5083	5135	5559	5794	5894	6117	6469	6516	7024	7722	7772	7886	8133	8199	8306	8324	8511	8861	9338	9722	9824	9939	10260	10299	10372	10419	10684	11454	12099	12180	12436	12756	12845	13002	13226	13590	13734	13843	13904	13974	14458	14569	14644
314	1.0	410	600	604	768	1030	1196	1491	1819	2102	2223	2242	3080	3659	3732	3740	5006	5029	5031	5407	5635	5726	5755	5974	6022	6632	7586	7681	7902	8215	8676	8686	8839	8910	8968	9304	9543	9652	10020	10403	11496	11517	11671	12100	12158	12422	12622	12701	12723	12953	13745	13811	14608
315	1.0	97	362	771	789	1096	1258	1604	2348	3290	3914	4049	4159	4542	4631	5138	5313	5744	5936	5964	6004	6113	6506	6932	7141	7211	7598	7684	7847	8144	8218	8337	8493	8787	8984	9199	9360	9485	9544	9685	9740	10114	10812	10865	11184	11538	11593	11792	12547	12961	13081	13167	13380	13582	13716	13798
316	1.0	646	694	2594	2693	2783	2824	2858	3111	3216	3541	3642	3880	3928	4064	4222	4246	4247	5442	5481	5698	5991	6077	6106	6127	6247	6444	6453	6897	6983	7183	7393	7513	7568	7701	7814	7851	7860	8072	8388	8711	9054	9257	9410	9637	10190	10375	10504	10627	10671	11098	11305	11323	11393	11441	11445	11484	11963	12044	12393	12792	12920	12970	13179	13233	13376	13384	14121	14152
317	1.0	9	388	473	1152	1325	1789	2241	2698	3078	3149	3215	3435	4387	4749	4789	5036	5136	5879	5943	6184	6824	7757	9131	9411	9633	11333	11719	12127	12365	13038	13160	13173	13324	13905	14324
318	1.0	35	48	361	387	872	1197	2001	2292	2586	2607	2722	3044	3211	3478	3561	3583	3612	4948	5193	5299	5301	5552	5690	5782	6340	6368	6570	6866	6875	7038	7157	8118	8161	8204	8207	8516	8622	8699	8808	9062	9124	9234	10040	10094	10245	10485	10610	10925	11270	11502	11722	11741	11960	12204	12245	12488	12608	12744	12808	12814	12875	12934	13009	13449	13522	13641	13656	13681	13685	13813	13908	14155	14308
319	1.0	169	193	232	510	523	555	759	844	1123	1129	1198	1866	1886	2098	2606	3121	3912	4069	4110	4164	4803	4974	5024	5141	5482	6063	6073	6930	7775	8037	8291	8515	8722	8726	8755	8819	9861	10340	10746	10934	11447	12656	13435	13452	14030	14492	14549
320	1.0	341	7635
321	1.0	6384	6742
322	1.0	1381	6080	8947
323	1.0	2686	10204
324	1.0	323	2311	5225	10012
325	1.0	10144	10289
326	1.0	2520	6266
327	1.0	9958	10443	10525	13548
328	1.0	18	58	371	463	476	539	725	1008	1169	1457	1626	1787	1880	2007	2025	2096	2209	2479	2580	2770	3331	3807	3815	3962	3971	4118	4398	4635	5091	5145	5230	5323	5382	5434	5649	5852	5897	5992	6071	6089	6108	6264	6273	6415	6458	6605	6678	6781	6952	7064	7071	7322	7379	7601	7610	7630	7650	7699	7992	8009	8279	8492	8671	8678	8736	8777	8857	8881	9055	9092	9244	9373	9607	9623	9665	10055	10188	10195	10230	10471	10850	10863	11544	11720	11879	11990	12370	12651	12721	12754	13147	13152	13402	13538	13579	14006	14389	14416	14499	14523
329	1.0	221	984	1137	1299	1315	1794	1800	3262	3698	4120	4594	5012	5282	6148	6759	7497	7824	8926	9147	9183	9565	10048	11370	11649	12990	14022	14056	14557
330	1.0	2591	14169
331	1.0	80	304	585	654	675	710	775	776	884	1087	1186	1189	1205	1208	1246	1317	1536	1608	1667	1795	1933	1991	2277	2676	2943	3205	3293	3531	3628	3745	3938	4188	4261	4302	4329	4690	4889	5037	5096	5157	5712	5784	5968	6270	6393	6452	6521	6640	6664	6820	6979	7020	7063	7176	7210	7236	7653	7810	7985	8103	8266	8479	8570	9037	9843	9894	9932	9933	10322	10329	10333	10396	10477	10481	10579	11119	11127	11306	11680	11906	12239	12526	12579	12868	12882	12910	13122	13184	13298	13415	13583	13820	14119	14190	14479
332	1.0	70	493	1218	1734	2538	3028	4336	7678	8499	9196	11121	12480	14081
333	1.0	128	242	945	1275	1310	1328	1415	1697	1753	1847	2076	2609	3018	3057	3153	3244	3398	3826	3879	4015	4458	4496	4753	4947	5503	5780	5869	6337	6376	6603	6766	7034	7138	7305	7387	8230	8472	9121	9179	9363	9789	10141	10187	10324	10374	10456	10523	11381	11436	11564	11636	11985	12017	12067	12087	12134	12263	12316	12603	13026	13791	14162	14307	14404
334	1.0	138	310	538	824	825	846	1082	1159	1163	1679	1746	1837	2465	2629	2670	2672	2675	3148	3390	3723	3744	3758	4040	4047	4291	4844	4935	4956	4997	5007	5066	5403	5459	5469	5674	5738	5864	5895	5984	6362	6435	6556	6622	6663	6777	6993	7467	7672	8066	8227	8339	8368	8434	8567	8728	8953	9372	9582	9792	9796	9977	10007	10057	10321	10379	10459	10661	10708	10922	11051	11054	11209	11474	11486	11595	11935	12026	12128	12208	12454	12538	12653	12660	12818	14296	14302	14336	14394	14413	14420	14437	14500
335	1.0	937	4832	5020	7842	13455
336	1.0	977	14576
337	1.0	145	277	629	779	830	933	960	1326	1361	1409	1490	1737	1915	2031	2080	2119	2413	2416	2771	2897	2913	3177	3598	3635	3781	3796	3934	4022	4187	4347	4493	4582	4665	4676	4861	4964	5185	5273	5291	5298	5406	5528	5607	5909	6153	6335	6386	6411	6437	6585	6659	6876	7026	7250	7600	7731	7841	7935	8150	8194	8254	9014	9148	9212	9241	9298	9660	9682	9714	9838	9948	10145	10309	10311	10364	10665	11037	11143	11279	11500	11674	11683	12271	12343	12487	12607	12640	12752	12873	13413	13464	13545	13554	13660	13795	13884	14475	14630	14662
338	1.0	10945	14342
339	1.0	8880	14269
340	1.0	7121	9146	14066
341	1.0	5170	5920
342	1.0	4925	11726
343	1.0	773	2395
344	1.0	7498	9173	10788	11758
345	1.0	7082	13561
346	1.0	88	188	281	405	442	464	515	663	813	871	1073	1119	1180	1214	1348	2290	2425	2429	2518	2729	3221	3230	3371	3581	3604	3667	3711	4059	4087	4201	4203	4296	4362	4775	4835	4919	4930	5342	5484	5654	5708	5863	5877	5885	6031	6329	6648	7044	7245	7298	7390	7499	7519	7735	7769	7928	7959	8605	8932	8971	9751	9818	9959	10090	10138	10401	10416	10597	11293	11695	11746	11764	12219	12340	12465	12553	12717	12915	13013	13327	13753	13946	14664
347	1.0	452	635	900	1909	2149	2338	3187	3295	3586	4026	4431	4723	4885	6998	7980	8994	10969	12318	13919
348	1.0	7489	12805
349	1.0	9964	11635
350	1.0	4382	6758
351	1.0	3408	11390
352	1.0	7205	14138
353	1.0	392	497	677	881	1247	1324	1537	2477	2708	2749	2836	3726	3760	3907	4424	4728	5213	5414	5537	5558	5820	6227	6434	6497	6579	6711	6840	6851	6899	6925	6944	7213	7252	7522	7640	7682	8069	8097	8135	8184	8362	8377	8404	8477	8557	8621	8758	8796	9117	9233	9680	9717	9764	9780	9832	10005	10275	10589	10632	10674	10732	11034	11137	11799	12000	12130	12322	12413	12748	12913	13332	13425	13534	13543	13778	13846	14029	14294	14653
354	1.0	279	426	642	1183	2051	3424	3611	4262	5973	6749	7332	7534	7671	7819	8933	9297	9327	9970	11476	12004	14156	14353
355	1.0	81	306	1032	1177	1644	2091	2352	2460	2535	2545	2812	2864	3056	3118	3312	3382	3677	4848	4970	4975	5401	5526	5733	5752	5825	6198	6257	6305	7383	8272	8380	8398	8519	9018	9079	9239	9272	9303	9349	9439	9771	9893	10345	10366	10640	10912	11084	11843	12041	12137	12202	12300	12445	12536	13297	13349	13861	13978	14484	14609
356	1.0	171	322	416	689	903	956	1006	1188	1400	1449	1499	1893	1905	2163	2577	2596	2934	3279	3302	3374	3456	3514	3736	3840	3935	4250	4523	4537	4630	5048	5217	5219	5510	5793	5882	6152	6162	6185	6390	6554	6660	7117	7427	7491	7924	8271	8288	8296	8333	8457	8543	8554	8588	8764	8803	8836	9507	9601	9662	9934	10096	10205	10552	10880	11030	11230	11313	11352	11378	11709	11762	11831	11924	12018	12359	12374	12412	12649	12906	12925	12989	13185	13589	13663	14211	14280	14292	14643
357	1.0	439	1304	1779	1823	1884	2049	2059	2279	2305	2695	2721	3562	3572	3827	3855	3963	4214	4301	4715	4967	5134	5428	6164	6249	7647	7744	8107	8444	8729	9278	9527	9649	10414	10900	11577	11845	12193	12676	13498	13727	14112	14674
358	1.0	230	297	396	691	1382	1812	1961	1966	2388	2527	2825	2923	2949	3225	3350	3496	3746	3800	3933	3942	4029	4136	4436	4492	4565	4573	4637	4944	4976	4987	5306	5601	5843	5900	6052	6207	6945	7039	7045	7266	7270	7471	7555	7823	7926	8252	8286	8338	8746	9483	9570	9953	10233	10257	10638	10956	10984	11278	11294	11415	11428	11873	11944	12035	12493	13095	13161	13618	13711	14044	14108	14379	14422	14533	14543	14590	14665
359	1.0	11926	14313
360	1.0	4549	10081
361	1.0	386	451	699	738	1433	1742	2780	3410	3753	3844	3873	4096	4519	4578	4807	4996	5094	5436	6180	6325	6342	6357	6551	7193	7293	7391	7543	7906	8050	8248	8300	8307	9075	9318	9466	9617	9795	9874	10037	10512	10855	11096	11254	11690	12354	12496	12767	12773	13060	13072	13168	13177	13362	13789	13807	13829	14604
362	1.0	177	259	1648	1649	1927	1955	2505	2994	3367	3663	4178	4264	4571	4586	4772	5533	5833	6341	7009	7116	7184	7366	7588	7726	7984	8158	8446	10035	10423	10573	10803	10982	11580	11791	11948	12011	12402	12417	12558	12577	12784	13056	13832	13940	14456
363	1.0	121	190	262	580	652	795	940	1023	1029	1131	1515	1578	1616	1701	1956	1981	2043	2199	2363	2398	2464	2728	3114	3126	3596	3613	4172	4176	4179	4343	4543	4874	4994	5103	5243	5777	5975	5998	6286	6377	6637	6744	6805	6977	7452	7844	7937	7981	8023	8041	8278	8675	9191	9421	9883	9918	9940	10044	10191	10193	10210	10297	10330	10519	10575	10595	10815	10822	10918	10980	11159	11434	11684	11784	11891	11933	12055	12256	12312	12473	12568	12629	12894	12902	13001	13027	13082	13275	13302	13388	13600	13784	14478	14495	14594
364	1.0	987	1259	1606	2302	2440	2895	2952	3198	3378	3662	3666	4006	4079	4465	4510	4622	4655	4804	4834	4863	5662	5938	6169	6577	6631	6708	6855	7167	8652	8735	8737	8889	9178	9259	9288	9331	9352	9510	9585	9749	10036	10360	10943	11257	11540	11624	11878	12159	12511	12699	12722	12929	13055	13439	13526	13676	14026	14588
365	1.0	375	487	610	809	856	1167	1486	1834	1989	2556	2689	2706	3332	3595	3999	4054	4334	4762	4820	4867	4988	5119	5269	5373	5423	5518	5993	6066	6133	6542	6730	6874	7048	7365	7458	7751	7801	7805	7832	8276	8460	8688	8937	9031	9109	9443	9561	9765	9793	9820	9899	10135	10577	10722	10755	10756	11042	11094	11156	11386	11881	12006	12388	12584	13000	13336	13414	13963	14040	14227	14485	14542	14626	14676
366	1.0	2355	8206	13699
367	1.0	106	198	354	1067	1125	1388	1588	1783	1874	1953	2042	2350	2995	3042	3164	3493	3955	4311	4572	4943	4954	5197	5431	5489	5498	5704	5764	5774	5961	5997	6330	6421	6463	6597	7626	7642	8054	8402	8411	8659	9064	9371	9473	9711	9763	9923	10120	10444	10603	10712	10772	11007	11089	11144	11317	11438	11442	11551	12378	12686	12703	12996	13007	13239	13291	13378	13617	13762	13954	14017	14031	14117	14236	14512
368	1.0	309	540	716	898	1076	1458	1709	1945	2198	3100	3130	3472	4067	4112	5684	5866	7274	7460	7550	7656	7774	8140	8428	8833	8997	9082	9158	9160	9214	9406	9644	9674	10497	11950	12696	13935	14020	14252
369	1.0	7720	9016
370	1.0	3079	6355
371	1.0	9171	10628	12560	13307
372	1.0	182	343	435	581	614	672	882	1662	1939	2075	2086	2375	2709	2736	3835	4495	4912	5329	5470	5490	5591	5606	5948	6009	6396	7053	7076	7109	8014	8153	8397	9189	9678	10068	10464	11199	12162	14231
373	1.0	189	636	970	1103	1147	1738	1807	2343	2438	2646	3023	3108	3335	3751	3813	3856	4186	4275	4355	4388	4391	4444	4642	4872	5160	5925	6048	6116	6242	6251	6343	6864	6967	6981	7285	7329	7400	7740	7942	7966	8046	8392	8893	9116	9120	9350	9419	9911	10030	10047	10077	10203	10862	10960	11019	11846	11885	12031	12308	12385	12450	12583	12870	12895	12908	12939	13186	13373	13495	13740	13851	14432
374	1.0	2061	8462	10258	10993
375	1.0	265	407	707	714	799	944	1010	1219	1429	1660	1668	1947	2385	2655	2846	3009	3519	3810	4024	4076	4207	4215	4365	4491	4599	4681	5148	5322	5419	5588	6054	6323	6367	6460	6792	6850	7000	7051	7221	7224	7226	8408	8533	8715	8850	9204	9290	9305	9400	9559	9706	9876	9884	10136	10397	10470	10768	11461	11659	11691	11818	11825	11862	12352	12384	12646	12926	13069	13595	13658	13702	13710	13883	14038	14326	14382	14546	14667
376	1.0	258	617	927	941	1244	1374	1646	1760	1892	2407	2888	3133	3316	3859	4032	4470	4664	4953	5244	5631	5901	5926	6173	6321	6729	6863	6887	7060	8120	8443	8695	8830	8896	8999	9224	9235	9467	9562	9684	9868	10656	11005	11100	11303	11404	11714	11761	11919	11978	12160	12405	12520	12848	12936	12980	13006	14070	14090	14201
377	1.0	278	1375	1718	1871	1996	2113	2337	2600	2956	3082	3380	3453	3513	3517	4035	4168	4488	4732	5198	5352	5543	5924	6234	6293	6424	6625	6961	7215	7301	7338	7346	7559	7604	7829	7863	8012	8026	8202	8335	8480	8613	8635	8649	8940	8946	9252	9701	10123	10227	10264	10578	11334	11830	11961	12220	12298	13025	13059	13065	13650	13776	13777	13992	14362	14618
378	1.0	84	275	421	535	836	930	1108	1134	1141	1292	1340	1614	1727	2077	2381	2571	3373	3806	3888	4350	4419	4508	4595	4735	4738	5210	5425	5525	5822	5910	6056	6604	6735	7030	7151	7294	7719	7776	8178	8344	8390	8924	9659	9724	10359	10887	11823	12232	12243	12555	12605	12668	12702	13062	13104	13466	13817	13929	14054	14256	14446
379	1.0	2715	3502
380	1.0	7204	7438
381	1.0	82	195	383	397	509	705	748	920	1104	1280	1384	1435	1525	1661	1901	1958	2293	2485	2624	2879	3099	3120	3135	3521	3967	4149	4380	4685	4995	5195	5409	5463	5657	5783	5934	5940	5980	6338	6810	6822	7102	7313	7932	8409	8436	8721	8899	9222	9310	9415	9487	9594	9626	9754	10527	10581	11222	11283	11546	11548	11569	12434	13106	13224	13578	13785	14127	14187	14320
382	1.0	453	621	711	936	1443	1904	2054	2327	2880	3547	3731	3734	3767	4034	4042	4237	4404	4810	4900	5189	5514	5814	6244	7203	7552	7556	7679	7949	8166	8297	8425	8823	9328	9548	9573	9602	9813	10119	10176	11410	11527	11836	11925	12435	12468	12785	12893	13029	13033	13098	13190	13493	13567	13981	14249	14481	14657
383	1.0	4200	10516
384	1.0	63	706	1211	1303	1311	1875	2023	2162	2186	2246	2321	2354	2626	2991	3052	3622	3877	3976	3988	4011	4018	4332	4451	4779	4927	5308	6020	6268	6410	6427	6563	6741	6782	6785	7246	7280	7416	7826	8064	8094	8354	8389	8775	8886	9296	9812	10180	10307	10436	10612	10950	11172	11177	11244	11478	11718	11808	11864	12241	12253	12477	12540	12830	13030	13153	13261	13477	13858	14206	14570
385	1.0	320	348	496	565	852	1124	1407	1680	1719	1817	1830	2017	2652	2663	2692	2751	3030	3181	3819	3930	4184	4218	4298	4427	4777	5085	5310	5465	5776	6145	6312	6324	6328	6572	6913	7073	7131	7367	7495	7505	7530	7651	8073	8115	8170	8858	8902	8992	9154	9157	9311	9365	9399	10168	10634	10909	10919	11069	11099	11380	11633	12377	12389	12546	12572	13211	13310	13623	13768	13854	13985	14065	14168
386	1.0	597	661	959	1049	1086	1238	1257	1559	1682	1885	1924	1938	2122	2226	2249	2275	2310	2422	2536	2915	3362	3544	3584	3886	4021	4105	4741	5107	5418	5438	6026	6465	6524	6908	6992	7165	7461	7478	7919	8121	8180	8955	9083	9289	9869	9904	10129	10377	10532	10537	10559	11151	11187	11457	11459	11556	11708	11798	12070	12273	12639	12759	12774	13322	13442	13775	13837	13939	14075	14293	14551	14633
387	1.0	92	315	327	505	664	1422	1553	1928	2408	2469	2627	2911	3138	3557	3674	4003	4031	4143	4714	4767	4846	5098	5159	5566	5871	6951	7359	7397	7781	7872	7999	8607	8744	9516	9693	9802	9947	10643	10759	10796	10881	11152	11161	11324	11608	11861	11918	12039	12216	12864	12956	13254	13482	13510	13805	14122
388	1.0	4679	14179
389	1.0	3354	13174
390	1.0	290	573	1027	1572	1696	1798	1923	1992	2238	2502	2581	2647	2739	2925	3008	3273	3297	3497	3610	3714	3959	4099	4177	4370	4561	5063	5333	5846	6081	6285	6363	6685	6714	6761	6997	7146	7374	7468	7484	8057	8241	8618	8661	8740	8765	9172	9409	9550	9606	9886	9978	10743	10935	11036	11241	11309	11330	11469	11493	11542	11875	12315	12383	12453	12661	13130	13331	13353	13585	14241	14583
391	1.0	153	272	608	829	1126	1278	1687	1764	1849	1853	2015	3083	3129	3144	4041	4474	4507	4792	5391	6224	7463	8085	8185	8426	8526	8692	9460	9835	9913	10202	10642	10736	10749	10808	10901	11023	11142	11191	11228	11298	12616	12806	13456	13927
