1	1.0	5171	10295	1497	766	4577	4221	4704	7306	2593	4141	8499	284	8430	4333	2857	7960	127	3038	4233	1829	9575	3565	9577	6317	2141	2419	397	10432	9717	834	7633	9388	5689	1231	8208	2281	4194	4192	245	10039	6424	6425	3396	2573	9538	9965	1243	9790	1005	435	3617	9032	3697	6165	1631	7153	4744	734	2685	3600	1216	3524	10013	93	4371	3283	161	4839	5223	7161	1106	9943	6698	3968	2860	559	5119	10162	9225	7571	6553	1611	324	4842	10264	770	3623	3190	7023	6978	3918	5531	4502	7108	4462	6372	1289	4995	4991	4549
2	1.0	1141	5176	2788	3049	4023	3408	871	691	5580	8211	6325	5844	2150	8715	7510	1466	3859	8336	5510	1959	9170	7257	7259	6799	8978	7720	2062	9169	8036	3141	7034	396	6149	10238	10125	2309	5253	4280	836	6515	1527	7	9788	4962	913	5000	1338	3746	9082	1933	2836	9643	6845	4296	9412	1531	1660	8500	8051	10410	10307	2191	8342	5133	4538	1427	3367	4822	5780	2583	8069	9138	7643	9629	8577	3726	5425	862	3441	8585	8078	5648	6898	9051	2135	7075	6100	8525	5163	3621	3622	5201	9192	4729	8417	5830	5443	4663	686	1767
3	1.0	9205	8424	10066	1261	7227	4782	8865	3552	7305	5377	347	9932	10051	2927	7319	5598	4485	9574	7722	6319	375	6595	6598	6859	4208	111	5499	7131	3676	6388	7972	4282	796	1711	9383	9679	6067	1019	1013	2768	8758	4196	3744	7624	5484	1980	8895	7708	5973	2372	10144	9241	2456	3757	2618	6535	10022	3212	6767	1586	181	186	2367	3521	9237	9020	3280	5345	6292	6195	9854	1517	9617	887	3903	2633	3060	9598	10473	3733	7673	1893	5355	877	4003	2349	7776	2504	145	208	779	7947	4799	8794	3425	470	8643
4	1.0	8423	7819	7221	497	8095	2520	5626	4904	932	7750	4888	8142	2856	7042	8532	5998	7606	4407	8469	1413	2794	4329	597	982	6985	9651	7035	4659	2989	5505	6662	10335	7738	9784	2445	3588	10228	1936	1939	7707	8951	31	8958	5976	5039	8210	336	8743	3802	10385	179	9039	3213	5236	5867	9334	8107	7359	5344	4526	5224	9438	2517	7401	7403	2735	7291	9348	6891	6890	5215	3014	5211	8404	5357	6345	4694	5724	3971	9952	1278	9356	8646	4465	6862	2333	5635	5630	355	8853	4855
5	1.0	2963	4127	6120	8474	4226	7300	9832	9284	7056	1944	2152	2247	7800	2466	1957	264	10444	268	9669	6016	6560	2669	2149	5015	2478	8263	8687	6084	5257	8885	3478	911	529	4498	10223	2574	4421	7829	4534	6836	577	7346	1907	8114	4061	3690	3361	9401	650	3081	2431	6808	9290	9029	4609	6951	4601	1189	19	3443	6290	8936	7762	8835	9454	9107	3634	10367	7832	7671	6341	6555	1854	2036	6224	8167	204	7668	9218	3353	8558	8241	1287	1976	3331	3111	7184
6	1.0	8388	1263	2845	6127	4022	495	10181	7055	1370	2402	811	1467	7756	6247	1799	7398	1954	6442	6717	3338	1958	1063	2600	3825	5394	980	7032	3679	112	8522	8521	1488	4550	520	4966	5681	6303	2446	4197	8456	5488	10036	2044	1646	5083	2672	8811	6078	3591	9739	9342	10023	8124	7983	8245	5863	8591	1352	2628	1647	6800	7647	9584	9866	3204	6407	2891	3963	3906	7173	7171	5526	4611	6703	2940	6419	6187	1569	9496	1119	9352	613	8797	4660	943	3987
7	1.0	6819	8171	8608	3711	1129	4747	760	2197	5031	4448	8106	4574	5745	10381	9013	7039	9054	10457	1713	6264	6052	7717	2544	4000	7630	4414	6280	3195	3362	8319	289	8611	4976	342	6	3860	452	3386	9725	5007	1452	6970	1233	5389	6491	2787	9692	8553	8284	6885	8721	8337	8971	9483	8952	2957	2184	5042	4375	6011	3205	7068	2271	1280	9901	1061	4643	4214	23	2181	6657	1470	1661	5791	1313	920	2061	7528	488	5911	2216	6695	5550
8	1.0	3270	1300	2960	8253	4087	5398	315	2917	7139	6721	2809	5666	10213	10239	5949	5076	6707	1879	8192	3519	3554	5629	4512	4783	7050	7392	320	7590	5784	7695	1658	2405	7539	3278	4910	9684	6365	1040	1986	8514	888	8224	2939	8756	1151	10052	9728	1136	7353	9291	9847	126	4564	6633	1178	9980	1436	6977	4151	6542	8164	3288	1726	5424	3624	1974	4134	2556	7339	10461	4499	2004	1865	8851	2791	1380	2251	1538
9	1.0	8035	2596	2438	8628	6850	6967	1340	2956	742	10399	9811	4101	8987	4025	3412	7116	10234	5766	7204	9494	6938	492	6166	9150	3787	625	7719	2340	7267	5439	5279	7072	956	3871	3084	917	9936	9503	2012	1212	5064	1210	6973	6829	299	9375	3919	6958	6638	3522	2765	5320	7126	6843	5759	1938	7907	8188	1643	6959	6033	5301	1556	6561	8994	8830	8767	2538	5850	6332	1558	2257	2695	6215	2354	7967
10	1.0	10141	4302	5391	3770	744	2612	6865	6161	7113	6722	7652	8138	1925	3502	7912	3737	9305	6163	9435	6871	9758	7368	2542	7095	9914	3028	5529	3359	2351	733	5563	1	526	1457	7690	5868	327	931	427	1114	4062	7802	8371	8066	8314	7008	8330	4359	4608	4795	8410	10112	6934	8236	5953	3019	1626	4529	7446	1727	2080	7587	4073	7569	3155	5693	3842	9511	6741	2530	6302	2064	6659	377	9002
11	1.0	6855	1226	153	7200	5112	8259	1125	4241	115	5742	6126	6381	6549	5139	7226	4578	9167	4343	3291	9144	2805	3557	4344	4162	3550	7077	9835	9402	4982	4596	6321	7988	1322	6094	349	8929	8847	5458	8222	6588	4213	1808	2738	9255	8397	8153	7866	6732	4443	8311	7623	8005	8795	4779	4398	4759	6794	6792	7239	3381	4015	7600	1680	2358	8317	7746	1635	2699	8340	9579	1406
12	1.0	1348	6857	6837	2718	196	9102	10323	2694	10237	5749	2800	10252	6389	5643	6539	8096	5829	4724	6660	5455	8493	6206	4520	5058	9045	9548	7693	6020	9883	706	8965	7980	774	144	2877	7524	9355	6199	1355	9376	5519	5994	4444	2959	5659	10426	4791	7825	4811	6355	2844	6540	7607	6753	51	7725	809	8839	9885	6133	296	1872	7543	8398	4381	4999
13	1.0	3773	2901	9267	8250	2611	8603	337	9674	9856	10454	4109	9712	9053	7178	10412	3368	7450	3250	7596	6471	2138	1989	325	1464	7613	7751	7554	630	9603	7396	1217	6270	10287	5023	461	329	3741	99	4621	3330	10462	9820	5125	1973	9311	842	2498	5800	6243	5594	7974	7064	942	6798	4911	8418	1388	6743	5810	6687	2252	6665	7688
14	1.0	2710	4265	9238	5546	8213	10124	661	132	137	6606	6456	3306	2236	9873	4222	3046	5465	2024	7301	1771	7241	674	9816	7491	3571	3857	3181	739	4863	1755	5686	5638	1566	2224	8163	3913	9066	2851	2854	9377	3131	10229	9585	5379	6093	6485	5183	6138	2553	5403	7144	5189	7164	4957	2068	9411	3423	8666	511	7225	687	7769
15	1.0	1788	3922	6830	5508	5018	4180	8383	9103	2654	5661	6895	10456	4653	10026	9658	4615	3259	5823	7244	5583	518	1428	1580	1039	403	749	8734	6863	2264	2910	3879	3836	7608	7564	9007	6194	4507	8699	684	8471	1598	4230	3465	3394	6541	1994	2491	7314	3503	4523	5241	9410	6565	7527	9586	1479	9555	4998	6380
16	1.0	2778	989	3924	8177	6968	2650	8620	10290	8566	5213	9860	6924	7118	2942	6923	5053	2784	4046	5888	10084	6688	2640	180	652	8828	3653	10135	2447	7806	6828	5032	2448	8186	2775	6930	6910	6443	9000	90	8679	3640	7730	906	8960	6519	7604	6488	6291	7427	7760	9416	1475	2187	237	7545
17	1.0	4303	9260	7812	8030	2297	1203	6608	131	8299	7831	10103	8542	5772	5708	1715	1638	1730	4726	7593	7150	326	8309	4594	6063	1378	188	3097	147	3977	8515	8434	1310	1157	2703	2287	2646	6719	486	9647	7125	2977	2975	2499	9448	4937	6552	8706	1687	2560	648	7461	7466
18	1.0	699	10460	3638	6834	5191	10303	2739	5078	8681	9752	2948	9164	5640	173	6920	6081	2323	2883	5416	2714	7158	838	5624	3023	2984	182	8614	1113	3975	343	6361	6069	3834	10319	3810	2968	6521	4239	6630	8267	223	4508	7843	2331	5121	6793	4132	3505	2588	2533	1914	7509
19	1.0	6583	9299	9610	865	130	6455	7228	8135	2806	3419	1832	8864	3383	2885	2227	3366	6559	541	481	5922	545	422	7698	1460	9687	7395	2724	8249	5530	263	3150	5464	2185	6529	4370	7120	5405	3086	7318	1625	8083	6777	5304	3112	4566	8764	8304	3192	6070	3692	1417
20	1.0	1143	593	215	8237	8507	858	8741	6168	6534	259	3273	2199	8110	5725	4978	3452	3216	4164	6576	5941	6349	6666	5547	1736	7694	2248	5429	7887	2443	9276	8049	10159	8518	9191	6915	9765	5103	1806	7148	4298	5440	1820	7582	1240	8482	7423	4587	8769	8139
21	1.0	4243	3888	5660	3065	8688	6113	5760	5385	8436	3125	2155	7521	9149	6807	7471	5861	287	5862	1234	1314	10337	4274	443	716	4253	9080	9005	4623	4035	10240	10010	3391	3884	2125	6568	5260	5421	5324	3015	7469	6311	6239	9436	3985	2377	1002	7402
22	1.0	3593	5220	9203	704	1201	9208	8463	5523	5473	3309	4769	6702	8546	3595	3551	3473	1074	754	7366	1256	9562	6324	1034	3664	992	6917	7665	79	5776	7704	1026	7444	3377	4392	56	7061	5615	10106	7046	3962	9944	8919	897	10086
23	1.0	9123	3927	5037	8059	3908	3490	4186	9186	8349	8986	5525	9711	2545	5350	3430	45	7328	4125	7635	1501	6308	424	2116	1096	750	612	1336	4500	4543	9706	9484	4682	783	4074	10094	2890	7992	4915	4762	645	1532	3960	2690	3031
24	1.0	7283	6591	5637	1145	767	8119	7382	6873	8540	4617	5501	7499	7619	4679	8032	232	185	1397	9057	3993	3580	9275	7336	2852	9083	6152	6883	9845	8001	4792	1880	7273	7589	4918	5300	7145	2896	10019	867	1571	2513
25	1.0	6961	9202	3618	8214	4478	4457	5503	2781	4828	7189	5723	3797	6104	5278	3570	156	1522	7415	6306	1173	4218	1276	6991	8333	5991	9179	6526	5047	8266	4351	7868	7419	2899	6109	9900	7347	6462	1846	5741	2790	5910
26	1.0	10142	2638	5298	6966	10068	6723	6727	8891	2680	10458	7879	1161	6261	6284	4121	2904	7099	7888	9938	7737	2502	7477	1995	3818	1318	5735	1494	7233	9989	6739	7782	5774	3070	3463	4423	2310	7709	537	1998	1667	4620
27	1.0	4262	2472	6811	5034	5095	60	3666	8981	6899	1815	4382	7617	1194	1962	8796	812	1751	449	996	2704	1594	5751	5675	3335	3077	6022	8288	3134	4751	5557	53	4014	2025	8911	7995	1007	1972
28	1.0	9096	9451	499	9631	8327	10020	9871	5415	6550	9288	1078	3432	4674	1963	1524	8220	5001	582	2813	4881	10174	8552	3336	1810	8856	5041	10032	1724	34	8913	5129	2108	5919	1363	8975	6155	2090
29	1.0	9602	8278	399	7712	2326	4699	1856	8717	2262	8962	9468	912	4310	1176	2584	9274	2462	2386	7399	8596	4685	9028	9178	3725	3562	5347	6422	16	2339	6501	6117	4400	8890	4481	3961	8587
30	1.0	602	195	9240	1342	663	6982	2632	6708	6969	5504	9160	9495	7325	3518	1812	1583	3101	7413	2383	1095	2811	2451	6887	7649	4052	9397	1042	6354	694	4404	5369	8180	6132	4246	298	8854
31	1.0	2779	6962	9341	10328	2291	333	8429	7280	4220	1903	4341	5655	850	4145	3052	5625	5621	7982	7938	9979	3811	894	5386	5147	2641	385	6527	3352	9213	332	1599	2213	9903	7162	9963
32	1.0	4081	8217	8401	176	10346	6908	6188	5542	4004	6204	8483	187	1504	1655	5161	10265	5281	5069	10390	9666	6523	9194	8531	9849	6957	4505	6398	1624	3376	2754	9570	7181	408	5204
33	1.0	8918	229	8157	8381	7030	8563	8300	6082	7386	7616	4740	4948	4269	8593	1035	7290	9136	637	1668	7669	9766	1867	1868	10225	9231	5952	4079	4755	1752	2397	5695	1006	922
34	1.0	9074	2863	594	114	8173	6701	8527	4044	2568	5434	4807	7051	10189	6761	7512	1377	9787	5908	8592	2288	3835	1090	8102	2153	5339	9623	9198	8027	3886	9924	3421	1242	6198
35	1.0	3920	2907	9200	2843	3040	8341	1544	1714	3347	6220	9972	2211	5680	10136	10266	460	7625	8799	5108	7966	10030	5836	6546	966	3202	8831	2378	1103	7041	1003	2371	9889
36	1.0	6854	3710	6103	3493	4637	9012	235	1905	5645	7837	7456	2207	6473	952	3218	5359	5847	638	4590	7513	5841	2705	10016	5105	6346	6217	1476	8760	3098	7998	5859	359
37	1.0	5013	1781	10047	5744	2829	9307	2804	9772	1775	4518	5353	2888	2221	7470	2076	636	1351	5779	9193	9741	5045	9008	3428	7213	3889	5422	7556	3986	9518	3523
38	1.0	8219	9612	3320	7229	7342	9042	10251	5050	84	2325	9285	4124	4028	3762	7295	4198	9338	6447	9986	3057	7443	7705	5263	6347	1648	5268	2393	413	7901
39	1.0	8050	8031	218	6905	4454	2807	3439	5254	7716	2483	3792	1031	7808	2700	9440	7867	6718	3284	8026	3782	3464	5184	7065	9719	2752	1686	6031	682
40	1.0	8360	2590	3639	628	4326	4767	9917	4417	3175	43	8921	1379	2817	8512	9359	5739	3333	5468	10227	8354	5365	2410	1768	410	6193	8837	293	7689
41	1.0	8057	8744	575	2801	1900	6571	4698	2549	7260	4007	914	7533	1448	442	5533	1596	10038	3641	1849	3786	1705	4393	8730	8487	9830	8976
42	1.0	3902	1168	2769	5520	7111	5743	9655	3042	2225	7478	5781	6202	1376	9460	8433	3137	3139	4352	5651	10090	1640	7069	6213	5931	4970
43	1.0	7816	10322	8745	5740	10341	9052	5492	1945	406	2171	1793	5556	3130	102	8696	5481	1993	3541	782	2129	5713	4396	4836	6774	2392
44	1.0	3168	8238	9329	4020	5138	7130	1896	4723	546	4963	9540	8141	9843	1492	7106	70	7846	7219	6404	3966	1473	2394	4209	5696
45	1.0	6496	9536	7024	6858	9033	5669	6640	1526	1447	3186	10262	10154	3910	7861	387	9791	6715	8246	4812	6353	10099	5409	1535
46	1.0	7287	3599	5331	8529	10470	4612	3009	7958	4690	7795	5984	8718	2621	9069	2979	2121	4439	3012	4667	9048	439	1458	6035
47	1.0	4248	1343	3286	7172	8274	172	2524	8888	1617	1735	9353	9134	3210	1707	4405	3114	4290	2539	2006	2519	510	2350
48	1.0	1328	7138	979	10343	7835	7915	854	4801	7094	5256	5456	6474	916	2039	3932	3547	4668	5831	7316	7217	1518	8972
49	1.0	1645	868	621	2980	3823	8100	8636	5283	6764	4522	2453	10188	6675	3921	1678	1759	4606	6118	3069	3103
50	1.0	6334	3456	3109	603	7853	4309	3495	1960	2567	429	3093	7955	9504	8600	5479	9491	10420	6706	8809	3989
51	1.0	1128	5951	2474	8399	10327	200	6664	610	2423	10133	10391	3321	828	7483	2233	8488	8668	7826	9214	8657
52	1.0	10321	2526	4277	7714	483	5022	2222	3898	5193	3437	3274	3525	4669	6531	7542	9493	2266	5482	4461
53	1.0	3699	5595	7703	7447	6469	1601	3511	4010	9443	6992	8623	2743	8812	9878	4634	513	6872	7667	1109
54	1.0	10143	448	1983	48	10182	6806	5543	4536	141	3221	4823	1438	9807	5116	4933	2510	504	7904	5341
55	1.0	6258	9528	6768	9370	9269	3229	3187	9650	1956	7656	2973	8790	4467	2178	10421	3365	1742
56	1.0	5187	2884	2272	8754	2470	5305	8076	8659	450	6386	3982	6211	9941	1576	9969	6053	7389
57	1.0	5012	318	2043	5175	9259	5230	556	609	10009	7986	9035	7902	9993	924	8416	8121	480
58	1.0	753	5172	2812	1649	2598	8617	4240	3171	4619	5796	108	9897	2142	1029	4533	3532
59	1.0	2541	4990	3200	3863	4334	3594	211	7957	4857	2415	7620	5553	7770	8695	1462
60	1.0	8232	3667	4263	4170	772	4754	8088	15	9894	536	8551	10230	6609	3292
61	1.0	2465	7297	1584	10281	472	3001	6912	2353	8453	4613	10100	2682	3983
62	1.0	2476	4177	7390	2557	535	9813	9403	1697	5203	6323	6700	6164	1020
63	1.0	9396	5250	3512	3696	5457	8985	1367	588	489	10126	8117	2066	6034
64	1.0	10400	1199	3392	9084	6907	1038	6720	7525	128	4604	348	7407	935
65	1.0	9293	3546	2364	2318	5197	5620	8567	5333	6214	2196	923	9542	3781
66	1.0	1949	6784	1283	4809	2034	9763	382	8490	246	2300	6375	4460
67	1.0	7132	5454	9476	3684	3400	1493	9973	8296	5124	2263	4638	7869
68	1.0	2239	4717	5340	7579	6996	52	9761	7417	4286	6918	1603	9934
69	1.0	5406	5262	4043	6502	6136	7355	9587	9880	4358	92	7307
70	1.0	10089	4321	8606	1606	8307	9561	8712	3096	4595	4237	1248
71	1.0	8871	8034	3763	7093	2819	1028	743	1659	5853	9321	10218
72	1.0	1977	1341	3573	262	7954	3528	6115	5915	423	9524	4961
73	1.0	10070	3776	4068	9372	7540	3223	8702	6671	933	9621	5833
74	1.0	4259	5448	8226	9287	3388	8934	2026	1864	512	4551
75	1.0	10063	8362	7813	971	3251	5233	5573	7468	178	2627
76	1.0	10184	10411	6995	9254	8752	1794	9515	444	8724	9426
77	1.0	2201	6497	7293	5363	1076	9159	3324	547	4589	2516
78	1.0	5063	898	2934	1967	5901	9664	2157	7985	4585	10463
79	1.0	7933	3496	3738	10198	6438	121	2180	9466	8739	5799
80	1.0	7331	2420	814	5571	5334	3703	2099	7134	4588
81	1.0	4977	2455	9857	8775	9059	7558	6122	826	7197
82	1.0	1068	9839	10331	3543	5441	3402	4844	1392	162
83	1.0	1094	4045	1174	10075	9534	2985	4895	9320	5999
84	1.0	6403	601	4133	4896	10216	1570	5965	6246	2250
85	1.0	9731	5955	583	4925	194	2283	8823	1906	7796
86	1.0	4874	2486	2311	7479	7919	7198	2755	222	9981
87	1.0	3669	10302	4580	2094	4584	8597	5699	8541	3314
88	1.0	5158	9600	7576	7494	61	7437	8604	7727
89	1.0	6587	4360	6000	10286	3252	1650	8768	4340
90	1.0	1423	6823	4016	3256	5948	2751	1030	7726
91	1.0	3616	581	10310	7496	9523	1757	4956	7010
92	1.0	1221	8511	4511	1579	9465	8475	8859	1403
93	1.0	2147	7335	4870	5280	1839	8480	8571	656
94	1.0	7711	1859	4924	5302	2118	5477	10361
95	1.0	8375	4941	2219	2380	7514	7036	2077
96	1.0	4175	8037	6286	7764	8479	1763	8130
97	1.0	1770	7063	7175	7022	2164	7028
98	1.0	6298	8386	9025	1693	3410	2110
99	1.0	9726	6813	4959	389	2071	5977
100	1.0	5267	3225	6281	7559	6241	9235
101	1.0	1164	14	954	3844	9776	8819
102	1.0	9447	7261	5882	394	4202	171
103	1.0	1555	8749	9362	1720	9141	6256
104	1.0	639	10418	120	5873	7767	554
105	1.0	4654	4891	3796	8725	5572
106	1.0	525	4040	2537	1056	10021
107	1.0	3123	8672	7715	10395	6658
108	1.0	6277	3705	3380	4143	695
109	1.0	50	2651	4288	4494	6262	6589	8777	9104	9590	9841
110	1.0	5136	6174	7924	9616
111	1.0	764	1183	2610	2615	2619	2625	6008	6566	7362	7523	8624	9428	9547	10472
112	1.0	231	1052	2240	3795	4150	6101	8264	9216
113	1.0	330	1073	1191	1303	1463	1870	2087	2162	2373	2416	2656	2771	3020	3149	3253	3319	3715	3874	4390	4424	4766	4770	4802	4886	4958	5509	5804	5821	5877	6004	6233	6867	7282	7462	7500	7644	7733	7745	8146	8508	8862	8970	9038	9078	9180	10062	10191	10221	10298
114	1.0	900	2167	2464	2559	2802	4058	7006	7678
115	1.0	206	276	549	576	904	1023	2565	3030	3327	3567	3766	4027	4063	4339	4758	5087	5094	5775	5797	5802	5880	6212	6348	6363	7552	7872	8403	9527	9656	9727	10139	10324
116	1.0	515	624	866	2282	3801	7071	8568	9519
117	1.0	2126	4053	7014
118	1.0	997	1249	1317	1478	1709	2428	2454	3188	3369	3833	3955	4153	4598	5535	5576	5808	5874	6129	6509	7724	7772	8850	9211	9516	9543	10415
119	1.0	3063	4373	5029	5897	8120	8172	8678	8939	10352
120	1.0	254	2528	2774	7016	7101
121	1.0	633	786	1247	1604	1784	1792	1964	2169	2306	2444	2623	2734	2872	3017	3039	3157	3243	3322	3354	3404	3585	3698	3718	4071	4154	4386	4394	4438	4546	4656	4968	5043	5806	5942	6183	6573	6816	6904	7135	7683	7759	7889	8179	8298	8392	8428	8533	8680	8698	8766	9176	9489	9502	9681	9702	9823	9831	9909
122	1.0	718	1066	1253	1275	1568	1913	2321	2906	3706	4834	4872	4876	5096	6076	6668	7581	7934	8450	9796
123	1.0	226	428	454	464	479	506	517	569	856	1072	1357	1780	2284	2361	2518	2534	2677	2830	2933	3004	3165	3244	3315	3472	3539	3630	3717	4051	4238	4408	5002	5100	5169	5214	5245	5299	5388	5512	5586	5652	5662	5771	5793	5871	5926	6414	6634	6649	6663	6735	6769	6814	6893	6929	7011	7012	7097	7374	7553	7592	7713	7797	7970	8055	8373	8400	8626	8818	9265	9382	9599	9636	9644	9781	10056	10178	10297
124	1.0	3207	9898
125	1.0	219	2018	2662	3211	3515	3974	4055	4576	5390	5515	6066	6869	7192	7404	7574	8547	8675	8692	9595	9757
126	1.0	7378	7876	10114
127	1.0	1079	1254	3000	4069	5453	6073	6178	7321	7823	8504	9775
128	1.0	1731	2370	2606	3754	4657	5238	9143
129	1.0	1653	1803	2892	3427	5475	6615	6856
130	1.0	1324	6180
131	1.0	250	291	991	1390	2403	2406	2645	4336	4748	7270	8583	8612	8673
132	1.0	167	8991
133	1.0	5511	8869
134	1.0	462	1123	4135
135	1.0	719	2163	2342	3265	7315	8880
136	1.0	2355	6254	6755	7146	8244
137	1.0	388	6242
138	1.0	55	307	728	1155	1185	1496	1706	2137	2337	2484	2540	2642	2730	2762	2780	3418	3678	4103	4385	4646	4820	6906	8407	8653	9886	9928
139	1.0	1818	3598	7299	8779	9477
140	1.0	1782	2949	3102	3731	4599	4813	7418	8251	8338	9467	9844
141	1.0	8293	9296
142	1.0	5265	6932	9729
143	1.0	1290	1347	4677	4913	5733	6176	6265	7276	7504	8068	9322	9747
144	1.0	242	269	312	2054	3255	3363	3578	4687	5179	5360	7078	7191	8503	9243	9473	9677	10033	10170
145	1.0	6691	9877
146	1.0	1930	3156	5860
147	1.0	189	306	640	1092	1163	1269	1305	1512	1549	1889	1910	1923	2226	2277	2280	2636	2849	2986	3233	3257	3262	3268	3520	4049	4319	4420	4559	5218	5407	5981	5989	6249	6266	6275	6478	6484	6538	7177	7393	7610	7778	7871	8227	8255	8805	8822	8832	9309	9328	9549	9751	10117	10196	10200	10402
148	1.0	658	1022	1311	3140	3405	3841	3978	4433	5628	5734	5916	6184	6339	7236	7438	8364	8924	9750
149	1.0	1411	3972	6042	7598	9506
150	1.0	781	990	1656	1778	1795	3245	3957	4285	4738	5923	6044	6227	6831	6853	8731	8748	9567	10203	10455
151	1.0	310	522	1245	2136	3083	3106	3568	4930	5198	7862	7899	7997	8359
152	1.0	3224	5777	9753
153	1.0	798	3325	4739	6434	7502	8018	10172
154	1.0	32	2327	2482	6401	6406	6731	8094
155	1.0	467	469	1001	2964	3092	4399	4684	5485	5795	5889	6954	8216	10185	10439
156	1.0	1677	5056	5750
157	1.0	2459	3303	3837	3870	3944	4369	4506	5650	5837	5993	7160
158	1.0	364	5011	5887
159	1.0	516	4938	6683	8639
160	1.0	2124	7916
161	1.0	2067	2103	2667	3209	6273	6674	9940
162	1.0	159	605	3774	5303	5647	5917	6130	6886
163	1.0	1354	10425
164	1.0	5805	6141	6494
165	1.0	86	2295
166	1.0	562	795	2411	2815	3029	5722	7880	7936
167	1.0	5165	6522	10306
168	1.0	1662	1911	2761	3282	3643	4575	5327	9354	9611	10452
169	1.0	28	1402	1898	5142	6086	6468
170	1.0	1804	8459
171	1.0	1482	3597	4431	5770	5921	7672	8454	8519	10469
172	1.0	2759	9459
173	1.0	169	3476	3709
174	1.0	3535	7304	9553
175	1.0	4278	4946
176	1.0	142	579	1468	4182	5140	5974	6226	7940	8011	8149	8275	9258	9385	9591	9694	10309
177	1.0	653	2063	10249
178	1.0	270	1519	3501	3779
179	1.0	366	1175	4686	10127
180	1.0	1469	1953	1982	4312	4743	5827	8683	10275
181	1.0	8516	9442	9608
182	1.0	1811	5431	10165
183	1.0	2999	3967
184	1.0	3066	3930	7780
185	1.0	765	825	3510	4452	4753	5235	7218	8313	8382	8548	9253	9566
186	1.0	365	6878
187	1.0	1087	2316	3350	3444	3477	5924	9805	9848
188	1.0	972	1424	1487	2911	3161	3619	3849	4641	8389	8674
189	1.0	4592	9365
190	1.0	503	619	1140	1329	1391	2241	2267	2345	2554	2635	3296	4131	4300	4628	5131	5244	5444	6395	6416	6446	6965	7140	7298	7397	8736	8886	9086	9735	9749	10180	10377	10394	10447
191	1.0	632	9837
192	1.0	2007	4614	5005	5548	8855	9956
193	1.0	63	910	1032	4144	5066
194	1.0	166	3840	6048	6745	10260
195	1.0	288	958	959	1148	1331	1665	1819	2179	2182	2243	2369	2492	2508	3008	3090	3136	3470	4012	4711	4825	4827	5155	5559	5578	5609	6169	6315	6562	6581	7641	7758	8693	8738	8896	8932	8954	8968	9508	9607	9630	9737	9999	10148	10168	10283	10405	10428
196	1.0	2030	6448
197	1.0	286	747	1115	2234	2702	4199	5616	7049	7858	8165	9018	9300	9423	9745	9946	10111	10152	10368	10384
198	1.0	308	5692	9635
199	1.0	7492	9916
200	1.0	7136	8903
201	1.0	4097	4709
202	1.0	3658	4887	5145	7363
203	1.0	1561	7784
204	1.0	432	2661	8881
205	1.0	46	4483	4798	5252	6570	10339
206	1.0	4750	6205	7380	7755
207	1.0	6601	9137	9184
208	1.0	4681	5896	8641
209	1.0	5143	10134
210	1.0	136	233	440	685	988	1000	1214	1293	1827	2148	2168	2711	2938	3203	4291	4318	4861	5017	5027	5349	5619	6091	6197	7199	7310	7541	7754	8020	8084	8231	8439	8648	8685	9014	9509	10018	10153	10232	10316
211	1.0	3549	8345
212	1.0	8782	9398	9846
213	1.0	253	1335	1637	1978	2214	2916	4516	4774	5820	6147	6508	7486	7883	8876	10072	10095
214	1.0	4830	7810	9185	9513	9627	10387
215	1.0	1557	2096	4002	4412	4425	7302	8707	9488
216	1.0	3079	4547	8002	9824
217	1.0	455	514	1065	1477	1676	1831	1845	1878	1901	2041	2268	2613	2629	2834	2881	3411	3790	4021	4129	4363	4524	4697	4898	4912	4919	5122	5151	5308	5318	5575	5824	6384	6602	6759	6783	6810	6821	7232	7387	7481	7701	7893	7900	8181	8234	8714	8773	8792	8840	9047	9114	9560	9565	9573	9680	9966	10149
218	1.0	3458	4009	4219	4254	10046
219	1.0	416	509	1439	1801	2055	2336	2924	3184	3416	3917	4633	4703	5068	5273	5761	5787	6056	6099	6279	6935	7018	7021	7224	7686	7969	8040	8757	8765	8868	9514	9546	9714	10437	10468
220	1.0	10	1358	2023	3343	6177	7793	8291	8931
221	1.0	3677	6465
222	1.0	3121	6357	6486	7157	7959	8727
223	1.0	6903	7405
224	1.0	1465	4565
225	1.0	1080	2106	5192
226	1.0	485	776	2200	3545	5765	6139	7603	8466
227	1.0	4273	9424
228	1.0	138	553	1111	1979	2558	3605	3868	3896	4683	6356	7622	7923	8009	8637	8846	9434
229	1.0	2972	5813
230	1.0	1858	4928
231	1.0	3758	4379
232	1.0	833	1218	1344	2716	4232	7927
233	1.0	2083	10119
234	1.0	8584	10383
235	1.0	1386	10376
236	1.0	2299	6557
237	1.0	4558	5521	5737	8489
238	1.0	660	790	1809	2177	2719	2828	3611	4211	4453	5306	5537	6229	8380	9463	9808	9976
239	1.0	659	10378
240	1.0	335	751	6507	7149	8732	10318
241	1.0	598	1165	2051	2831	3054	3115	3646	4224	4645	5428	5683	6222	8408	8610
242	1.0	2712	4625	4951	6331	10451
243	1.0	1483	1862	4733	9206
244	1.0	2437	2871	3742	3904	7246	8297	9912
245	1.0	5284	7332
246	1.0	3050	9983
247	1.0	2324	3142	4095	4632	6376
248	1.0	5517	10448
249	1.0	2701	3287	5371	5474
250	1.0	2978	3716	4017	4083	4484	4622	7169	7176	7503	9482	10069
251	1.0	2002	4877	5205	5417	5798	5817	6877	8901	9433
252	1.0	2893	4057	5972	6928	9949
253	1.0	5065	6605	7416
254	1.0	471	5641
255	1.0	675	683	819	1181	1306	1777	2317	2887	2945	2981	3018	3295	4114	4249	5246	5522	5969	7322	7506	7736	8638	8989	9279
256	1.0	5545	7057
257	1.0	78	1692	2253	3887	5451	8564	9908
258	1.0	81	9357
259	1.0	155	1182	2674	3780	4271	4829	9310	10113
260	1.0	323	360	501	773	1785	1927	3341	3494	3813	4160	4987	5055	5177	5507	5707	5956	6506	6736	7038	7133	7426	7445	7518	7572	7577	7965	8658	9040	9146	9422	9520	9783	9829	10059
261	1.0	777	2581
262	1.0	8	1091	8136
263	1.0	3604	6287
264	1.0	1356	2467	6142	7943	8426	9001	10096
265	1.0	2878	4050	4603	4981	5909	6335	8097	8920
266	1.0	1132	2477	2697	4146	4264	4307	4854	5436	9487	9628
267	1.0	420	3234	5674
268	1.0	5432	5668	5858	7685	8302	10436
269	1.0	426	1441	5606	5927	7190	9919
270	1.0	2587	2681
271	1.0	2404	3951	9501
272	1.0	604	1816	2488	4410	4850	5608	6604
273	1.0	2622	6623	7926	8070
274	1.0	729	1703
275	1.0	150	3170	5706	6673	9011	9152	9660	10078
276	1.0	7842	9113
277	1.0	741	4775
278	1.0	280	314	3375	6006	8523
279	1.0	146	5667
280	1.0	797	2506	3768	5564	8075	9795
281	1.0	1273	2312	3415	3819	4658	5033	8572	8662	9633
282	1.0	3603	7771
283	1.0	143	340	1146	1445	1874	2777	2929	3660	5210	5697	6313	6493	7195	7544	9492	9614	10273	10294
284	1.0	257	4629	5561	8331
285	1.0	5906	6851
286	1.0	1383	1669	1928	3208	3843	4710
287	1.0	6788	8554
288	1.0	67	878	925	1838	2935	4411	4708	5944	6059	6387	7734	8310	8312	9441	10027	10212	10291
289	1.0	2294	2983	3708	4030	5162	5959	6373	6979	8783	10120
290	1.0	5014	8586	9323	9987
291	1.0	451	7080	8140	9393	9583
292	1.0	44	1485	3316	4816	5085	6234	6300	7822	7896
293	1.0	1897	2850
294	1.0	8452
295	1.0	75	672	1014	1950	2086	2609	5132	5607	7375	8170	8437
296	1.0	2127	4712	9189
297	1.0	2212	4120	4496	5393	5617	5773	6564	7939	8615
298	1.0	2772	4994
299	1.0	1908	4817
300	1.0	164	339	863	1294	3759	4858	6392	6689	7092	9272
301	1.0	845	1200	2154	5242	5330	5792	8737
302	1.0	29	401	482	608	700	710	800	831	844	851	986	1147	1224	1236	1268	1319	1547	1657	1837	1904	2092	2273	2379	2460	2555	2786	3357	3798	4313	4368	4544	4815	4864	4865	5106	5374	5588	5623	5757	5929	6027	6102	6157	6189	6230	6251	6344	6545	6580	6964	7000	7062	7117	7844	7945	7949	8087	8334	8449	8625	8723	8804	8914	8946	9089	9106	9295	9458	9663	9686	9756	9810	10025	10055	10202
303	1.0	907	2709	4401	4985	5275	5729	7838	8484	8944
304	1.0	4242	6500	6748	9044
305	1.0	4112	5726	6253	6953
306	1.0	1167	3513	4797	7787
307	1.0	24	3285	3636	6047	9535
308	1.0	7408	8154
309	1.0	1016	1193	4320	4365	4602	5297
310	1.0	191	441	642	784	853	1075	1166	1308	1642	1675	1931	2389	2579	2725	2915	3104	3124	3514	3536	3724	3916	4093	4229	4357	5134	6452	7480	7804	7895	8520	8630	8977	9452	9722	9827	9853	10097	10416
311	1.0	139	1110	1192	2452	2919	3954	4231	5852	6487	7129	7476	7971	8295	8883	9121	10195	10446
312	1.0	4760	5200
313	1.0	945	4064	4471	4728	6482	7330	7646	9049	9840
314	1.0	4335	4873
315	1.0	165	725	3135	7968
316	1.0	5685	10105
317	1.0	2441	4149	5070	9994	9995	10443
318	1.0	7083	10173
319	1.0	670	869	8803
320	1.0	3248	10320
321	1.0	133	9533
322	1.0	2671	6729	8570	9578	9777
323	1.0	909	915	1888	2237	3356	5585	6162	6582	8909
324	1.0	9471
325	1.0	1408	2082	5343
326	1.0	3264	5079	8346
327	1.0	72	4965	5077	7660	8709
328	1.0	68	282	3516	6337	9347
329	1.0	3560	5513	6567	6803	8184
330	1.0	2988	5879	8370
331	1.0	2928	4227	4306	4377	7490	7993	8247	8722	10253	10272
332	1.0	1480	3374	5414
333	1.0	1205	2998	7534	9391
334	1.0	2689	8998
335	1.0	12	726	6316
336	1.0	304	328	1822	1934	5152	6150	6459	8104	9529
337	1.0	592	2289	2859	3246	4024	4075	4356	4720	6305	9415
338	1.0	534	8174
339	1.0	91	4989	7801
340	1.0	2286
341	1.0	345	970	3235	6107
342	1.0	4517	10459
343	1.0	3317	8168	8367	10347
344	1.0	540	1232	2210	2346	2396	2937	4033	5006	9036	9671	10315
345	1.0	3	3064	4179
346	1.0	85	1369	4387	6607	8017	8984	9867
347	1.0	2388	2832	8306
348	1.0	5229	7536	9632	9990
349	1.0	564	696	1451	4142	6156	6436	8256	8949	9364	9821
350	1.0	1152
351	1.0	1694	3767	4853	6439	10035	10208
352	1.0	379	1987
353	1.0	6868	7379	8762
354	1.0	2865	8123	10206
355	1.0	1500	1618	2936	3895	6112	7212
356	1.0	9161
357	1.0	425	2119	7996	8988
358	1.0	908	6432
359	1.0	8948	10435
360	1.0	4954
361	1.0	7757	8420
362	1.0	1262	1400	2391	2799	2925	3534	3700	4056	4843	5613	6864	8292	8534	8900	9037	9239	9266	9698	9720	10001	10246	10289
363	1.0	437	3298	5574	6516
364	1.0	7455	8143
365	1.0	5249	8393
366	1.0	2070	3743	4184
367	1.0	1450	3914	7258	7429
368	1.0	3337	4378	8458
369	1.0	936	3033
370	1.0	103	993	6805
371	1.0	8218	9572	9828
372	1.0	5190	8993
373	1.0	2319	3858	4402	4808	5375
374	1.0	4316	8155	8576
375	1.0	95	1047	1414	1510	1671	2918	4875	4879	5392	5447	6023	6237	7159	8379	9199	9244	9697	9738
376	1.0	940	10274
377	1.0	2823	4299	5540	8827	10267	10380
378	1.0	3189	6272	6812	7230
379	1.0	247	1060	1365	3450	9333
380	1.0	4168	7211
381	1.0	3487	4736	6429	6744	9812	10330
382	1.0	110	267	852	928	962	1086	1368	1688	1749	1764	1940	2078	3108	3389	3633	4568	4695	5591	5599	5731	5803	6359	6942	7076	7202	7578	7744	7925	7979	9067	10340	10350
383	1.0	1215	1861	2208	2966	3382	3824	4664	6933	7729	8431
384	1.0	1552
385	1.0	303	3307	5361
386	1.0	5738	6218
387	1.0	3940	5663
388	1.0	720	1350	1381	1823	2015	2776	3129	4047	5097	5231	5384	5471	6050	6726	6775	7201	7814	8432	8669	9197	9207	9601	9893	10138	10342	10413
389	1.0	4476	9394
390	1.0	570	886	1153	1922	3215	3606	3830	4276	5807	6223	6391	7748	7914	8258	8806	9019	9708
391	1.0	6090	9229
392	1.0	2218	3467	9780
393	1.0	1530	2246	3939	8042
394	1.0	3484	4727	8265
395	1.0	2151	3230	5842	6773
396	1.0	5370	5746	7231
397	1.0	1010	1533	2192	2529	5295	7917	8287	9331
398	1.0	6145	8063
399	1.0	1744	3761
400	1.0	600	2543	7798
401	1.0	249	1401	4573	9797	10255
402	1.0	6296	7369
403	1.0	26	256	505	665	761	978	1154	1177	1459	1562	1565	1894	1912	2100	2261	2412	3589	3647	3682	3683	3719	3873	4110	4188	4257	4495	4826	5202	5225	5346	5691	6648	6678	6880	7183	7251	7373	7410	7566	7747	8539	8778	9130	9187	9195	10445
404	1.0	134	1564	3809	4786
405	1.0	4	1429	2993	7367	7803	8763	10336
406	1.0	3694	4215	5676	5789	7601	9667
407	1.0	2793	7001	7653
408	1.0	1853	3399	6464	7929
409	1.0	2111	10008
410	1.0	241
411	1.0	8509
412	1.0	3272
413	1.0	4314	10312
414	1.0	1609	3151	3915	3988	4415	6801	7025	7495	7586	7753	8014	8661	9247	9413	9464	9640	9733	10006	10175
415	1.0	6343	6672	7535
416	1.0	2535	10305
417	1.0	1244	4077	5114	8556
418	1.0	404	1133	2033	3311	3941	4140	4193	4992	5381	5719	6110	6368	7100	8204	8248	8629	9041	10109
419	1.0	3059	3740	4974	5048	5111	8079	8363	10408
420	1.0	2244	2898	8033	10166
421	1.0	2017	2713	7084
422	1.0	66	622	1619	1700	1873	2279	3279	5633	7278	8477	9232
423	1.0	1410	2308	2953	7234	8365
424	1.0	8686	9736
425	1.0	227	4362	5293
426	1.0	3555	5658	9318
427	1.0	13	37	258	799	824	1515	1672	2139	2727	3393	3468	4042	4187	4191	4281	6221	7324	8627	8644	10177
428	1.0	2048	2230	2413	5323	5983	6629	9675
429	1.0	2341	2561	3100	3339	3964	5957	6039	9581
430	1.0	498	1327	1481	1798	1825	2818	3620	3626	4089	4631	4923	5767	7459	7897	7978	10102	10284
431	1.0	3426	10373
432	1.0	4582	10187	10406
433	1.0	3748	5329	7560	9010
434	1.0	2049	4084	6480
435	1.0	2072	2088	5568	7110	7289	8092	8922	10163
436	1.0	1415	5435
437	1.0	673	4555	6124
438	1.0	998	10371
439	1.0	2265	6809
440	1.0	2853	7881
441	1.0	5883
442	1.0	1172	2489	6844	10356
443	1.0	1180	2084	2536	3424	6245	9642
444	1.0	5502	5947	9261	9374
445	1.0	2941	5876	9131	10128
446	1.0	104	1021	3800	5296	6038	6394	8080	9800
447	1.0	213	6423
448	1.0	3240
449	1.0	2797	3577	5400
450	1.0	1455	1550	6530	10317
451	1.0	1122	10379
452	1.0	1270	6151	6330	6458	7430	7890	8814	9055
453	1.0	647	748	1274	1387	1728	1766	2665	2868	3304	3334	4537	4848	6085	6159	6517	6532	7142	7383	8569	9292	10277
454	1.0	5156	8324
455	1.0	228	1435	4541	9380	9445
456	1.0	2010	4331	4647	6593
457	1.0	3122	4655
458	1.0	9003	9064	10250
459	1.0	2566	3777
460	1.0	6632	9960	10073
461	1.0	107	5180
462	1.0	59	995	1027	1836	1884	5146	6012	6475	7388	8445	8838	8933	10270	10311
463	1.0	3569	5113	9544	10132
464	1.0	2649	7414
465	1.0	1238	3429
466	1.0	1786	8632	8810	9676
467	1.0	2458	5130
468	1.0	2085	2736
469	1.0	2384
470	1.0	4650
471	1.0	493	2675	3414	4581	4972
472	1.0	697	2503	5216	8366	9707
473	1.0	2523	2920	4167
474	1.0	6140	7105
475	1.0	2921	5704
476	1.0	2407	2976
477	1.0	2909	3220	5849
478	1.0	7473	8203
479	1.0	474	2005	3670	3760	3808	4185	4416	4671	6111	6746	7294	8879	10107	10382
480	1.0	1446	2079	2569	3454	4311	6057	7501	9220	9876	10393
481	1.0	3500	5845	8902
482	1.0	305	567	1195	1787	2013	2826	3164	4397	4480	4497	4705	5656	6061	6125	6314	6367	6941	8000	8997
483	1.0	1382	7296	7337
484	1.0	666	6476	8884	9278	9768	9794
485	1.0	4764	9701
486	1.0	3735	4627	4920	9957	10280
487	1.0	77	192	372	584	611	759	953	1722	2421	2643	2673	2838	3037	3260	3372	4295	4427	4756	4883	4942	5026	5234	5902	5912	7086	7338	7422	7670	7681	7697	7777	7841	8013	8152	8161	8196	9132	9182	9700	10150	10396
488	1.0	2603
489	1.0	430	1543	3851	8064	8113	9589	10158
490	1.0	10081
491	1.0	490	2440	2723	2970	3657	3827	4882	7451	8205	8616	9450	9864
492	1.0	8158
493	1.0	123	459	857	1257	1297	2140	2585	2994	3925	4463	4473	5195	7811	7956
494	1.0	3680
495	1.0	572	1048	2101	2835	3099	4137	4947	5159	5322	5584	5589	7773	7834	7950	8189	8385	9390	9804	10279	10296
496	1.0	539	721	2760	3120
497	1.0	248	8387
498	1.0	2123	7850	7878
499	1.0	4540	6556	9308	9594
500	1.0	599	890	1059	2745	3047	3433	5466	5920	7739	8621	9665	9744
501	1.0	41	83	2143	4256	6297	7381	9779
502	1.0	664	740	1130	1536	2232	2390	2481	3323	3346	3407	3687	3727	4006	4428	4780	6089	6626	7732	8374	9859	10074
503	1.0	1776	2081	2146	2408	2767	4980	5351	5356	5970	6710	7003	7548	7885	7932	8074	8091	8609	9147	9367	9564	10017	10029	10424
504	1.0	2368	8290	9759
505	1.0	3011	5237	6060
506	1.0	294	823	872	1044	1362	1498	1521	1915	3227	3349	3909	4130	4446	4469	4539	5052	5090	5605	5687	7185	7193	7731	8108	8150	8233	8242	8821	8966	9302	9314	9836	10041
507	1.0	1548	6594	7742
508	1.0	40
509	1.0	331	930	1582	3613	6135	7517	7763	10409
510	1.0	1301	3610	4080	4255	4763	5768	6597	8321
511	1.0	4482	10467
512	1.0	668	1516	2144	2721	3075	3455	3839	5367	7691	8133	8308	8912	9135	9294	9606	9951
513	1.0	6637	7642	8605
514	1.0	157	6690
515	1.0	1629	8086	10164
516	1.0	1545	8202
517	1.0	1756	5710
518	1.0	1197	2170	2923	2992	6046	8802
519	1.0	2016	2897	4556	5679	6288	8193
520	1.0	999	1067	8425
521	1.0	174	421	4707	5966	9379
522	1.0	302	778	1229	1490	2450	2792	3163	4189	4195	4395	4553	4967	5886	6712	7588
523	1.0	1664	2816	4572	6225	8156	8261	8559	9906
524	1.0	494	3590	3693	3713	3854	4630	4862	5412	7898	8461	9851
525	1.0	1325	2747	3076	4765	6285	7102	8665
526	1.0	400	680	879	1394	3390	4216	4328	4673	8472
527	1.0	0	2602	3127	3704	4652	5514	6599	6697	7710	7910	8917	9273	10450
528	1.0	3201
529	1.0	2028	8061
530	1.0	30	402	957	1456	1484	1588	1597	1750	1790	1981	3072	3485	4235	4897	5148	5487	5700	5703	5812	6397	6408	6762	6879	7147	8194	8550	8595	8995	9715	9793	9967	9971	10314
531	1.0	101	373	374	735	808	874	975	1334	1360	1689	2122	2439	2684	2715	2758	3068	3152	3173	4113	5123	5913	5962	6146	6876	6884	6937	7067	7088	7248	7485	8703	8910	9077	9826	10179	10389
532	1.0	54	154	607	901	1398	1554	1574	1887	2089	2190	2501	2870	3078	3128	3413	3723	4554	4840	4889	4892	4986	5086	5243	5336	5366	5437	5783	6832	7052	7634	7809	8112	8132	8470	8544	8897	8955	10040	10308
533	1.0	1055	1107	4562
534	1.0	468	757	1121	2803	2867	4973	9870
535	1.0	3062	7281	9351
536	1.0	344	466	1102	2363	4041	4072	4155	4492	4934	7180	7187	8209	8448	8536	9743	9984
537	1.0	5939	6544
538	1.0	71	295	311	671	899	1188	1412	1523	1855	2315	3263	3814	4354	4803	4851	5248	5933	6362	6667	6948	7508	7584	7627	7640	7676	8441	8495	8498	8524	8543	8573	8710	9076	9312	9673	9695
539	1.0	8560	9550	10058
540	1.0	2658	2864	9175	9498
541	1.0	1765	6410	10048
542	1.0	160	804	1051	2293	3094	3222	3783	3905	4039	4890	5314	9773	10276	10313
543	1.0	2497
544	1.0	1916	9062
545	1.0	950	1826	2093	2189	3481	6400	7155	7365	8848	8857	9140
546	1.0	1737	6551
547	1.0	1843	6017	6374
548	1.0	1440	1587	2188	2298	2362	2729	4475	6705	8045	8391	8438	8655
549	1.0	1320	4284	9430
550	1.0	407	4234	9340
551	1.0	1082	1955	1990	2515	3048	3732	4038	4430	4693	4787	6457	6839	8260	8704	9336	9933	10060	10453
552	1.0	1610	7638	8908
553	1.0	2057	3267
554	1.0	563	2507	3877	7333
555	1.0	476	1883	1921	2238	2597	3226	3475	3527	3764	4251	4474	4488	4841	6377	6618	7790	7840	8046	8415	8690	8957	9248	10236	10430
556	1.0	89	224	446	1860	4794	5567	5644	6919	9015
557	1.0	62	207	523	565	626	817	1353	1434	1621	2302	2822	2951	3032	4418	4422	4805	4983	5035	5290	5317	5698	5732	6370	6585	6822	6826	6870	6944	7154	7279	7511	7674	7827	8619	8633	8852	8996	9063	9734	9855	9996
558	1.0	4346	4749	4921	5954
559	1.0	7602	7857	8443	10076
560	1.0	984	1332	1396	1807	3034	4293	4545	5160	6461	6972	7457	8395	8435	8870	9157	9455	10372
561	1.0	369	458	614	889	1170	1230	1281	1442	1461	1506	1608	1891	2131	2176	2490	2493	2547	2902	2932	2995	3022	3144	3328	3355	3385	3533	3625	3629	3867	3933	4082	4325	4406	4490	4569	4597	4737	4777	5061	5144	5217	5354	5518	5673	5870	6154	6276	6282	6511	6614	6779	6786	6815	6998	7096	7432	7805	7849	7852	8003	8368	8427	8561	8645	8875	9190	9444	9490	9522	10398	10438
562	1.0	105	255	313	418	883	1304	1385	1425	1882	2098	4289	4301	6083	8781	8820	8942	10043	10293
563	1.0	2926	7605
564	1.0	252	2753	4927
565	1.0	8798
566	1.0	1179	9869
567	1.0	3299	8735	8941	9457	9852
568	1.0	578	1418	3214	3862	3897	4364	4527	5946	6451	6778	7765	8496
569	1.0	297	508	841	964	1393	1585	1909	2120	2400	2427	2546	2592	2837	3420	3852	3876	4108	4115	4441	4832	4837	4894	5004	5419	6062	6148	6326	6939	6987	7098	7621	7664	7761	7783	8396	8505	8843	9389	9446	9478	10118
570	1.0	6579	10247
571	1.0	39	392	690	1738	2038	2360	2722	3451	3460	3538	3674	4376	4388	4429	5030	5597	5602	5834	6472	6757	7364	7666	8127	8444	8729	8833	8974	9649	9802	10067	10392
572	1.0	1975
573	1.0	1337	9998
574	1.0	6563	8953
575	1.0	968	5592
576	1.0	6796
577	1.0	4157
578	1.0	6495
579	1.0	1333	2434	3133	3293	3491	5028	10211
580	1.0	620	6420
581	1.0	746	803	1399	1431	1683	1890	1948	3326	4391	4464	4670	5755	5756	5838	6065	7376	7519	7768	7788	7863	8351	8601	9024	9343	9620	9806
582	1.0	177	1449	1924	2578	2886	2894	3373	3892	3980	4228	4283	4413	4531	4818	5126	5174	5291	5433	5534	5555	5684	6327	6882	7658	7964	7990	8028	8254	8369	8446	8455
583	1.0	473	794	843	1719	2003	2620	3899	3996	4700	4735	5348	5408	6413	6760	7735	8406	9201	10388
584	1.0	9785	10269
585	1.0	2683
586	1.0	1886	5891
587	1.0	5188	8826
588	1.0	7344
589	1.0	2056	9100
590	1.0	3750	4535	4831	7836	8320	10449
591	1.0	715	9997	10186
592	1.0	1942	3110	4018	4701	4721	9910
593	1.0	1685
594	1.0	76	363	502	524	654	771	1108	1426	1663	1747	1929	2840	3166	3397	3785	4107	4477	4567	4833	4878	5135	5467	5490	6064	6283	6613	6846	7091	7464	7489	7555	7692	7723	7781	7935	7981	8462	8689	9148	9215	9270	10123	10292	10364	10369
595	1.0	1534	2313	2344	6418	7174
596	1.0	1158	1486	1539	1970	2789	3153	4466	6510	8481	9456	9818
597	1.0	849
598	1.0	7073
599	1.0	3907	4509	4734	4800	7749	9559	9580	10098
600	1.0	2019	6612	6866	10403
601	1.0	1239	1420	3003	4952	6817	7472	8841	9774	10241
602	1.0	370	1149	2132	2687	2763	3119	3302	3559	3992	4906	5247	5964	5997	6021	6426	7271	7285	8405	10147
603	1.0	1045
604	1.0	847	1951	5516	7452	7465
605	1.0	225	507	752	1241	2475	2744	2757	3219	4383	5167	5716	6651	6785	7659	7903	8361	8956	9165	9221	9361	9366	9395	9792	9895	10065
606	1.0	184	341	617	644	662	769	1299	1559	1591	1644	1969	2042	2102	2113	2215	2296	2335	2570	2670	2798	3566	3587	3652	3662	4403	4953	5117	5274	5396	6029	6236	6503	6754	6888	7089	7170	7179	7370	7854	8421	8990	9381	10092	10167	10300
607	1.0	2698	3431	3805	4173	6231	10050
608	1.0	135	667	1064	3548	3956	5016	6328	6512	8705	9210	9653
609	1.0	21	3564	3845	5044	8283
610	1.0	88	963	1120	2356	3145	3308	4034	5166	5311	5476	7361	9158	9991	10210	10423
611	1.0	1124	1237	2274	2496	3332	3497	3602	3749	4171	4210	5925	7682	7906	7931	8134	8537	8622	9110	10366
612	1.0	763
613	1.0	2706	10427
614	1.0	106	484	491	737	885	1088	1346	1375	1430	1489	1567	1966	2173	2366	2666	2668	2880	3384	3435	3507	3561	3734	3875	3882	4548	4835	5128	5170	5418	5524	6383	6437	6592	6770	6860	6914	7005	7210	7436	7568	7651	8301	9219	9400	9409	9615	9771	9799	9881	9905	9921	9925	9939	10171	10433
615	1.0	1286	2631
616	1.0	1139	1309	2009	2659	4950	5449	5903	6931	8262	9034
617	1.0	3053	7122
618	1.0	2107
619	1.0	870	2275	6483	8464	8861	9075	9696
620	1.0	1105	2114	5601
621	1.0	4880	6835	9437
622	1.0	3745	4489	6518	9031	10183
623	1.0	876	1116	1171	1252	1422	1783	2175	2468	2912	3036	3089	3584	3714	3891	4096	5818	6427	8010	8845	9315
624	1.0	669	903	1255	1712	3118	3544	3649	3812	5763	5985	6032	6902	7870	7891	7905	8082	8526	8928	9551	10256	10261	10354	10401	10431
625	1.0	3856	7791	8590
626	1.0	1138
627	1.0	2058	3729	6945	7522	8402	8753	9683
628	1.0	4504	5410
629	1.0	3784	8950
630	1.0	702	3180	3901	3981	4292	5194	5226	7265	7662	9634
631	1.0	7618	8006
632	1.0	4092	6913	7774	10245
633	1.0	780	1267	1851	2922	6167	7385	9326	9896
634	1.0	217	1869	3154	3434	3672	3753	4099	4165	6318	6956	7237	7435	8105	8159	8240	8451	8494	8618	8728	9619	10015
635	1.0	688	893	1099	1135	1690	2231	4348	4605	5285	6097	6170	9068	9242
636	1.0	80	875	2653	3572	6295	6590
637	1.0	4037
638	1.0	3848
639	1.0	717	855	1721	1857	2409	2580	2637	3183	3661	4205	4361	4885	5653	5825	5893	8545	8816	8904	9043	9709	10194
640	1.0	3091
641	1.0	2617	2796
642	1.0	1359	6971
643	1.0	2052
644	1.0	2425	2495	5062
645	1.0	4118
646	1.0	316	6153	6841	7684	8056
647	1.0	398	1633	3021	3107	6360	6554	6926	8252	8343	9764
648	1.0	5551	9166
649	1.0	5809	6294	7948	9262
650	1.0	3855	5569	7743
651	1.0	3010	9937
652	1.0	100	212	214	756	2717	3080	3739	5206	5918	6352	6528	7255	8697	9604	10083	10329
653	1.0	1159	2644	6026	7488
654	1.0	677	2115	3489	4161	5785
655	1.0	1926	3929	3965	7104	8581
656	1.0	301	973	2381	2808	3542	6055	6238	6946	8580	9226	9556
657	1.0	731	892	1666	4456	6412	8199	9685
658	1.0	1508	1741
659	1.0	1641	9817
660	1.0	1225	3266	3642	6889	6974	7864
661	1.0	1696	2161	6600	8873	9462	9507	9716	9935
662	1.0	9256
663	1.0	4532
664	1.0	5758	7123
665	1.0	6378	6635	6787
666	1.0	4117	7706	8350
667	1.0	199	278	290	354	393	521	635	1284	1546	1679	2228	3198	3242	3281	3498	3815	4106	4557	4676	4905	5067	5541	6040	6173	6240	7848	8272	8858	9087	9964	10037	10049
668	1.0	3671	5869	6627	7323
669	1.0	87	585	698	880	1590	1881	4884	6268	6390	7394	7487	7839	9163
670	1.0	386	3530	4902	6696	9116	10370
671	1.0	7352	8303	8844
672	1.0	5	20	411	531	634	646	937	939	1017	1084	1085	1204	1246	1251	1271	1282	1384	1866	2276	2435	2436	2512	2720	2962	3294	3300	3788	3911	4324	4719	4746	4821	4824	4849	4909	5110	5286	5352	5442	5496	5851	6018	6037	6051	6445	6467	7121	7215	7350	7515	8257	8305	8535	8635	8677	8815	9006	9081	9126	9171	9344	9469	9470	9472	9568	9571	9625	9786	9890	10333	10334
673	1.0	94	281	496	551	627	679	689	711	732	745	788	830	864	938	1718	1733	1746	1875	1941	1985	1996	1999	2021	2202	2552	2594	2630	2686	2692	2741	3005	3074	3558	3645	3775	3803	3853	3926	3950	4088	4104	4519	4593	4672	4859	4993	5024	5059	5092	5309	5332	5460	5709	5727	5865	5980	6030	6123	6274	6304	6399	6409	6428	6514	6586	6644	6682	6740	6838	7109	7400	7529	7626	7721	7740	7752	8008	8212	8239	8356	8713	8874	8877	9222	9304	9306	9339	9432	9654	9888	9950	9958	10116	10226	10254	10345	10375
