1	1.0	5171	10295	1497	766	4577	4221	4704	7306	2593	4141	8499	284	8430	4333	2857	7960	127	3038	4233	1829	9575	3565	9577	6317	2141	2419	397	10432	9717	834	7633	9388	5689	1231	8208	2281	4194	4192	245	10039	6424	6425	3396	2573	9538	9965	1243	9790	1005	435	3617	9032	3697	6165	1631	7153	4744	734	2685	3600	1216	3524	10013	93	4371	3283	161	4839	5223	7161	1106	9943	6698	3968	2860	559	5119	10162	9225	7571	6553	1611	324	4842	10264	770	3623	3190	7023	6978	3918	5531	4502	7108	4462	6372	1289	4995	4991	4549
2	1.0	1141	5176	2788	3049	4023	3408	871	691	5580	8211	6325	5844	2150	8715	7510	1466	3859	8336	5510	1959	9170	7257	7259	6799	8978	7720	2062	9169	8036	3141	7034	396	6149	10238	10125	2309	5253	4280	836	6515	1527	7	9788	4962	913	5000	1338	3746	9082	1933	2836	9643	6845	4296	9412	1531	1660	8500	8051	10410	10307	2191	8342	5133	4538	1427	3367	4822	5780	2583	8069	9138	7643	9629	8577	3726	5425	862	3441	8585	8078	5648	6898	9051	2135	7075	6100	8525	5163	3621	3622	5201	9192	4729	8417	5830	5443	4663	686	1767
3	1.0	9205	8424	10066	1261	7227	4782	8865	3552	7305	5377	347	9932	10051	2927	7319	5598	4485	9574	7722	6319	375	6595	6598	6859	4208	111	5499	7131	3676	6388	7972	4282	796	1711	9383	9679	6067	1019	1013	2768	8758	4196	3744	7624	5484	1980	8895	7708	5973	2372	10144	9241	2456	3757	2618	6535	10022	3212	6767	1586	181	186	2367	3521	9237	9020	3280	5345	6292	6195	9854	1517	9617	887	3903	2633	3060	9598	10473	3733	7673	1893	5355	877	4003	2349	7776	2504	145	208	779	7947	4799	8794	3425	470	8643
4	1.0	8423	7819	7221	497	8095	2520	5626	4904	932	7750	4888	8142	2856	7042	8532	5998	7606	4407	8469	1413	2794	4329	597	982	6985	9651	7035	4659	2989	5505	6662	10335	7738	9784	2445	3588	10228	1936	1939	7707	8951	31	8958	5976	5039	8210	336	8743	3802	10385	179	9039	3213	5236	5867	9334	8107	7359	5344	4526	5224	9438	2517	7401	7403	2735	7291	9348	6891	6890	5215	3014	5211	8404	5357	6345	4694	5724	3971	9952	1278	9356	8646	4465	6862	2333	5635	5630	355	8853	4855
5	1.0	2963	4127	6120	8474	4226	7300	9832	9284	7056	1944	2152	2247	7800	2466	1957	264	10444	268	9669	6016	6560	2669	2149	5015	2478	8263	8687	6084	5257	8885	3478	911	529	4498	10223	2574	4421	7829	4534	6836	577	7346	1907	8114	4061	3690	3361	9401	650	3081	2431	6808	9290	9029	4609	6951	4601	1189	19	3443	6290	8936	7762	8835	9454	9107	3634	10367	7832	7671	6341	6555	1854	2036	6224	8167	204	7668	9218	3353	8558	8241	1287	1976	3331	3111	7184
6	1.0	8388	1263	2845	6127	4022	495	10181	7055	1370	2402	811	1467	7756	6247	1799	7398	1954	6442	6717	3338	1958	1063	2600	3825	5394	980	7032	3679	112	8522	8521	1488	4550	520	4966	5681	6303	2446	4197	8456	5488	10036	2044	1646	5083	2672	8811	6078	3591	9739	9342	10023	8124	7983	8245	5863	8591	1352	2628	1647	6800	7647	9584	9866	3204	6407	2891	3963	3906	7173	7171	5526	4611	6703	2940	6419	6187	1569	9496	1119	9352	613	8797	4660	943	3987
7	1.0	6819	8171	8608	3711	1129	4747	760	2197	5031	4448	8106	4574	5745	10381	9013	7039	9054	10457	1713	6264	6052	7717	2544	4000	7630	4414	6280	3195	3362	8319	289	8611	4976	342	6	3860	452	3386	9725	5007	1452	6970	1233	5389	6491	2787	9692	8553	8284	6885	8721	8337	8971	9483	8952	2957	2184	5042	4375	6011	3205	7068	2271	1280	9901	1061	4643	4214	23	2181	6657	1470	1661	5791	1313	920	2061	7528	488	5911	2216	6695	5550
8	1.0	3270	1300	2960	8253	4087	5398	315	2917	7139	6721	2809	5666	10213	10239	5949	5076	6707	1879	8192	3519	3554	5629	4512	4783	7050	7392	320	7590	5784	7695	1658	2405	7539	3278	4910	9684	6365	1040	1986	8514	888	8224	2939	8756	1151	10052	9728	1136	7353	9291	9847	126	4564	6633	1178	9980	1436	6977	4151	6542	8164	3288	1726	5424	3624	1974	4134	2556	7339	10461	4499	2004	1865	8851	2791	1380	2251	1538
9	1.0	8035	2596	2438	8628	6850	6967	1340	2956	742	10399	9811	4101	8987	4025	3412	7116	10234	5766	7204	9494	6938	492	6166	9150	3787	625	7719	2340	7267	5439	5279	7072	956	3871	3084	917	9936	9503	2012	1212	5064	1210	6973	6829	299	9375	3919	6958	6638	3522	2765	5320	7126	6843	5759	1938	7907	8188	1643	6959	6033	5301	1556	6561	8994	8830	8767	2538	5850	6332	1558	2257	2695	6215	2354	7967
10	1.0	10141	4302	5391	3770	744	2612	6865	6161	7113	6722	7652	8138	1925	3502	7912	3737	9305	6163	9435	6871	9758	7368	2542	7095	9914	3028	5529	3359	2351	733	5563	1	526	1457	7690	5868	327	931	427	1114	4062	7802	8371	8066	8314	7008	8330	4359	4608	4795	8410	10112	6934	8236	5953	3019	1626	4529	7446	1727	2080	7587	4073	7569	3155	5693	3842	9511	6741	2530	6302	2064	6659	377	9002
11	1.0	6855	1226	153	7200	5112	8259	1125	4241	115	5742	6126	6381	6549	5139	7226	4578	9167	4343	3291	9144	2805	3557	4344	4162	3550	7077	9835	9402	4982	4596	6321	7988	1322	6094	349	8929	8847	5458	8222	6588	4213	1808	2738	9255	8397	8153	7866	6732	4443	8311	7623	8005	8795	4779	4398	4759	6794	6792	7239	3381	4015	7600	1680	2358	8317	7746	1635	2699	8340	9579	1406
12	1.0	1348	6857	6837	2718	196	9102	10323	2694	10237	5749	2800	10252	6389	5643	6539	8096	5829	4724	6660	5455	8493	6206	4520	5058	9045	9548	7693	6020	9883	706	8965	7980	774	144	2877	7524	9355	6199	1355	9376	5519	5994	4444	2959	5659	10426	4791	7825	4811	6355	2844	6540	7607	6753	51	7725	809	8839	9885	6133	296	1872	7543	8398	4381	4999
13	1.0	3773	2901	9267	8250	2611	8603	337	9674	9856	10454	4109	9712	9053	7178	10412	3368	7450	3250	7596	6471	2138	1989	325	1464	7613	7751	7554	630	9603	7396	1217	6270	10287	5023	461	329	3741	99	4621	3330	10462	9820	5125	1973	9311	842	2498	5800	6243	5594	7974	7064	942	6798	4911	8418	1388	6743	5810	6687	2252	6665	7688
14	1.0	2710	4265	9238	5546	8213	10124	661	132	137	6606	6456	3306	2236	9873	4222	3046	5465	2024	7301	1771	7241	674	9816	7491	3571	3857	3181	739	4863	1755	5686	5638	1566	2224	8163	3913	9066	2851	2854	9377	3131	10229	9585	5379	6093	6485	5183	6138	2553	5403	7144	5189	7164	4957	2068	9411	3423	8666	511	7225	687	7769
15	1.0	1788	3922	6830	5508	5018	4180	8383	9103	2654	5661	6895	10456	4653	10026	9658	4615	3259	5823	7244	5583	518	1428	1580	1039	403	749	8734	6863	2264	2910	3879	3836	7608	7564	9007	6194	4507	8699	684	8471	1598	4230	3465	3394	6541	1994	2491	7314	3503	4523	5241	9410	6565	7527	9586	1479	9555	4998	6380
16	1.0	2778	989	3924	8177	6968	2650	8620	10290	8566	5213	9860	6924	7118	2942	6923	5053	2784	4046	5888	10084	6688	2640	180	652	8828	3653	10135	2447	7806	6828	5032	2448	8186	2775	6930	6910	6443	9000	90	8679	3640	7730	906	8960	6519	7604	6488	6291	7427	7760	9416	1475	2187	237	7545
17	1.0	4303	9260	7812	8030	2297	1203	6608	131	8299	7831	10103	8542	5772	5708	1715	1638	1730	4726	7593	7150	326	8309	4594	6063	1378	188	3097	147	3977	8515	8434	1310	1157	2703	2287	2646	6719	486	9647	7125	2977	2975	2499	9448	4937	6552	8706	1687	2560	648	7461	7466
18	1.0	699	10460	3638	6834	5191	10303	2739	5078	8681	9752	2948	9164	5640	173	6920	6081	2323	2883	5416	2714	7158	838	5624	3023	2984	182	8614	1113	3975	343	6361	6069	3834	10319	3810	2968	6521	4239	6630	8267	223	4508	7843	2331	5121	6793	4132	3505	2588	2533	1914	7509
19	1.0	6583	9299	9610	865	130	6455	7228	8135	2806	3419	1832	8864	3383	2885	2227	3366	6559	541	481	5922	545	422	7698	1460	9687	7395	2724	8249	5530	263	3150	5464	2185	6529	4370	7120	5405	3086	7318	1625	8083	6777	5304	3112	4566	8764	8304	3192	6070	3692	1417
20	1.0	1143	593	215	8237	8507	858	8741	6168	6534	259	3273	2199	8110	5725	4978	3452	3216	4164	6576	5941	6349	6666	5547	1736	7694	2248	5429	7887	2443	9276	8049	10159	8518	9191	6915	9765	5103	1806	7148	4298	5440	1820	7582	1240	8482	7423	4587	8769	8139
21	1.0	4243	3888	5660	3065	8688	6113	5760	5385	8436	3125	2155	7521	9149	6807	7471	5861	287	5862	1234	1314	10337	4274	443	716	4253	9080	9005	4623	4035	10240	10010	3391	3884	2125	6568	5260	5421	5324	3015	7469	6311	6239	9436	3985	2377	1002	7402
22	1.0	3593	5220	9203	704	1201	9208	8463	5523	5473	3309	4769	6702	8546	3595	3551	3473	1074	754	7366	1256	9562	6324	1034	3664	992	6917	7665	79	5776	7704	1026	7444	3377	4392	56	7061	5615	10106	7046	3962	9944	8919	897	10086
23	1.0	9123	3927	5037	8059	3908	3490	4186	9186	8349	8986	5525	9711	2545	5350	3430	45	7328	4125	7635	1501	6308	424	2116	1096	750	612	1336	4500	4543	9706	9484	4682	783	4074	10094	2890	7992	4915	4762	645	1532	3960	2690	3031
24	1.0	7283	6591	5637	1145	767	8119	7382	6873	8540	4617	5501	7499	7619	4679	8032	232	185	1397	9057	3993	3580	9275	7336	2852	9083	6152	6883	9845	8001	4792	1880	7273	7589	4918	5300	7145	2896	10019	867	1571	2513
25	1.0	6961	9202	3618	8214	4478	4457	5503	2781	4828	7189	5723	3797	6104	5278	3570	156	1522	7415	6306	1173	4218	1276	6991	8333	5991	9179	6526	5047	8266	4351	7868	7419	2899	6109	9900	7347	6462	1846	5741	2790	5910
26	1.0	10142	2638	5298	6966	10068	6723	6727	8891	2680	10458	7879	1161	6261	6284	4121	2904	7099	7888	9938	7737	2502	7477	1995	3818	1318	5735	1494	7233	9989	6739	7782	5774	3070	3463	4423	2310	7709	537	1998	1667	4620
27	1.0	4262	2472	6811	5034	5095	60	3666	8981	6899	1815	4382	7617	1194	1962	8796	812	1751	449	996	2704	1594	5751	5675	3335	3077	6022	8288	3134	4751	5557	53	4014	2025	8911	7995	1007	1972
28	1.0	9096	9451	499	9631	8327	10020	9871	5415	6550	9288	1078	3432	4674	1963	1524	8220	5001	582	2813	4881	10174	8552	3336	1810	8856	5041	10032	1724	34	8913	5129	2108	5919	1363	8975	6155	2090
29	1.0	9602	8278	399	7712	2326	4699	1856	8717	2262	8962	9468	912	4310	1176	2584	9274	2462	2386	7399	8596	4685	9028	9178	3725	3562	5347	6422	16	2339	6501	6117	4400	8890	4481	3961	8587
30	1.0	602	195	9240	1342	663	6982	2632	6708	6969	5504	9160	9495	7325	3518	1812	1583	3101	7413	2383	1095	2811	2451	6887	7649	4052	9397	1042	6354	694	4404	5369	8180	6132	4246	298	8854
31	1.0	2779	6962	9341	10328	2291	333	8429	7280	4220	1903	4341	5655	850	4145	3052	5625	5621	7982	7938	9979	3811	894	5386	5147	2641	385	6527	3352	9213	332	1599	2213	9903	7162	9963
32	1.0	4081	8217	8401	176	10346	6908	6188	5542	4004	6204	8483	187	1504	1655	5161	10265	5281	5069	10390	9666	6523	9194	8531	9849	6957	4505	6398	1624	3376	2754	9570	7181	408	5204
33	1.0	8918	229	8157	8381	7030	8563	8300	6082	7386	7616	4740	4948	4269	8593	1035	7290	9136	637	1668	7669	9766	1867	1868	10225	9231	5952	4079	4755	1752	2397	5695	1006	922
34	1.0	9074	2863	594	114	8173	6701	8527	4044	2568	5434	4807	7051	10189	6761	7512	1377	9787	5908	8592	2288	3835	1090	8102	2153	5339	9623	9198	8027	3886	9924	3421	1242	6198
35	1.0	3920	2907	9200	2843	3040	8341	1544	1714	3347	6220	9972	2211	5680	10136	10266	460	7625	8799	5108	7966	10030	5836	6546	966	3202	8831	2378	1103	7041	1003	2371	9889
36	1.0	6854	3710	6103	3493	4637	9012	235	1905	5645	7837	7456	2207	6473	952	3218	5359	5847	638	4590	7513	5841	2705	10016	5105	6346	6217	1476	8760	3098	7998	5859	359
37	1.0	5013	1781	10047	5744	2829	9307	2804	9772	1775	4518	5353	2888	2221	7470	2076	636	1351	5779	9193	9741	5045	9008	3428	7213	3889	5422	7556	3986	9518	3523
38	1.0	8219	9612	3320	7229	7342	9042	10251	5050	84	2325	9285	4124	4028	3762	7295	4198	9338	6447	9986	3057	7443	7705	5263	6347	1648	5268	2393	413	7901
39	1.0	8050	8031	218	6905	4454	2807	3439	5254	7716	2483	3792	1031	7808	2700	9440	7867	6718	3284	8026	3782	3464	5184	7065	9719	2752	1686	6031	682
40	1.0	8360	2590	3639	628	4326	4767	9917	4417	3175	43	8921	1379	2817	8512	9359	5739	3333	5468	10227	8354	5365	2410	1768	410	6193	8837	293	7689
41	1.0	8057	8744	575	2801	1900	6571	4698	2549	7260	4007	914	7533	1448	442	5533	1596	10038	3641	1849	3786	1705	4393	8730	8487	9830	8976
42	1.0	3902	1168	2769	5520	7111	5743	9655	3042	2225	7478	5781	6202	1376	9460	8433	3137	3139	4352	5651	10090	1640	7069	6213	5931	4970
43	1.0	7816	10322	8745	5740	10341	9052	5492	1945	406	2171	1793	5556	3130	102	8696	5481	1993	3541	782	2129	5713	4396	4836	6774	2392
44	1.0	3168	8238	9329	4020	5138	7130	1896	4723	546	4963	9540	8141	9843	1492	7106	70	7846	7219	6404	3966	1473	2394	4209	5696
45	1.0	6496	9536	7024	6858	9033	5669	6640	1526	1447	3186	10262	10154	3910	7861	387	9791	6715	8246	4812	6353	10099	5409	1535
46	1.0	7287	3599	5331	8529	10470	4612	3009	7958	4690	7795	5984	8718	2621	9069	2979	2121	4439	3012	4667	9048	439	1458	6035
47	1.0	4248	1343	3286	7172	8274	172	2524	8888	1617	1735	9353	9134	3210	1707	4405	3114	4290	2539	2006	2519	510	2350
48	1.0	1328	7138	979	10343	7835	7915	854	4801	7094	5256	5456	6474	916	2039	3932	3547	4668	5831	7316	7217	1518	8972
49	1.0	1645	868	621	2980	3823	8100	8636	5283	6764	4522	2453	10188	6675	3921	1678	1759	4606	6118	3069	3103
50	1.0	6334	3456	3109	603	7853	4309	3495	1960	2567	429	3093	7955	9504	8600	5479	9491	10420	6706	8809	3989
51	1.0	1128	5951	2474	8399	10327	200	6664	610	2423	10133	10391	3321	828	7483	2233	8488	8668	7826	9214	8657
52	1.0	10321	2526	4277	7714	483	5022	2222	3898	5193	3437	3274	3525	4669	6531	7542	9493	2266	5482	4461
53	1.0	3699	5595	7703	7447	6469	1601	3511	4010	9443	6992	8623	2743	8812	9878	4634	513	6872	7667	1109
54	1.0	10143	448	1983	48	10182	6806	5543	4536	141	3221	4823	1438	9807	5116	4933	2510	504	7904	5341
55	1.0	6258	9528	6768	9370	9269	3229	3187	9650	1956	7656	2973	8790	4467	2178	10421	3365	1742
56	1.0	5187	2884	2272	8754	2470	5305	8076	8659	450	6386	3982	6211	9941	1576	9969	6053	7389
57	1.0	5012	318	2043	5175	9259	5230	556	609	10009	7986	9035	7902	9993	924	8416	8121	480
58	1.0	753	5172	2812	1649	2598	8617	4240	3171	4619	5796	108	9897	2142	1029	4533	3532
59	1.0	2541	4990	3200	3863	4334	3594	211	7957	4857	2415	7620	5553	7770	8695	1462
60	1.0	8232	3667	4263	4170	772	4754	8088	15	9894	536	8551	10230	6609	3292
61	1.0	2465	7297	1584	10281	472	3001	6912	2353	8453	4613	10100	2682	3983
62	1.0	2476	4177	7390	2557	535	9813	9403	1697	5203	6323	6700	6164	1020
63	1.0	9396	5250	3512	3696	5457	8985	1367	588	489	10126	8117	2066	6034
64	1.0	10400	1199	3392	9084	6907	1038	6720	7525	128	4604	348	7407	935
65	1.0	9293	3546	2364	2318	5197	5620	8567	5333	6214	2196	923	9542	3781
66	1.0	1949	6784	1283	4809	2034	9763	382	8490	246	2300	6375	4460
67	1.0	7132	5454	9476	3684	3400	1493	9973	8296	5124	2263	4638	7869
68	1.0	2239	4717	5340	7579	6996	52	9761	7417	4286	6918	1603	9934
69	1.0	5406	5262	4043	6502	6136	7355	9587	9880	4358	92	7307
70	1.0	10089	4321	8606	1606	8307	9561	8712	3096	4595	4237	1248
71	1.0	8871	8034	3763	7093	2819	1028	743	1659	5853	9321	10218
72	1.0	1977	1341	3573	262	7954	3528	6115	5915	423	9524	4961
73	1.0	10070	3776	4068	9372	7540	3223	8702	6671	933	9621	5833
74	1.0	4259	5448	8226	9287	3388	8934	2026	1864	512	4551
75	1.0	10063	8362	7813	971	3251	5233	5573	7468	178	2627
76	1.0	10184	10411	6995	9254	8752	1794	9515	444	8724	9426
77	1.0	2201	6497	7293	5363	1076	9159	3324	547	4589	2516
78	1.0	5063	898	2934	1967	5901	9664	2157	7985	4585	10463
79	1.0	7933	3496	3738	10198	6438	121	2180	9466	8739	5799
80	1.0	7331	2420	814	5571	5334	3703	2099	7134	4588
81	1.0	4977	2455	9857	8775	9059	7558	6122	826	7197
82	1.0	1068	9839	10331	3543	5441	3402	4844	1392	162
83	1.0	1094	4045	1174	10075	9534	2985	4895	9320	5999
84	1.0	6403	601	4133	4896	10216	1570	5965	6246	2250
85	1.0	9731	5955	583	4925	194	2283	8823	1906	7796
86	1.0	4874	2486	2311	7479	7919	7198	2755	222	9981
87	1.0	3669	10302	4580	2094	4584	8597	5699	8541	3314
88	1.0	5158	9600	7576	7494	61	7437	8604	7727
89	1.0	6587	4360	6000	10286	3252	1650	8768	4340
90	1.0	1423	6823	4016	3256	5948	2751	1030	7726
91	1.0	3616	581	10310	7496	9523	1757	4956	7010
92	1.0	1221	8511	4511	1579	9465	8475	8859	1403
93	1.0	2147	7335	4870	5280	1839	8480	8571	656
94	1.0	7711	1859	4924	5302	2118	5477	10361
95	1.0	8375	4941	2219	2380	7514	7036	2077
96	1.0	4175	8037	6286	7764	8479	1763	8130
97	1.0	1770	7063	7175	7022	2164	7028
98	1.0	6298	8386	9025	1693	3410	2110
99	1.0	9726	6813	4959	389	2071	5977
100	1.0	5267	3225	6281	7559	6241	9235
101	1.0	1164	14	954	3844	9776	8819
102	1.0	9447	7261	5882	394	4202	171
103	1.0	1555	8749	9362	1720	9141	6256
104	1.0	639	10418	120	5873	7767	554
105	1.0	4654	4891	3796	8725	5572
106	1.0	525	4040	2537	1056	10021
107	1.0	3123	8672	7715	10395	6658
108	1.0	6277	3705	3380	4143	695
109	1.0	310	522	1245	2136	3083	3106	3568	4930	5198	7862	7899	7997	8359
110	1.0	330	465	994	1073	1079	1191	1254	1303	1463	1870	2087	2162	2322	2373	2416	2656	2771	3000	3020	3149	3158	3253	3319	3517	3715	3829	3874	4069	4390	4424	4766	4770	4802	4886	4958	5453	5509	5804	5821	5877	6004	6073	6178	6233	6867	7282	7321	7462	7500	7585	7644	7733	7745	7823	7920	8146	8504	8508	8579	8582	8862	8970	8983	9038	9078	9180	9775	10062	10191	10221	10298
111	1.0	219	2018	2662	3211	3515	3974	4055	4576	5390	5515	6066	6869	7192	7404	7574	8547	8675	8692	9595	9757
112	1.0	503	619	1140	1329	1391	2241	2267	2345	2554	2635	3296	4131	4300	4628	5131	5244	5444	6395	6416	6446	6965	7140	7298	7397	8736	8886	9086	9735	9749	10180	10377	10394	10447
113	1.0	416	509	1439	1801	2055	2336	2924	3184	3416	3917	4633	4703	5068	5273	5761	5787	6056	6099	6279	6935	7018	7021	7224	7686	7969	8040	8757	8765	8868	9514	9546	9714	10437	10468
114	1.0	253	1335	1637	1978	2214	2916	4516	4774	5820	6147	6508	7486	7883	8876	9277	10072	10095
115	1.0	142	579	1468	4182	5140	5974	6226	7940	8011	8149	8275	9127	9258	9385	9591	9694	10309
116	1.0	169	972	1424	1487	2911	3161	3619	3849	4223	4570	4641	4917	7408	8154	8195	8389	8674
117	1.0	231	1052	2240	3795	4150	6101	8264	9216
118	1.0	2693	3063	3681	4373	5029	5603	5897	8004	8120	8172	8678	8939	10352
119	1.0	798	3325	4739	6434	7502	8018	10172
120	1.0	242	269	312	2054	3255	3363	3578	4687	5179	5360	7078	7191	8503	9243	9473	9677	10033	10170
121	1.0	32	257	308	816	1037	1205	1469	1953	1982	2030	2327	2482	2998	3160	4312	4510	4629	4743	5561	5827	6401	6406	6435	6448	6731	7534	8094	8269	8331	8683	9313	9391	9582	9593	9635	10275
122	1.0	1482	3224	3597	4431	5770	5777	5921	7672	8454	8519	9753	10469
123	1.0	3121	6357	6486	7157	7959	8727
124	1.0	2355	6254	6755	7146	8244
125	1.0	166	3840	5266	5432	5668	5858	6048	6171	6742	6745	7685	8006	8302	10260	10436
126	1.0	46	104	653	1021	2057	2063	2124	2244	2398	2535	2898	3267	3560	3800	4483	4798	5252	5296	5383	5494	5513	6038	6394	6567	6570	6593	6803	7916	8033	8080	8184	8335	9800	10166	10249	10305	10339
127	1.0	85	1369	1404	1483	1862	4387	4733	6607	8017	8984	9206	9867
128	1.0	12	165	725	726	1273	2002	2058	2265	2312	2617	2649	2796	3135	3189	3415	3729	3819	4658	4797	4877	5033	5205	5417	5798	5817	6272	6316	6691	6809	6812	6877	6945	7230	7414	7522	7882	7968	8402	8572	8662	8753	8901	9003	9064	9280	9433	9633	9683	9822	10250
129	1.0	425	561	741	1411	1744	1821	2119	2759	2976	3066	3658	3677	3761	3930	3972	4775	4887	5145	5692	6042	6465	6749	6903	7363	7405	7598	7612	7780	7996	8988	9459	9506
130	1.0	78	1692	2253	3887	5451	8564	9908
131	1.0	226	428	454	464	479	506	517	569	856	1072	1357	1615	1780	2284	2361	2518	2534	2677	2750	2830	2933	3004	3165	3244	3315	3448	3472	3539	3630	3717	4051	4238	4408	5002	5100	5169	5214	5245	5299	5388	5512	5586	5652	5662	5771	5793	5871	5926	6191	6414	6634	6649	6663	6735	6769	6814	6893	6929	7011	7012	7097	7374	7553	7592	7713	7797	7970	8055	8373	8400	8626	8787	8818	9265	9382	9599	9636	9644	9781	10056	10178	10297
132	1.0	36	316	1320	1418	1446	2079	2569	3180	3454	3489	3862	3981	4284	4311	4347	4527	5194	5226	6057	6079	6106	6153	6451	6778	7187	7501	7662	7765	7877	8496	9116	9220	9430	9634	9876	10393
133	1.0	30	81	89	241	335	420	751	957	1055	1116	1135	1325	1528	1610	1750	1790	1844	2123	2269	2522	2747	3076	3234	3272	3337	3537	3576	3615	3714	4242	4247	4552	4605	4760	4765	4897	4954	5051	5148	5180	5284	5412	5532	5587	5634	5644	5674	5845	6285	6408	6507	6594	6596	6704	6711	6748	6762	7102	7149	7332	7358	7637	7638	7743	7850	7878	8063	8168	8458	8502	8665	8732	8908	8995	9044	9153	9278	9357	9399	9554	9701	9826	9850	10314	10318
134	1.0	1324	6180
135	1.0	2144	8912
136	1.0	3535	7304	9553
137	1.0	1080	1804	2106	5192	5726	6253	6788	8459	8554
138	1.0	155	1182	2674	3780	4271	4829	9310	10113
139	1.0	138	374	553	635	664	740	1111	1130	1360	1387	1536	1689	1728	1979	2122	2228	2232	2390	2558	2698	3034	3346	3407	3605	3687	3868	3896	4006	4113	4428	4683	4780	4934	5321	5913	6085	6089	6231	6356	6626	6876	6972	7622	7732	7923	8009	8272	8374	8395	8637	8846	9087	9434	9637	9693	9858	10050	10074
140	1.0	286	1115	5616	7858	8165	9018	9423	10368
141	1.0	67	210	878	925	1260	1266	1503	1838	1937	2188	2298	2729	2763	2935	3506	3559	4217	4268	4411	4445	4475	4501	4708	4838	5247	5486	5612	5632	5944	6025	6059	6387	6449	6705	7143	7203	7734	8045	8310	8312	8391	8438	8655	8676	9118	9182	9441	9492	9552	9703	9879	10027	10110	10147	10176	10212	10291	10464
142	1.0	86	91	146	600	2295	2543	4681	4989	5667	5896	7798	7801	8641
143	1.0	847	1951	2527	5165	5516	6522	7344	7452	7455	7465	7789	8143	8158	8899	9471	10306	10429
144	1.0	2671	6729	8570	9578	9777
145	1.0	344	459	466	590	632	801	918	987	1102	1238	1257	1435	1577	1807	2166	2363	2481	2820	3214	3323	3339	3429	3431	3530	3575	3590	3637	3727	3735	3794	3805	3925	3998	4041	4072	4155	4156	4173	4181	4260	4293	4492	4616	4627	4692	6039	6751	6772	6841	6927	7079	7180	7323	7351	7371	7684	7742	7898	8056	8209	8435	8448	8536	9380	9445	9672	9743	9957	9984	10280
146	1.0	123	270	373	386	494	563	735	808	857	1297	1359	1519	1548	1842	1916	2140	2341	2439	2507	2561	2585	2684	2715	2758	2994	3068	3100	3152	3501	3671	3693	3713	3779	3854	3877	3964	4183	4463	4473	4541	4545	4630	4862	5123	5154	5160	5195	5869	5957	6145	6146	6441	6500	6627	6696	6884	6937	6971	7067	7088	7333	7485	7811	7956	8461	8703	8866	9062	9077	9292	9455	9581	9851	10179	10389
147	1.0	285	305	456	567	641	670	679	846	869	1087	1107	1195	1620	1682	1787	1835	2013	2316	2458	2688	2826	2969	3164	3350	3444	3477	3652	4288	4397	4480	4497	4562	4705	4749	4750	4903	5130	5649	5752	5809	5924	5960	6061	6125	6137	6205	6294	6314	6367	6409	6601	6838	6941	6975	7015	7047	7341	7380	7749	7755	7851	7886	7928	7948	8000	8039	8144	8206	8997	9117	9137	9201	9805	9848	9931	10048	10338
148	1.0	82	279	551	848	909	915	965	1731	1888	1919	2160	2237	2370	2437	2495	2501	2601	2606	2678	2871	3025	3238	3356	3742	3754	3904	3912	4380	4607	4657	5062	5238	5585	6162	6582	6835	7246	8297	8720	8909	8935	9143	9437	9563	9912	9955	9961	10440
149	1.0	68	157	265	282	301	527	697	815	973	1361	1364	1474	1530	1748	1858	2047	2060	2246	2381	2503	2566	2808	3182	3516	3542	3777	3939	4442	4916	4928	4960	5216	5748	6055	6131	6263	6299	6337	6690	6946	7856	7953	8042	8131	8366	8478	8584	8893	9065	9226	9347	9707	10383
150	1.0	41	83	107	267	402	688	1099	1169	1220	1353	1456	1484	1525	1561	1588	1597	1734	1981	2102	2143	2231	2414	2564	2658	2864	3072	3485	4235	4256	4695	5208	5487	5700	5703	5731	6049	6097	6170	6297	6397	6679	6879	6942	7147	7381	7492	7784	8194	8513	8550	8595	8619	9067	9175	9498	9715	9779	9793	9796	9967	9971
151	1.0	11	29	88	95	401	963	1047	1147	1414	1510	1671	1691	2220	2356	2918	3108	3236	3357	3500	3772	4568	4875	4879	5311	5392	5447	6023	6157	6237	6580	6617	6754	7159	7361	7472	7844	8103	8379	8421	8625	8804	8902	9021	9068	9106	9242	9244	9697	9738	10423
152	1.0	184	794	843	2048	2230	2413	2770	2853	3003	4952	5323	5408	5983	6629	7170	7881	9675	10388
153	1.0	3059	3740	4974	5048	5111	8079	8363	10408
154	1.0	765	825	3510	4452	4753	4993	5235	5332	5980	6238	7218	7701	8313	8382	8548	9253	9556	9566
155	1.0	159	334	584	605	747	853	1084	1166	1327	1454	1694	1825	2234	2505	2643	2673	2702	2818	2838	3037	3260	3266	3767	3774	4199	4295	4427	4591	4649	4789	4853	4923	4942	5303	5381	5493	5534	5647	5917	5939	6037	6130	6439	7049	7100	7897	8196	8279	9168	9300	9609	9700	9745	9946	10035	10111	10152	10208	10219	10289	10384
156	1.0	498	724	1124	1133	1235	2033	2274	2305	2461	2496	2792	3332	3497	3602	3749	3941	3980	4169	4171	4409	4992	5498	5719	5925	6190	6368	6603	6882	7473	7682	7931	8134	8148	8204	8446	8537	8622	8629	8642	9041	9110	10366
157	1.0	35	77	139	191	441	508	642	646	784	841	964	1010	1075	1229	1237	1308	1393	1481	1533	1642	1675	1798	1909	1931	2192	2389	2529	2579	2725	2915	3104	3124	3146	3300	3420	3514	3536	3620	3626	3724	3916	4093	4122	4229	4357	4441	4631	4756	4793	5081	5126	5134	5295	5419	5767	6015	6028	6333	6452	6987	7459	7480	7657	7670	7804	7895	7917	7978	8276	8287	8520	8630	8843	8977	9126	9227	9331	9452	9722	9778	9827	9853	10097	10102	10284	10416	10446
158	1.0	1110	1192	1537	2452	2575	2604	2626	2839	2919	3954	3995	4210	4231	4304	4893	5852	6487	7129	7476	7505	7971	8295	8419	8883	8959	9121	9865	10195	10465
159	1.0	44	87	398	490	698	813	1067	1301	1485	1590	1666	1716	1760	1826	1881	1921	2093	2189	2238	2330	2440	2597	2647	2723	2814	2970	3107	3196	3226	3406	3475	3481	3628	3827	3839	4080	4251	4255	4474	4488	4725	4763	4816	4841	4882	4884	5021	5025	5269	5522	5711	5768	6268	6300	6360	6390	6400	6412	6554	6572	6597	6618	6874	6926	7155	7238	7365	7394	7487	7790	7839	7840	7896	8046	8137	8252	8321	8415	8425	8616	8690	8694	8848	8857	9050	9140	9163	10129	10236	10430
160	1.0	105	313	418	476	493	649	651	669	675	683	792	819	860	883	903	1004	1118	1255	1304	1306	1385	1516	1572	1633	1789	1882	1883	1902	2098	2317	2494	2659	2675	2721	2824	2887	2981	2997	3018	3021	3075	3118	3177	3232	3295	3414	3455	3527	3544	3764	3812	3894	3942	4114	4289	4345	4581	4869	4939	4972	5287	5367	5402	5551	5763	5940	5985	6032	6083	6377	6463	6902	7206	7247	7516	7691	7870	8082	8133	8182	8308	8343	8638	8781	8863	8928	8942	8957	9135	9248	9262	9606	9764	9951	10261	10293
161	1.0	1180	2084	3424	6245	9642
162	1.0	4346	4921
163	1.0	10	1358	2023	3343	6177	7793	8291	8931
164	1.0	572	852	962	1048	1086	1252	1295	1578	1749	1764	1773	1940	2016	2046	2078	2320	2728	2766	2767	2897	2912	2987	3217	3389	3633	3707	3756	3928	4092	4556	4571	4814	5351	5582	5591	5599	5642	5679	5730	5803	5812	5982	6288	6359	6694	6847	6897	6913	7076	7202	7235	7744	7774	7834	7885	7979	8074	8091	8169	8193	8574	8845	9346	9390	9804	10245	10259	10296
165	1.0	160	323	360	501	773	804	874	977	984	1051	1332	1334	1396	1779	1785	1927	2293	3151	3222	3341	3494	3783	3813	3915	3988	4039	4160	4415	4447	4890	4987	5055	5177	5507	5707	5956	5962	6444	6461	6506	6574	6736	6782	6994	7038	7133	7426	7445	7457	7495	7518	7572	7577	7586	7753	7965	8067	8457	8658	8661	8870	9040	9146	9157	9247	9413	9422	9520	9733	9773	9783	9829	10006	10059	10061	10175	10276	10313	10372
166	1.0	5	20	411	531	634	937	939	1017	1085	1204	1246	1251	1271	1282	1384	1866	2276	2427	2435	2436	2512	2720	2962	3294	3788	3911	4324	4719	4746	4821	4824	4837	4849	4909	5110	5286	5352	5442	5496	5851	6018	6051	6148	6445	6467	7121	7215	7350	7515	8257	8305	8535	8635	8677	8815	9006	9081	9171	9344	9470	9472	9568	9571	9625	9786	9890	10118	10333	10334
167	1.0	177	297	1449	1924	2120	2400	2578	2886	2894	3373	3876	3892	4228	4283	4413	4531	4818	5174	5291	5433	5555	5684	6062	6326	6327	7621	7658	7783	7964	7990	8028	8254	8369	8396	8455	8505	9446
168	1.0	143	340	474	1146	1149	1445	1874	2005	2132	2229	2664	2687	2777	2929	2944	3302	3660	3670	3760	3808	4185	4236	4315	4416	4434	4671	5210	5613	5697	6111	6313	6426	6493	6746	7195	7285	7294	7544	7828	8682	9614	10005	10107	10273	10294	10382
169	1.0	473	945	1139	1181	1309	1521	1690	1712	1762	1777	2009	2717	2823	2945	3080	3739	3909	3937	4064	4128	4249	4299	4469	4471	4728	4950	5246	5449	5540	5656	5903	5969	6179	6293	6482	6490	6875	6931	6943	7322	7330	7357	7506	7646	7736	7905	8233	8262	8827	8989	9034	9049	9279	9551	9604	9840	10043	10267	10329	10380	10419
170	1.0	136	233	440	685	934	988	1000	1214	1293	1312	1542	1758	1827	1863	2037	2148	2168	2235	2314	2459	2711	2938	3203	3303	3449	3673	3837	3870	3944	4291	4318	4369	4506	4861	5017	5027	5349	5446	5605	5619	5650	5837	5993	6091	6197	7107	7160	7199	7255	7310	7541	7754	7865	8020	8084	8198	8231	8439	8648	8685	8726	9014	9230	9509	9659	10018	10153	10215	10232	10316
171	1.0	415	4337	5009
172	1.0	4830	7810	9185	9513	9627	10387
173	1.0	50	4494	5157	5272	6262	6589	8777	9841
174	1.0	369	997	1230	1249	1317	1477	1478	1506	1709	2315	2428	2454	2547	2613	3005	3188	3328	3355	3369	3814	3833	3955	4153	4325	4569	4597	4598	4851	4872	5087	5535	5575	5576	5808	5870	5874	5933	6129	6230	6509	6667	6998	7724	7772	7852	8710	8728	8840	8850	9211	9304	9312	9444	9516	9543	9673	9695	10415
175	1.0	110	928	1290	1347	1368	1420	1688	4677	4913	5396	5665	5733	6176	6236	6265	7179	7276	7504	7578	7925	8068	9322	9747	10300	10350
176	1.0	13	37	135	258	799	824	1064	1372	1515	1672	2139	2173	2536	2727	3393	3468	4042	4187	4191	4281	4831	6221	6514	7201	7324	7768	7863	8580	8627	8644	8705	9024	9210	9221	9806	10151	10177
177	1.0	39	58	106	175	502	627	689	720	746	803	1162	1228	1281	1302	1399	1430	1431	1683	1718	1831	1890	1941	1985	1999	2202	2475	2594	2692	2757	2840	3074	3326	3397	3821	3853	3984	4054	4136	4383	4391	4464	4670	5059	5167	5270	5309	5460	5463	5524	5602	5716	5755	5756	5838	5865	5954	6065	6283	6740	6914	7376	7519	7651	7692	7752	7781	7788	7903	8098	8212	8301	8325	8351	8356	8462	8561	8601	8956	9017	9223	9270	9343	9395	9500	9620	9799	9888	9895	9958	10065	10414
178	1.0	660	790	1809	2177	2719	2828	3611	4211	4453	5306	5537	6229	8380	9463	9808	9976
179	1.0	614	781	990	1442	1656	1778	1795	2131	2493	2932	3245	3629	3957	4285	4738	5061	5144	5518	5923	6044	6154	6227	6511	6614	6831	6853	8003	8645	8731	8748	9567	10203	10455
180	1.0	2081	2408	5356	5970	6710	7003	7548	9367	10017	10029
181	1.0	2212	4120	4496	5393	5617	5773	6564	7053	7220	7939	8615	10130
182	1.0	33	212	225	507	752	1011	1018	1346	1489	1567	1664	2245	2319	2366	2487	2666	2668	2744	2816	2880	3228	3384	3507	3561	3662	3734	3804	3822	3858	3875	3933	4038	4402	4430	4572	4808	4835	4984	5170	5354	5375	5819	6068	6225	6383	6651	6770	6785	6839	7205	7263	7436	7464	8118	8156	8261	8281	8315	8361	8476	8510	8559	8704	8906	9165	9219	9366	9771	9792	9881	9905	9906	9939	9948	10044	10171	10292	10369
183	1.0	103	170	236	243	376	595	711	864	993	1070	1268	1729	1992	2021	2204	2338	2741	2861	3290	3299	3310	3313	3436	3650	3651	3695	4158	4348	4718	4737	4790	4796	4949	4979	4988	5019	5074	5285	5372	5426	5566	5709	5788	6045	6114	6274	6304	6453	6677	6947	7085	7591	7794	7989	8128	8735	8817	8941	8955	9070	9222	9249	9282	9457	9626	9710	9760	9852	10116	10254	10407
184	1.0	292	321	893	946	1156	1509	1622	1743	1886	2022	2097	2259	2846	2967	2990	3194	3395	3691	3855	4266	4378	4384	5046	5118	5569	5764	5891	6524	6579	6714	6804	6805	8052	8268	9199	9648	9704	9930	9959	10247
185	1.0	331	930	1582	3613	6135	7517	7763	10409
186	1.0	217	718	1066	1197	1275	1568	1837	1869	2170	2321	2858	2906	2923	2992	3154	3434	3672	3706	3753	4099	4165	4339	4758	4834	5096	5623	6046	6318	6956	7237	7245	7435	8105	8159	8240	8451	8494	8618	8802	9619	9727	10015	10139
187	1.0	148	384	643	710	1023	1170	1236	1270	1887	1913	1988	2190	2602	2630	2971	3127	3686	3704	3720	3723	3755	3798	4034	4067	4244	4313	4672	4815	4865	4876	4892	5106	5294	5374	5514	5899	6151	6330	6458	6599	6646	6668	6697	6709	6815	6955	6960	6990	7000	7109	7117	7168	7400	7430	7529	7575	7710	7890	7910	8025	8470	8565	8814	8917	9047	9055	9273	9295	9339	9458	9527	9991	10202	10438	10450
188	1.0	434	482	608	618	662	700	800	831	851	986	1120	1158	1224	1239	1299	1486	1539	1547	1644	1657	1719	1805	1871	1904	1970	2113	2215	2273	2457	2460	2469	2786	2789	2798	3087	3145	3153	3179	3308	3566	3645	3824	3866	4368	4466	4544	4648	4803	4864	5117	5166	5308	5476	5588	5757	5855	5929	6102	6189	6209	6251	6344	6413	6421	6503	6510	6525	6817	6964	6997	7062	7269	7370	7573	7945	7949	8087	8334	8344	8449	8481	8588	8723	8841	8914	9158	9257	9381	9456	9756	9774	9810	9818	10025	10055	10167	10210	10241
189	1.0	644	1215	1559	1969	2042	2208	2335	2928	3382	3587	4227	4306	4377	4664	6933	7089	7490	7721	7993	8247	8722	10253	10272
190	1.0	4530	6415	10288
191	1.0	3750	4535	7836	8320	10449
192	1.0	189	306	640	1092	1163	1269	1305	1512	1549	1889	1910	1923	2226	2277	2280	2636	2849	2986	3233	3257	3262	3268	3520	3953	4049	4319	4372	4420	4559	4867	5218	5407	5981	5989	6077	6249	6266	6275	6478	6484	6538	7177	7393	7610	7778	7871	8227	8255	8805	8822	8832	9309	9328	9549	9751	10117	10196	10200	10402	10474
193	1.0	0	1126	1208	1595	1708	1776	1850	2101	2347	2387	2691	2835	2873	3095	3099	3483	3567	3627	3659	3722	4096	4137	4327	4652	4761	4947	4980	5094	5159	5322	5413	5579	5584	5589	5790	5975	6092	6210	6382	6547	6548	6621	7406	7700	7773	7872	7934	7950	7999	8189	8243	8372	8385	8640	8750	9060	9236	9982	10242	10279	10340	10363
194	1.0	62	101	446	876	1621	1860	3173	4794	4868	4983	5317	5567	5698	5818	6822	6919	7248	7511	8852	8996	9015	9512	9855	9996	10330
195	1.0	100	255	294	658	756	823	827	872	905	1008	1022	1044	1082	1311	1362	1425	1498	1915	1990	2515	3048	3140	3227	3405	3649	3732	3841	3978	4130	4301	4433	4446	4487	4539	4693	4787	4946	5052	5090	5206	5387	5628	5687	5701	5714	5734	5857	5916	6134	6184	6339	6457	6528	6575	6600	6619	7185	7193	7236	7438	7565	7731	7891	8108	8150	8242	8260	8364	8468	8526	8697	8820	8821	8924	8966	9302	9314	9336	9750	9836	9933	10041	10060	10083	10256	10401	10431	10453
196	1.0	214	341	361	363	484	491	737	768	845	885	1088	1117	1198	1200	1375	1395	1444	1696	1955	1966	2003	2154	2161	2620	2955	3349	3435	3882	3996	4548	4700	4735	5128	5242	5330	5348	5418	5792	5918	6019	6352	6437	6592	6760	6840	6860	7005	7210	7568	7735	8406	8737	8873	8990	9234	9325	9400	9409	9462	9507	9615	9716	9921	9925	9935	10115	10433
197	1.0	2644	6026	7488
198	1.0	2952	6260	6771
199	1.0	154	496	549	555	607	667	901	1574	2089	2870	3548	3558	3956	4840	4986	5016	5243	5336	5797	5802	6348	6399	6512	6644	6682	7052	7626	7676	7809	8112	8403	8713	9653	9654	10308
200	1.0	570	886	1153	1922	3215	3242	3606	3830	4276	5290	5807	6223	6391	7748	7914	8258	8806	9019	9708
201	1.0	199	207	278	290	354	393	521	523	565	626	647	748	817	975	1274	1284	1434	1546	1609	1679	1766	2302	2665	2822	2868	2951	3032	3094	3198	3281	3304	3334	3461	3498	3815	3905	4106	4355	4418	4422	4537	4557	4676	4805	4848	4905	4920	5035	5067	5314	5541	5732	6040	6159	6173	6240	6370	6517	6532	6585	6801	6826	6870	6944	7025	7142	7154	7279	7383	7428	7674	7827	7848	8014	8569	8633	8858	8910	8923	9063	9464	9640	9734	9964	10037	10049	10277
202	1.0	71	76	524	769	771	899	1108	1188	1241	1412	1426	1523	1663	1676	1747	1861	1929	2570	2966	3166	3219	3785	4107	4403	4477	4567	4697	4833	4878	5135	5151	5274	5467	5490	6029	6064	6613	7091	7232	7481	7489	7555	7584	7640	7659	7723	7729	7854	7981	8689	9076	9148	9215	9361	10092	10123	10149	10364
203	1.0	295	311	654	671	830	844	859	1159	1319	1855	1996	2092	2194	2379	2490	2555	2651	2670	2686	2902	3263	3625	3926	4354	4406	4922	4944	5248	5545	5736	5854	6027	6362	6545	6846	6888	6948	7508	7627	7849	7935	8239	8427	8431	8441	8495	8498	8524	8543	8573	8946	9089	9104	9172	9490	9590	9605	9663	9686	10398
204	1.0	25	234	322	371	392	690	717	855	881	1083	1097	1272	1389	1681	1738	1857	1948	2029	2038	2360	2531	2580	2637	2722	3073	3199	3451	3460	3661	3674	4088	4205	4361	4376	4388	4389	4429	4458	4618	4715	4885	5030	5097	5276	5597	5611	5654	5825	5834	6216	6655	6670	6692	6734	6757	6911	6922	7156	7364	7666	8090	8127	8444	8545	8669	8729	8786	8816	8833	8969	8974	9043	9056	9061	9173	9207	9233	9286	9324	9569	9649	9652	9802	9833	9882	9893	10067	10194	10342	10353	10392	10413
205	1.0	54	281	458	693	732	919	1137	1398	1461	1520	1554	1605	1608	1800	1853	1891	2156	2176	2552	2639	2855	2869	2995	3022	3071	3078	3144	3413	3533	3583	3867	3950	4066	4082	4104	4116	4449	4490	4519	4554	4593	4889	5086	5092	5093	5168	5212	5366	5437	5538	5636	5673	5783	6030	6123	6276	6282	6428	6464	6586	6724	6730	6758	6779	6786	6802	6827	6952	7096	7432	7634	7929	8132	8187	8368	8465	8544	8701	8791	8874	8877	8897	9190	9327	9431	9522	9992	10040	10226	10345	10375	10422
206	1.0	26	256	505	665	761	788	978	1154	1177	1316	1381	1459	1562	1565	1721	1823	1875	1894	1912	2015	2100	2409	2412	2776	3129	3183	3538	3589	3647	3682	3683	3719	3873	4047	4110	4257	4495	4826	5202	5225	5231	5346	5384	5653	5691	5893	6050	6328	6472	6648	6678	6726	6775	6880	7183	7251	7373	7410	7566	7747	7814	8008	8432	8539	8778	8904	9130	9187	9195	9197	9601	9709	10138	10445
207	1.0	124	455	514	617	745	889	1065	1253	1350	1591	1733	1845	1878	1901	2041	2268	2296	2629	2834	2881	3385	3411	3775	3790	3803	4021	4129	4363	4524	4777	4859	4898	4912	4919	4943	4953	5024	5122	5217	5318	5471	5727	5824	6076	6384	6602	6759	6776	6783	6810	6821	7387	7636	7740	7805	7893	7900	8181	8234	8714	8773	8792	8875	8945	9114	9306	9432	9560	9565	9573	9680	9950	9966
