1	1.0	5171	10295	1497	766	4577	4221	4704	7306	2593	4141	8499	284	8430	4333	2857	7960	127	3038	4233	1829	9575	3565	9577	6317	2141	2419	397	10432	9717	834	7633	9388	5689	1231	8208	2281	4194	4192	245	10039	6424	6425	3396	2573	9538	9965	1243	9790	1005	435	3617	9032	3697	6165	1631	7153	4744	734	2685	3600	1216	3524	10013	93	4371	3283	161	4839	5223	7161	1106	9943	6698	3968	2860	559	5119	10162	9225	7571	6553	1611	324	4842	10264	770	3623	3190	7023	6978	3918	5531	4502	7108	4462	6372	1289	4995	4991	4549
2	1.0	1141	5176	2788	3049	4023	3408	871	691	5580	8211	6325	5844	2150	8715	7510	1466	3859	8336	5510	1959	9170	7257	7259	6799	8978	7720	2062	9169	8036	3141	7034	396	6149	10238	10125	2309	5253	4280	836	6515	1527	7	9788	4962	913	5000	1338	3746	9082	1933	2836	9643	6845	4296	9412	1531	1660	8500	8051	10410	10307	2191	8342	5133	4538	1427	3367	4822	5780	2583	8069	9138	7643	9629	8577	3726	5425	862	3441	8585	8078	5648	6898	9051	2135	7075	6100	8525	5163	3621	3622	5201	9192	4729	8417	5830	5443	4663	686	1767
3	1.0	9205	8424	10066	1261	7227	4782	8865	3552	7305	5377	347	9932	10051	2927	7319	5598	4485	9574	7722	6319	375	6595	6598	6859	4208	111	5499	7131	3676	6388	7972	4282	796	1711	9383	9679	6067	1019	1013	2768	8758	4196	3744	7624	5484	1980	8895	7708	5973	2372	10144	9241	2456	3757	2618	6535	10022	3212	6767	1586	181	186	2367	3521	9237	9020	3280	5345	6292	6195	9854	1517	9617	887	3903	2633	3060	9598	10473	3733	7673	1893	5355	877	4003	2349	7776	2504	145	208	779	7947	4799	8794	3425	470	8643
4	1.0	8423	7819	7221	497	8095	2520	5626	4904	932	7750	4888	8142	2856	7042	8532	5998	7606	4407	8469	1413	2794	4329	597	982	6985	9651	7035	4659	2989	5505	6662	10335	7738	9784	2445	3588	10228	1936	1939	7707	8951	31	8958	5976	5039	8210	336	8743	3802	10385	179	9039	3213	5236	5867	9334	8107	7359	5344	4526	5224	9438	2517	7401	7403	2735	7291	9348	6891	6890	5215	3014	5211	8404	5357	6345	4694	5724	3971	9952	1278	9356	8646	4465	6862	2333	5635	5630	355	8853	4855
5	1.0	2963	4127	6120	8474	4226	7300	9832	9284	7056	1944	2152	2247	7800	2466	1957	264	10444	268	9669	6016	6560	2669	2149	5015	2478	8263	8687	6084	5257	8885	3478	911	529	4498	10223	2574	4421	7829	4534	6836	577	7346	1907	8114	4061	3690	3361	9401	650	3081	2431	6808	9290	9029	4609	6951	4601	1189	19	3443	6290	8936	7762	8835	9454	9107	3634	10367	7832	7671	6341	6555	1854	2036	6224	8167	204	7668	9218	3353	8558	8241	1287	1976	3331	3111	7184
6	1.0	8388	1263	2845	6127	4022	495	10181	7055	1370	2402	811	1467	7756	6247	1799	7398	1954	6442	6717	3338	1958	1063	2600	3825	5394	980	7032	3679	112	8522	8521	1488	4550	520	4966	5681	6303	2446	4197	8456	5488	10036	2044	1646	5083	2672	8811	6078	3591	9739	9342	10023	8124	7983	8245	5863	8591	1352	2628	1647	6800	7647	9584	9866	3204	6407	2891	3963	3906	7173	7171	5526	4611	6703	2940	6419	6187	1569	9496	1119	9352	613	8797	4660	943	3987
7	1.0	6819	8171	8608	3711	1129	4747	760	2197	5031	4448	8106	4574	5745	10381	9013	7039	9054	10457	1713	6264	6052	7717	2544	4000	7630	4414	6280	3195	3362	8319	289	8611	4976	342	6	3860	452	3386	9725	5007	1452	6970	1233	5389	6491	2787	9692	8553	8284	6885	8721	8337	8971	9483	8952	2957	2184	5042	4375	6011	3205	7068	2271	1280	9901	1061	4643	4214	23	2181	6657	1470	1661	5791	1313	920	2061	7528	488	5911	2216	6695	5550
8	1.0	3270	1300	2960	8253	4087	5398	315	2917	7139	6721	2809	5666	10213	10239	5949	5076	6707	1879	8192	3519	3554	5629	4512	4783	7050	7392	320	7590	5784	7695	1658	2405	7539	3278	4910	9684	6365	1040	1986	8514	888	8224	2939	8756	1151	10052	9728	1136	7353	9291	9847	126	4564	6633	1178	9980	1436	6977	4151	6542	8164	3288	1726	5424	3624	1974	4134	2556	7339	10461	4499	2004	1865	8851	2791	1380	2251	1538
9	1.0	8035	2596	2438	8628	6850	6967	1340	2956	742	10399	9811	4101	8987	4025	3412	7116	10234	5766	7204	9494	6938	492	6166	9150	3787	625	7719	2340	7267	5439	5279	7072	956	3871	3084	917	9936	9503	2012	1212	5064	1210	6973	6829	299	9375	3919	6958	6638	3522	2765	5320	7126	6843	5759	1938	7907	8188	1643	6959	6033	5301	1556	6561	8994	8830	8767	2538	5850	6332	1558	2257	2695	6215	2354	7967
10	1.0	10141	4302	5391	3770	744	2612	6865	6161	7113	6722	7652	8138	1925	3502	7912	3737	9305	6163	9435	6871	9758	7368	2542	7095	9914	3028	5529	3359	2351	733	5563	1	526	1457	7690	5868	327	931	427	1114	4062	7802	8371	8066	8314	7008	8330	4359	4608	4795	8410	10112	6934	8236	5953	3019	1626	4529	7446	1727	2080	7587	4073	7569	3155	5693	3842	9511	6741	2530	6302	2064	6659	377	9002
11	1.0	6855	1226	153	7200	5112	8259	1125	4241	115	5742	6126	6381	6549	5139	7226	4578	9167	4343	3291	9144	2805	3557	4344	4162	3550	7077	9835	9402	4982	4596	6321	7988	1322	6094	349	8929	8847	5458	8222	6588	4213	1808	2738	9255	8397	8153	7866	6732	4443	8311	7623	8005	8795	4779	4398	4759	6794	6792	7239	3381	4015	7600	1680	2358	8317	7746	1635	2699	8340	9579	1406
12	1.0	1348	6857	6837	2718	196	9102	10323	2694	10237	5749	2800	10252	6389	5643	6539	8096	5829	4724	6660	5455	8493	6206	4520	5058	9045	9548	7693	6020	9883	706	8965	7980	774	144	2877	7524	9355	6199	1355	9376	5519	5994	4444	2959	5659	10426	4791	7825	4811	6355	2844	6540	7607	6753	51	7725	809	8839	9885	6133	296	1872	7543	8398	4381	4999
13	1.0	3773	2901	9267	8250	2611	8603	337	9674	9856	10454	4109	9712	9053	7178	10412	3368	7450	3250	7596	6471	2138	1989	325	1464	7613	7751	7554	630	9603	7396	1217	6270	10287	5023	461	329	3741	99	4621	3330	10462	9820	5125	1973	9311	842	2498	5800	6243	5594	7974	7064	942	6798	4911	8418	1388	6743	5810	6687	2252	6665	7688
14	1.0	2710	4265	9238	5546	8213	10124	661	132	137	6606	6456	3306	2236	9873	4222	3046	5465	2024	7301	1771	7241	674	9816	7491	3571	3857	3181	739	4863	1755	5686	5638	1566	2224	8163	3913	9066	2851	2854	9377	3131	10229	9585	5379	6093	6485	5183	6138	2553	5403	7144	5189	7164	4957	2068	9411	3423	8666	511	7225	687	7769
15	1.0	1788	3922	6830	5508	5018	4180	8383	9103	2654	5661	6895	10456	4653	10026	9658	4615	3259	5823	7244	5583	518	1428	1580	1039	403	749	8734	6863	2264	2910	3879	3836	7608	7564	9007	6194	4507	8699	684	8471	1598	4230	3465	3394	6541	1994	2491	7314	3503	4523	5241	9410	6565	7527	9586	1479	9555	4998	6380
16	1.0	2778	989	3924	8177	6968	2650	8620	10290	8566	5213	9860	6924	7118	2942	6923	5053	2784	4046	5888	10084	6688	2640	180	652	8828	3653	10135	2447	7806	6828	5032	2448	8186	2775	6930	6910	6443	9000	90	8679	3640	7730	906	8960	6519	7604	6488	6291	7427	7760	9416	1475	2187	237	7545
17	1.0	4303	9260	7812	8030	2297	1203	6608	131	8299	7831	10103	8542	5772	5708	1715	1638	1730	4726	7593	7150	326	8309	4594	6063	1378	188	3097	147	3977	8515	8434	1310	1157	2703	2287	2646	6719	486	9647	7125	2977	2975	2499	9448	4937	6552	8706	1687	2560	648	7461	7466
18	1.0	699	10460	3638	6834	5191	10303	2739	5078	8681	9752	2948	9164	5640	173	6920	6081	2323	2883	5416	2714	7158	838	5624	3023	2984	182	8614	1113	3975	343	6361	6069	3834	10319	3810	2968	6521	4239	6630	8267	223	4508	7843	2331	5121	6793	4132	3505	2588	2533	1914	7509
19	1.0	6583	9299	9610	865	130	6455	7228	8135	2806	3419	1832	8864	3383	2885	2227	3366	6559	541	481	5922	545	422	7698	1460	9687	7395	2724	8249	5530	263	3150	5464	2185	6529	4370	7120	5405	3086	7318	1625	8083	6777	5304	3112	4566	8764	8304	3192	6070	3692	1417
20	1.0	1143	593	215	8237	8507	858	8741	6168	6534	259	3273	2199	8110	5725	4978	3452	3216	4164	6576	5941	6349	6666	5547	1736	7694	2248	5429	7887	2443	9276	8049	10159	8518	9191	6915	9765	5103	1806	7148	4298	5440	1820	7582	1240	8482	7423	4587	8769	8139
21	1.0	4243	3888	5660	3065	8688	6113	5760	5385	8436	3125	2155	7521	9149	6807	7471	5861	287	5862	1234	1314	10337	4274	443	716	4253	9080	9005	4623	4035	10240	10010	3391	3884	2125	6568	5260	5421	5324	3015	7469	6311	6239	9436	3985	2377	1002	7402
22	1.0	3593	5220	9203	704	1201	9208	8463	5523	5473	3309	4769	6702	8546	3595	3551	3473	1074	754	7366	1256	9562	6324	1034	3664	992	6917	7665	79	5776	7704	1026	7444	3377	4392	56	7061	5615	10106	7046	3962	9944	8919	897	10086
23	1.0	9123	3927	5037	8059	3908	3490	4186	9186	8349	8986	5525	9711	2545	5350	3430	45	7328	4125	7635	1501	6308	424	2116	1096	750	612	1336	4500	4543	9706	9484	4682	783	4074	10094	2890	7992	4915	4762	645	1532	3960	2690	3031
24	1.0	7283	6591	5637	1145	767	8119	7382	6873	8540	4617	5501	7499	7619	4679	8032	232	185	1397	9057	3993	3580	9275	7336	2852	9083	6152	6883	9845	8001	4792	1880	7273	7589	4918	5300	7145	2896	10019	867	1571	2513
25	1.0	6961	9202	3618	8214	4478	4457	5503	2781	4828	7189	5723	3797	6104	5278	3570	156	1522	7415	6306	1173	4218	1276	6991	8333	5991	9179	6526	5047	8266	4351	7868	7419	2899	6109	9900	7347	6462	1846	5741	2790	5910
26	1.0	10142	2638	5298	6966	10068	6723	6727	8891	2680	10458	7879	1161	6261	6284	4121	2904	7099	7888	9938	7737	2502	7477	1995	3818	1318	5735	1494	7233	9989	6739	7782	5774	3070	3463	4423	2310	7709	537	1998	1667	4620
27	1.0	4262	2472	6811	5034	5095	60	3666	8981	6899	1815	4382	7617	1194	1962	8796	812	1751	449	996	2704	1594	5751	5675	3335	3077	6022	8288	3134	4751	5557	53	4014	2025	8911	7995	1007	1972
28	1.0	9096	9451	499	9631	8327	10020	9871	5415	6550	9288	1078	3432	4674	1963	1524	8220	5001	582	2813	4881	10174	8552	3336	1810	8856	5041	10032	1724	34	8913	5129	2108	5919	1363	8975	6155	2090
29	1.0	9602	8278	399	7712	2326	4699	1856	8717	2262	8962	9468	912	4310	1176	2584	9274	2462	2386	7399	8596	4685	9028	9178	3725	3562	5347	6422	16	2339	6501	6117	4400	8890	4481	3961	8587
30	1.0	602	195	9240	1342	663	6982	2632	6708	6969	5504	9160	9495	7325	3518	1812	1583	3101	7413	2383	1095	2811	2451	6887	7649	4052	9397	1042	6354	694	4404	5369	8180	6132	4246	298	8854
31	1.0	2779	6962	9341	10328	2291	333	8429	7280	4220	1903	4341	5655	850	4145	3052	5625	5621	7982	7938	9979	3811	894	5386	5147	2641	385	6527	3352	9213	332	1599	2213	9903	7162	9963
32	1.0	4081	8217	8401	176	10346	6908	6188	5542	4004	6204	8483	187	1504	1655	5161	10265	5281	5069	10390	9666	6523	9194	8531	9849	6957	4505	6398	1624	3376	2754	9570	7181	408	5204
33	1.0	8918	229	8157	8381	7030	8563	8300	6082	7386	7616	4740	4948	4269	8593	1035	7290	9136	637	1668	7669	9766	1867	1868	10225	9231	5952	4079	4755	1752	2397	5695	1006	922
34	1.0	9074	2863	594	114	8173	6701	8527	4044	2568	5434	4807	7051	10189	6761	7512	1377	9787	5908	8592	2288	3835	1090	8102	2153	5339	9623	9198	8027	3886	9924	3421	1242	6198
35	1.0	3920	2907	9200	2843	3040	8341	1544	1714	3347	6220	9972	2211	5680	10136	10266	460	7625	8799	5108	7966	10030	5836	6546	966	3202	8831	2378	1103	7041	1003	2371	9889
36	1.0	6854	3710	6103	3493	4637	9012	235	1905	5645	7837	7456	2207	6473	952	3218	5359	5847	638	4590	7513	5841	2705	10016	5105	6346	6217	1476	8760	3098	7998	5859	359
37	1.0	5013	1781	10047	5744	2829	9307	2804	9772	1775	4518	5353	2888	2221	7470	2076	636	1351	5779	9193	9741	5045	9008	3428	7213	3889	5422	7556	3986	9518	3523
38	1.0	8219	9612	3320	7229	7342	9042	10251	5050	84	2325	9285	4124	4028	3762	7295	4198	9338	6447	9986	3057	7443	7705	5263	6347	1648	5268	2393	413	7901
39	1.0	8050	8031	218	6905	4454	2807	3439	5254	7716	2483	3792	1031	7808	2700	9440	7867	6718	3284	8026	3782	3464	5184	7065	9719	2752	1686	6031	682
40	1.0	8360	2590	3639	628	4326	4767	9917	4417	3175	43	8921	1379	2817	8512	9359	5739	3333	5468	10227	8354	5365	2410	1768	410	6193	8837	293	7689
41	1.0	8057	8744	575	2801	1900	6571	4698	2549	7260	4007	914	7533	1448	442	5533	1596	10038	3641	1849	3786	1705	4393	8730	8487	9830	8976
42	1.0	3902	1168	2769	5520	7111	5743	9655	3042	2225	7478	5781	6202	1376	9460	8433	3137	3139	4352	5651	10090	1640	7069	6213	5931	4970
43	1.0	7816	10322	8745	5740	10341	9052	5492	1945	406	2171	1793	5556	3130	102	8696	5481	1993	3541	782	2129	5713	4396	4836	6774	2392
44	1.0	3168	8238	9329	4020	5138	7130	1896	4723	546	4963	9540	8141	9843	1492	7106	70	7846	7219	6404	3966	1473	2394	4209	5696
45	1.0	6496	9536	7024	6858	9033	5669	6640	1526	1447	3186	10262	10154	3910	7861	387	9791	6715	8246	4812	6353	10099	5409	1535
46	1.0	7287	3599	5331	8529	10470	4612	3009	7958	4690	7795	5984	8718	2621	9069	2979	2121	4439	3012	4667	9048	439	1458	6035
47	1.0	4248	1343	3286	7172	8274	172	2524	8888	1617	1735	9353	9134	3210	1707	4405	3114	4290	2539	2006	2519	510	2350
48	1.0	1328	7138	979	10343	7835	7915	854	4801	7094	5256	5456	6474	916	2039	3932	3547	4668	5831	7316	7217	1518	8972
49	1.0	1645	868	621	2980	3823	8100	8636	5283	6764	4522	2453	10188	6675	3921	1678	1759	4606	6118	3069	3103
50	1.0	6334	3456	3109	603	7853	4309	3495	1960	2567	429	3093	7955	9504	8600	5479	9491	10420	6706	8809	3989
51	1.0	1128	5951	2474	8399	10327	200	6664	610	2423	10133	10391	3321	828	7483	2233	8488	8668	7826	9214	8657
52	1.0	10321	2526	4277	7714	483	5022	2222	3898	5193	3437	3274	3525	4669	6531	7542	9493	2266	5482	4461
53	1.0	3699	5595	7703	7447	6469	1601	3511	4010	9443	6992	8623	2743	8812	9878	4634	513	6872	7667	1109
54	1.0	10143	448	1983	48	10182	6806	5543	4536	141	3221	4823	1438	9807	5116	4933	2510	504	7904	5341
55	1.0	6258	9528	6768	9370	9269	3229	3187	9650	1956	7656	2973	8790	4467	2178	10421	3365	1742
56	1.0	5187	2884	2272	8754	2470	5305	8076	8659	450	6386	3982	6211	9941	1576	9969	6053	7389
57	1.0	5012	318	2043	5175	9259	5230	556	609	10009	7986	9035	7902	9993	924	8416	8121	480
58	1.0	753	5172	2812	1649	2598	8617	4240	3171	4619	5796	108	9897	2142	1029	4533	3532
59	1.0	2541	4990	3200	3863	4334	3594	211	7957	4857	2415	7620	5553	7770	8695	1462
60	1.0	8232	3667	4263	4170	772	4754	8088	15	9894	536	8551	10230	6609	3292
61	1.0	2465	7297	1584	10281	472	3001	6912	2353	8453	4613	10100	2682	3983
62	1.0	2476	4177	7390	2557	535	9813	9403	1697	5203	6323	6700	6164	1020
63	1.0	9396	5250	3512	3696	5457	8985	1367	588	489	10126	8117	2066	6034
64	1.0	10400	1199	3392	9084	6907	1038	6720	7525	128	4604	348	7407	935
65	1.0	9293	3546	2364	2318	5197	5620	8567	5333	6214	2196	923	9542	3781
66	1.0	1949	6784	1283	4809	2034	9763	382	8490	246	2300	6375	4460
67	1.0	7132	5454	9476	3684	3400	1493	9973	8296	5124	2263	4638	7869
68	1.0	2239	4717	5340	7579	6996	52	9761	7417	4286	6918	1603	9934
69	1.0	5406	5262	4043	6502	6136	7355	9587	9880	4358	92	7307
70	1.0	10089	4321	8606	1606	8307	9561	8712	3096	4595	4237	1248
71	1.0	8871	8034	3763	7093	2819	1028	743	1659	5853	9321	10218
72	1.0	1977	1341	3573	262	7954	3528	6115	5915	423	9524	4961
73	1.0	10070	3776	4068	9372	7540	3223	8702	6671	933	9621	5833
74	1.0	4259	5448	8226	9287	3388	8934	2026	1864	512	4551
75	1.0	10063	8362	7813	971	3251	5233	5573	7468	178	2627
76	1.0	10184	10411	6995	9254	8752	1794	9515	444	8724	9426
77	1.0	2201	6497	7293	5363	1076	9159	3324	547	4589	2516
78	1.0	5063	898	2934	1967	5901	9664	2157	7985	4585	10463
79	1.0	7933	3496	3738	10198	6438	121	2180	9466	8739	5799
80	1.0	7331	2420	814	5571	5334	3703	2099	7134	4588
81	1.0	4977	2455	9857	8775	9059	7558	6122	826	7197
82	1.0	1068	9839	10331	3543	5441	3402	4844	1392	162
83	1.0	1094	4045	1174	10075	9534	2985	4895	9320	5999
84	1.0	6403	601	4133	4896	10216	1570	5965	6246	2250
85	1.0	9731	5955	583	4925	194	2283	8823	1906	7796
86	1.0	4874	2486	2311	7479	7919	7198	2755	222	9981
87	1.0	3669	10302	4580	2094	4584	8597	5699	8541	3314
88	1.0	5158	9600	7576	7494	61	7437	8604	7727
89	1.0	6587	4360	6000	10286	3252	1650	8768	4340
90	1.0	1423	6823	4016	3256	5948	2751	1030	7726
91	1.0	3616	581	10310	7496	9523	1757	4956	7010
92	1.0	1221	8511	4511	1579	9465	8475	8859	1403
93	1.0	2147	7335	4870	5280	1839	8480	8571	656
94	1.0	7711	1859	4924	5302	2118	5477	10361
95	1.0	8375	4941	2219	2380	7514	7036	2077
96	1.0	4175	8037	6286	7764	8479	1763	8130
97	1.0	1770	7063	7175	7022	2164	7028
98	1.0	6298	8386	9025	1693	3410	2110
99	1.0	9726	6813	4959	389	2071	5977
100	1.0	5267	3225	6281	7559	6241	9235
101	1.0	1164	14	954	3844	9776	8819
102	1.0	9447	7261	5882	394	4202	171
103	1.0	1555	8749	9362	1720	9141	6256
104	1.0	639	10418	120	5873	7767	554
105	1.0	4654	4891	3796	8725	5572
106	1.0	525	4040	2537	1056	10021
107	1.0	3123	8672	7715	10395	6658
108	1.0	6277	3705	3380	4143	695
